Phone timestamp;HR [bpm];HRV [ms];Breathing interval [rpm];
2026-03-31T17:19:45.937;156;4,8
2026-03-31T17:19:46.934;156;4,8
2026-03-31T17:19:47.896;156;4,9
2026-03-31T17:19:49.818;156;4,9
2026-03-31T17:19:51.733;156;4,9
2026-03-31T17:19:51.735;156;4,9
2026-03-31T17:19:53.169;156;4,9
2026-03-31T17:19:53.170;156;5,1
2026-03-31T17:19:54.096;156;5,1
2026-03-31T17:19:55.057;156;5,1
2026-03-31T17:19:57.496;156;4,9
2026-03-31T17:19:57.497;156;4,9
2026-03-31T17:19:58.459;156;1,7
2026-03-31T17:19:58.896;156;1,7
2026-03-31T17:19:59.899;156;1,6
2026-03-31T17:20:00.858;156;1,6
2026-03-31T17:20:02.256;156;1,5
2026-03-31T17:20:03.242;156;1,5
2026-03-31T17:20:05.177;156;1,4
2026-03-31T17:20:05.178;157;1,0
2026-03-31T17:20:06.119;158;1,2
2026-03-31T17:20:07.088;159;1,2
2026-03-31T17:20:08.053;158;1,1
2026-03-31T17:20:09.016;158;1,3
2026-03-31T17:20:09.981;158;1,2
2026-03-31T17:20:10.939;158;1,3
2026-03-31T17:20:13.334;159;1,3
2026-03-31T17:20:13.335;159;1,2
2026-03-31T17:20:14.294;159;1,3
2026-03-31T17:20:15.257;159;1,3
2026-03-31T17:20:16.221;159;1,4
2026-03-31T17:20:17.179;159;1,3
2026-03-31T17:20:18.132;159;1,3
2026-03-31T17:20:19.095;159;1,3
2026-03-31T17:20:20.060;158;1,3
2026-03-31T17:20:21.019;159;1,3
2026-03-31T17:20:22.463;158;1,3
2026-03-31T17:20:23.411;158;1,2
2026-03-31T17:20:23.894;158;1,3
2026-03-31T17:20:25.337;158;1,2
2026-03-31T17:20:26.295;158;1,2
2026-03-31T17:20:27.254;158;0,9
2026-03-31T17:20:28.214;159;0,8
2026-03-31T17:20:29.655;159;0,8
2026-03-31T17:20:30.095;159;0,8
2026-03-31T17:20:31.100;158;0,6
2026-03-31T17:20:32.538;158;0,8
2026-03-31T17:20:33.494;158;0,8
2026-03-31T17:20:33.936;157;0,8
2026-03-31T17:20:34.940;157;0,8
2026-03-31T17:20:35.898;157;0,7
2026-03-31T17:20:36.862;157;0,9
2026-03-31T17:20:38.299;157;0,9
2026-03-31T17:20:39.257;157;1,0
2026-03-31T17:20:40.221;157;1,2
2026-03-31T17:20:41.178;156;1,1
2026-03-31T17:20:42.133;156;1,2
2026-03-31T17:20:43.095;156;1,2
2026-03-31T17:20:44.053;156;1,2
2026-03-31T17:20:45.015;156;1,2
2026-03-31T17:20:45.972;156;1,2
2026-03-31T17:20:46.935;155;1,2
2026-03-31T17:20:48.375;155;1,1
2026-03-31T17:20:48.817;155;1,0
2026-03-31T17:20:51.256;155;1,0
2026-03-31T17:20:51.258;154;1,0
2026-03-31T17:20:53.178;154;1,2
2026-03-31T17:20:53.654;153;1,2
2026-03-31T17:20:54.095;153;1,2
2026-03-31T17:20:55.579;152;1,2
2026-03-31T17:20:56.015;152;1,2
2026-03-31T17:20:56.978;151;1,2
2026-03-31T17:20:57.967;150;1,4
2026-03-31T17:20:58.934;148;1,5
2026-03-31T17:20:59.895;147;1,7
2026-03-31T17:21:00.853;146;1,7
2026-03-31T17:21:02.291;144;1,8
2026-03-31T17:21:05.170;144;1,8
2026-03-31T17:21:05.171;143;1,7
2026-03-31T17:21:05.172;142;1,7
2026-03-31T17:21:06.133;141;1,8
2026-03-31T17:21:07.095;140;2,0
2026-03-31T17:21:09.019;139;2,0
2026-03-31T17:21:09.020;138;2,0
2026-03-31T17:21:10.453;137;2,2
2026-03-31T17:21:11.894;136;2,1
2026-03-31T17:21:11.895;136;1,9
2026-03-31T17:21:14.772;136;1,9
2026-03-31T17:21:14.773;136;1,9
2026-03-31T17:21:16.694;134;2,3
2026-03-31T17:21:16.695;133;2,4
2026-03-31T17:21:17.132;132;2,5
2026-03-31T17:21:18.138;130;2,5
2026-03-31T17:21:19.099;130;2,4
2026-03-31T17:21:20.053;130;2,3
2026-03-31T17:21:21.974;130;2,3
2026-03-31T17:21:21.975;131;2,3
2026-03-31T17:21:22.934;131;2,2
2026-03-31T17:21:23.894;130;2,1
2026-03-31T17:21:24.858;130;2,2
2026-03-31T17:21:26.288;129;2,2
2026-03-31T17:21:27.253;128;2,2
2026-03-31T17:21:28.693;128;1,8
2026-03-31T17:21:30.133;128;1,6
2026-03-31T17:21:30.619;129;1,6
2026-03-31T17:21:31.057;129;1,4
2026-03-31T17:21:32.052;128;1,3
2026-03-31T17:21:33.016;128;1,3
2026-03-31T17:21:33.974;128;1,3
2026-03-31T17:21:35.417;128;1,4
2026-03-31T17:21:35.856;128;1,4
2026-03-31T17:21:36.856;128;1,4
2026-03-31T17:21:38.304;128;1,2
2026-03-31T17:21:39.250;128;1,0
2026-03-31T17:21:40.214;128;1,0
2026-03-31T17:21:41.171;128;1,2
2026-03-31T17:21:42.138;129;1,2
2026-03-31T17:21:43.109;129;1,2
2026-03-31T17:21:44.059;129;1,2
2026-03-31T17:21:45.014;129;1,2
2026-03-31T17:21:45.972;129;1,3
2026-03-31T17:21:46.933;128;1,5
2026-03-31T17:21:48.863;127;1,6
2026-03-31T17:21:48.864;127;1,6
2026-03-31T17:21:50.294;126;1,8
2026-03-31T17:21:51.258;127;1,8
2026-03-31T17:21:52.223;127;1,8
2026-03-31T17:21:53.177;128;2,0
2026-03-31T17:21:54.625;128;1,9
2026-03-31T17:21:55.578;128;1,8
2026-03-31T17:21:56.017;127;2,2
2026-03-31T17:21:57.018;125;2,6
2026-03-31T17:21:57.973;124;2,7
2026-03-31T17:21:59.418;124;2,7
2026-03-31T17:22:00.860;124;3,0
2026-03-31T17:22:00.861;124;3,0
2026-03-31T17:22:02.773;125;2,9
2026-03-31T17:22:03.215;125;2,9
2026-03-31T17:22:04.174;125;2,8
2026-03-31T17:22:05.138;125;2,7
2026-03-31T17:22:06.094;125;2,7
2026-03-31T17:22:07.055;126;2,9
2026-03-31T17:22:08.975;127;2,9
2026-03-31T17:22:08.976;128;2,9
2026-03-31T17:22:09.934;128;2,7
2026-03-31T17:22:10.894;129;2,2
2026-03-31T17:22:11.859;130;2,2
2026-03-31T17:22:12.816;131;2,2
2026-03-31T17:22:14.739;131;2,3
2026-03-31T17:22:15.216;133;2,6
2026-03-31T17:22:16.178;135;2,7
2026-03-31T17:22:17.138;137;2,8
2026-03-31T17:22:18.097;139;3,0
2026-03-31T17:22:19.522;140;3,0
2026-03-31T17:22:20.016;141;3,0
2026-03-31T17:22:20.978;144;3,0
2026-03-31T17:22:21.937;145;3,0
2026-03-31T17:22:23.859;146;3,1
2026-03-31T17:22:23.862;147;3,1
2026-03-31T17:22:24.815;149;2,8
2026-03-31T17:22:26.254;150;2,8
2026-03-31T17:22:27.217;151;2,3
2026-03-31T17:22:28.178;152;2,3
2026-03-31T17:22:29.138;153;2,3
2026-03-31T17:22:30.096;154;2,1
2026-03-31T17:22:31.058;155;1,9
2026-03-31T17:22:32.499;156;1,8
2026-03-31T17:22:32.976;157;1,7
2026-03-31T17:22:33.938;157;1,8
2026-03-31T17:22:34.898;158;1,5
2026-03-31T17:22:35.878;159;1,7
2026-03-31T17:22:36.841;159;1,7
2026-03-31T17:22:38.292;160;1,7
2026-03-31T17:22:39.738;161;1,5
2026-03-31T17:22:40.175;162;1,4
2026-03-31T17:22:42.611;162;1,4
2026-03-31T17:22:42.612;162;1,3
2026-03-31T17:22:43.056;163;1,6
2026-03-31T17:22:44.050;163;1,5
2026-03-31T17:22:45.004;164;1,4
2026-03-31T17:22:45.973;164;1,4
2026-03-31T17:22:46.930;165;1,1
2026-03-31T17:22:47.898;165;1,1
2026-03-31T17:22:48.861;164;1,1
2026-03-31T17:22:50.293;164;1,1
2026-03-31T17:22:51.216;164;1,1
2026-03-31T17:22:52.217;164;1,1
2026-03-31T17:22:53.661;164;1,1
2026-03-31T17:22:54.094;163;0,6
2026-03-31T17:22:55.058;163;0,6
2026-03-31T17:22:56.018;163;0,7
2026-03-31T17:22:57.018;163;0,8
2026-03-31T17:22:57.976;163;0,8
2026-03-31T17:22:58.934;164;0,8
2026-03-31T17:22:59.898;164;0,8
2026-03-31T17:23:00.853;164;0,7
2026-03-31T17:23:02.296;164;0,8
2026-03-31T17:23:03.257;164;0,8
2026-03-31T17:23:04.209;164;1,1
2026-03-31T17:23:05.176;165;1,7
2026-03-31T17:23:06.096;165;1,7
2026-03-31T17:23:07.094;165;1,6
2026-03-31T17:23:08.057;165;1,7
2026-03-31T17:23:09.012;166;1,7
2026-03-31T17:23:09.976;165;1,7
2026-03-31T17:23:10.932;166;1,8
2026-03-31T17:23:11.892;166;2,0
2026-03-31T17:23:12.854;166;2,0
2026-03-31T17:23:14.259;166;2,1
2026-03-31T17:23:15.216;166;1,8
2026-03-31T17:23:16.216;166;1,5
2026-03-31T17:23:17.186;167;1,5
2026-03-31T17:23:18.136;166;1,5
2026-03-31T17:23:19.101;166;1,5
2026-03-31T17:23:20.017;166;1,8
2026-03-31T17:23:21.495;166;1,8
2026-03-31T17:23:21.977;166;1,8
2026-03-31T17:23:22.928;167;1,8
2026-03-31T17:23:23.897;167;1,8
2026-03-31T17:23:24.854;168;1,7
2026-03-31T17:23:26.293;168;2,0
2026-03-31T17:23:27.254;168;2,0
2026-03-31T17:23:28.178;168;2,0
2026-03-31T17:23:29.126;168;2,1
2026-03-31T17:23:30.134;169;1,9
2026-03-31T17:23:32.051;169;1,7
2026-03-31T17:23:32.053;169;1,7
2026-03-31T17:23:32.978;169;1,6
2026-03-31T17:23:33.934;170;1,4
2026-03-31T17:23:34.895;170;1,3
2026-03-31T17:23:36.339;170;1,4
2026-03-31T17:23:36.817;170;0,8
2026-03-31T17:23:38.259;170;0,9
2026-03-31T17:23:39.219;170;1,0
2026-03-31T17:23:40.178;170;1,0
2026-03-31T17:23:41.139;170;0,9
2026-03-31T17:23:42.098;170;0,9
2026-03-31T17:23:43.060;169;1,0
2026-03-31T17:23:44.017;169;1,0
2026-03-31T17:23:45.459;169;1,0
2026-03-31T17:23:45.937;169;1,0
2026-03-31T17:23:46.898;169;0,9
2026-03-31T17:23:47.858;169;0,9
2026-03-31T17:23:48.819;170;0,6
2026-03-31T17:23:50.258;170;0,6
2026-03-31T17:23:51.219;169;0,7
2026-03-31T17:23:52.178;169;0,7
2026-03-31T17:23:53.139;169;0,6
2026-03-31T17:23:54.097;169;0,6
2026-03-31T17:23:55.059;169;0,7
2026-03-31T17:23:56.019;169;0,7
2026-03-31T17:23:56.965;169;0,7
2026-03-31T17:23:57.925;169;1,1
2026-03-31T17:23:59.379;169;1,2
2026-03-31T17:23:59.856;169;1,2
2026-03-31T17:24:01.780;169;1,2
2026-03-31T17:24:02.256;170;1,1
2026-03-31T17:24:03.218;169;1,1
2026-03-31T17:24:04.179;170;1,1
2026-03-31T17:24:05.169;170;1,2
2026-03-31T17:24:06.134;170;1,3
2026-03-31T17:24:07.057;171;1,4
2026-03-31T17:24:08.040;170;1,4
2026-03-31T17:24:08.976;170;1,4
2026-03-31T17:24:09.938;170;1,2
2026-03-31T17:24:10.898;170;1,3
2026-03-31T17:24:11.891;170;1,3
2026-03-31T17:24:12.852;170;1,3
2026-03-31T17:24:14.282;170;1,3
2026-03-31T17:24:15.256;169;1,3
2026-03-31T17:24:16.208;169;1,4
2026-03-31T17:24:17.171;169;1,1
2026-03-31T17:24:18.133;169;1,0
2026-03-31T17:24:19.098;169;0,9
2026-03-31T17:24:21.010;169;0,9
2026-03-31T17:24:21.011;168;1,1
2026-03-31T17:24:22.929;168;1,0
2026-03-31T17:24:22.930;169;1,1
2026-03-31T17:24:23.903;169;1,0
2026-03-31T17:24:24.855;169;1,1
2026-03-31T17:24:26.294;169;1,0
2026-03-31T17:24:27.262;169;1,2
2026-03-31T17:24:28.219;169;1,2
2026-03-31T17:24:30.134;169;1,2
2026-03-31T17:24:30.136;169;1,1
2026-03-31T17:24:31.093;169;0,9
2026-03-31T17:24:32.057;169;0,9
2026-03-31T17:24:32.980;169;0,9
2026-03-31T17:24:33.940;169;0,9
2026-03-31T17:24:34.899;170;0,8
2026-03-31T17:24:35.859;170;0,8
2026-03-31T17:24:36.856;170;0,7
2026-03-31T17:24:38.290;170;0,3
2026-03-31T17:24:39.257;170;0,4
2026-03-31T17:24:40.217;170;0,5
2026-03-31T17:24:41.176;170;0,6
2026-03-31T17:24:42.130;170;0,6
2026-03-31T17:24:43.093;170;0,7
2026-03-31T17:24:44.534;170;0,8
2026-03-31T17:24:45.015;171;1,0
2026-03-31T17:24:45.981;171;1,0
2026-03-31T17:24:46.933;171;1,1
2026-03-31T17:24:47.856;171;1,1
2026-03-31T17:24:48.867;171;1,2
2026-03-31T17:24:50.294;171
2026-03-31T17:24:51.740;171;1,3
2026-03-31T17:24:52.176;171;1,2
2026-03-31T17:24:53.170;171;1,2
2026-03-31T17:24:54.131;171
2026-03-31T17:24:55.096;171;1,2
2026-03-31T17:24:56.054;171;1,4
2026-03-31T17:24:57.021;172;1,7
2026-03-31T17:24:57.990;172;1,6
2026-03-31T17:24:58.898;171;1,6
2026-03-31T17:24:59.859;171;1,7
2026-03-31T17:25:00.819;171;1,6
2026-03-31T17:25:02.259;171;1,6
2026-03-31T17:25:03.219;171;1,6
2026-03-31T17:25:04.178;171;1,5
2026-03-31T17:25:05.138;171;1,5
2026-03-31T17:25:06.099;170;1,3
2026-03-31T17:25:07.060;170;0,7
2026-03-31T17:25:08.020;170;0,7
2026-03-31T17:25:08.977;170;0,7
2026-03-31T17:25:09.938;170;0,7
2026-03-31T17:25:11.379;170;0,6
2026-03-31T17:25:11.857;170;0,5
2026-03-31T17:25:12.820;170;0,7
2026-03-31T17:25:14.257;170;0,8
2026-03-31T17:25:15.219;170;0,8
2026-03-31T17:25:16.178;170;1,0
2026-03-31T17:25:17.140;171;1,2
2026-03-31T17:25:18.098;171;1,2
2026-03-31T17:25:19.059;171;1,3
2026-03-31T17:25:20.019;171;1,4
2026-03-31T17:25:20.978;171;1,4
2026-03-31T17:25:21.937;171;1,4
2026-03-31T17:25:22.898;171;1,4
2026-03-31T17:25:23.859;171;1,4
2026-03-31T17:25:24.818;171;1,3
2026-03-31T17:25:26.259;171;1,2
2026-03-31T17:25:27.220;171;1,1
2026-03-31T17:25:28.178;171;1,1
2026-03-31T17:25:29.158;171;1,1
2026-03-31T17:25:30.128;171;1,1
2026-03-31T17:25:31.098;171;1,1
2026-03-31T17:25:32.050;172;1,0
2026-03-31T17:25:33.016;172;0,9
2026-03-31T17:25:33.938;172;1,0
2026-03-31T17:25:34.895;171;1,0
2026-03-31T17:25:35.857;171;1,0
2026-03-31T17:25:36.820;171;1,0
2026-03-31T17:25:38.259;171;1,1
2026-03-31T17:25:39.220;171;1,1
2026-03-31T17:25:40.178;171;1,1
2026-03-31T17:25:41.140;171;1,1
2026-03-31T17:25:42.100;171;1,1
2026-03-31T17:25:43.042;171;1,1
2026-03-31T17:25:44.020;170;1,1
2026-03-31T17:25:44.980;170;1,0
2026-03-31T17:25:45.942;170;1,0
2026-03-31T17:25:46.899;171;1,0
2026-03-31T17:25:47.848;170;1,2
2026-03-31T17:25:49.779;171;1,4
2026-03-31T17:25:50.257;171;1,4
2026-03-31T17:25:51.219;171;1,5
2026-03-31T17:25:52.180;170;1,5
2026-03-31T17:25:53.139;170;1,5
2026-03-31T17:25:54.101;170;1,5
2026-03-31T17:25:55.539;170;1,5
2026-03-31T17:25:56.017;170;1,5
2026-03-31T17:25:56.978;170;1,5
2026-03-31T17:25:57.940;169;1,5
2026-03-31T17:25:58.900;169;0,8
2026-03-31T17:25:59.858;169;0,5
2026-03-31T17:26:00.819;169;0,5
2026-03-31T17:26:02.260;169;0,5
2026-03-31T17:26:03.219;169;0,4
2026-03-31T17:26:04.207;169;0,4
2026-03-31T17:26:05.138;169;0,5
2026-03-31T17:26:06.099;169;0,5
2026-03-31T17:26:07.127;168;0,5
2026-03-31T17:26:08.089;168;0,6
2026-03-31T17:26:08.979;167;0,7
2026-03-31T17:26:09.984;167;0,7
2026-03-31T17:26:10.895;167;0,9
2026-03-31T17:26:11.860;166;0,9
2026-03-31T17:26:13.811;166;0,9
2026-03-31T17:26:14.256;165;0,9
2026-03-31T17:26:15.220;165;0,9
2026-03-31T17:26:16.180;164;0,9
2026-03-31T17:26:17.138;164;0,9
2026-03-31T17:26:18.132;163;1,0
2026-03-31T17:26:19.097;161;1,1
2026-03-31T17:26:20.058;159;2,0
2026-03-31T17:26:21.020;155;2,4
2026-03-31T17:26:21.979;152;2,7
2026-03-31T17:26:22.933;150;2,7
2026-03-31T17:26:23.896;148;2,7
2026-03-31T17:26:24.831;148;2,7
2026-03-31T17:26:26.261;148;2,9
2026-03-31T17:26:27.218;149;2,9
2026-03-31T17:26:28.221;149;2,9
2026-03-31T17:26:29.177;150;2,9
2026-03-31T17:26:30.100;150;2,8
2026-03-31T17:26:31.093;151;2,8
2026-03-31T17:26:33.015;152;2,1
2026-03-31T17:26:33.016;153;1,6
2026-03-31T17:26:33.971;153;1,5
2026-03-31T17:26:34.900;154;1,5
2026-03-31T17:26:35.899;154;1,8
2026-03-31T17:26:36.855;154;1,9
2026-03-31T17:26:38.296;154;1,8
2026-03-31T17:26:39.256;155;1,8
2026-03-31T17:26:40.215;155;1,8
2026-03-31T17:26:41.177;154;1,8
2026-03-31T17:26:42.140;154;1,7
2026-03-31T17:26:43.058;154;1,7
2026-03-31T17:26:44.063;153;1,8
2026-03-31T17:26:45.017;153;1,8
2026-03-31T17:26:45.937;152;1,8
2026-03-31T17:26:46.940;152;1,6
2026-03-31T17:26:47.896;151;1,5
2026-03-31T17:26:48.853;150;1,1
2026-03-31T17:26:50.291;149;1,4
2026-03-31T17:26:51.254;149;1,4
2026-03-31T17:26:52.221;148;1,5
2026-03-31T17:26:53.181;148;1,5
2026-03-31T17:26:54.612;147;1,5
2026-03-31T17:26:55.057;146;1,6
2026-03-31T17:26:56.060;145;1,6
2026-03-31T17:26:57.015;144;1,6
2026-03-31T17:26:57.982;144;1,5
2026-03-31T17:26:58.938;144;1,5
2026-03-31T17:26:59.916;143;1,5
2026-03-31T17:27:01.335;143;1,5
2026-03-31T17:27:02.299;143;1,3
2026-03-31T17:27:03.258;142;1,3
2026-03-31T17:27:04.217;142;1,3
2026-03-31T17:27:05.176;141;1,3
2026-03-31T17:27:06.121;141;1,2
2026-03-31T17:27:07.092;141;1,2
2026-03-31T17:27:08.053;141;1,5
2026-03-31T17:27:09.005;140;1,7
2026-03-31T17:27:10.001;140;1,7
2026-03-31T17:27:11.899;139;1,8
2026-03-31T17:27:11.901;139;1,8
2026-03-31T17:27:12.854;138;1,9
2026-03-31T17:27:14.259;139;1,9
2026-03-31T17:27:15.700;139;2,0
2026-03-31T17:27:16.177;139;2,0
2026-03-31T17:27:17.139;139;2,0
2026-03-31T17:27:18.141;139;2,1
2026-03-31T17:27:19.096;139;2,1
2026-03-31T17:27:20.057;139;2,0
2026-03-31T17:27:21.013;139;1,6
2026-03-31T17:27:21.974;139;1,7
2026-03-31T17:27:22.950;139;1,8
2026-03-31T17:27:23.896;138;1,8
2026-03-31T17:27:25.344;137;1,6
2026-03-31T17:27:26.307;136;1,6
2026-03-31T17:27:27.739;136;1,6
2026-03-31T17:27:28.216;136;1,7
2026-03-31T17:27:29.178;135;1,8
2026-03-31T17:27:30.138;135;1,8
2026-03-31T17:27:31.092;135;1,7
2026-03-31T17:27:32.059;135;1,7
2026-03-31T17:27:33.022;134;2,0
2026-03-31T17:27:33.977;134;2,2
2026-03-31T17:27:34.937;134;2,4
2026-03-31T17:27:35.896;133;2,3
2026-03-31T17:27:36.857;133;2,3
2026-03-31T17:27:39.256;133;2,4
2026-03-31T17:27:39.257;132;2,3
2026-03-31T17:27:40.231;132;2,3
2026-03-31T17:27:41.179;132;2,2
2026-03-31T17:27:42.139;132;2,1
2026-03-31T17:27:43.096;132;2,3
2026-03-31T17:27:44.537;131;2,3
2026-03-31T17:27:44.968;131;2,3
2026-03-31T17:27:45.980;132;2,5
2026-03-31T17:27:46.937;132;2,3
2026-03-31T17:27:47.894;132;1,8
2026-03-31T17:27:50.297;132;1,8
2026-03-31T17:27:50.298;132;1,9
2026-03-31T17:27:51.255;132;2,2
2026-03-31T17:27:52.219;132;2,0
2026-03-31T17:27:53.179;133;2,1
2026-03-31T17:27:54.613;133;2,3
2026-03-31T17:27:55.046;132;2,3
2026-03-31T17:27:56.056;132;2,1
2026-03-31T17:27:57.014;132;2,0
2026-03-31T17:27:57.976;132;2,1
2026-03-31T17:27:58.941;132;1,8
2026-03-31T17:27:59.894;132;1,8
2026-03-31T17:28:00.862;132;1,8
2026-03-31T17:28:02.772;132;1,9
2026-03-31T17:28:03.259;131;1,9
2026-03-31T17:28:04.217;131;1,6
2026-03-31T17:28:05.186;131;1,8
2026-03-31T17:28:06.628;131;2,0
2026-03-31T17:28:08.016;131;1,8
2026-03-31T17:28:08.017;130;1,9
2026-03-31T17:28:09.979;130;2,0
2026-03-31T17:28:09.980;130;2,5
2026-03-31T17:28:10.900;130;2,7
2026-03-31T17:28:11.892;129;2,7
2026-03-31T17:28:13.815;129;2,7
2026-03-31T17:28:14.299;129;2,8
2026-03-31T17:28:15.254;129;2,8
2026-03-31T17:28:16.182;129;2,9
2026-03-31T17:28:17.177;130;2,9
2026-03-31T17:28:18.133;130;2,9
2026-03-31T17:28:19.102;131;2,7
2026-03-31T17:28:20.060;131;3,0
2026-03-31T17:28:21.493;132;2,9
2026-03-31T17:28:21.977;132;2,9
2026-03-31T17:28:23.896;132;3,1
2026-03-31T17:28:23.897;132;2,6
2026-03-31T17:28:25.819;132;2,5
2026-03-31T17:28:26.296;131;2,5
2026-03-31T17:28:27.259;131;2,4
2026-03-31T17:28:28.228;131;2,6
2026-03-31T17:28:29.172;132;2,5
2026-03-31T17:28:30.138;132;2,4
2026-03-31T17:28:31.097;133;2,4
2026-03-31T17:28:32.501;133;2,4
2026-03-31T17:28:32.978;133;2,0
2026-03-31T17:28:34.455;133;2,0
2026-03-31T17:28:34.884;133;1,8
2026-03-31T17:28:36.381;133;1,4
2026-03-31T17:28:36.855;134;1,5
2026-03-31T17:28:38.260;134;1,6
2026-03-31T17:28:39.254;134;1,5
2026-03-31T17:28:40.180;135;1,7
2026-03-31T17:28:41.174;136;1,5
2026-03-31T17:28:42.135;137;1,3
2026-03-31T17:28:43.576;138;1,4
2026-03-31T17:28:44.058;139;1,4
2026-03-31T17:28:45.030;140;1,7
2026-03-31T17:28:45.973;141;1,7
2026-03-31T17:28:46.936;142;1,7
2026-03-31T17:28:47.903;143;1,8
2026-03-31T17:28:48.856;144;1,8
2026-03-31T17:28:50.295;145;1,8
2026-03-31T17:28:51.256;146;1,8
2026-03-31T17:28:52.218;147;1,9
2026-03-31T17:28:53.182;149;1,8
2026-03-31T17:28:54.136;150;1,9
2026-03-31T17:28:55.577;150;1,9
2026-03-31T17:28:56.020;152;1,8
2026-03-31T17:28:57.018;153;1,7
2026-03-31T17:28:58.470;153;1,8
2026-03-31T17:28:59.423;154;1,8
2026-03-31T17:28:59.860;155;1,9
2026-03-31T17:29:00.854;155;1,9
2026-03-31T17:29:02.300;156;1,9
2026-03-31T17:29:03.260;157;1,8
2026-03-31T17:29:05.178;158;1,7
2026-03-31T17:29:05.179;158;1,6
2026-03-31T17:29:06.140;158;1,6
2026-03-31T17:29:07.097;159;1,6
2026-03-31T17:29:08.061;159;1,5
2026-03-31T17:29:09.021;160;1,5
2026-03-31T17:29:09.978;160;1,3
2026-03-31T17:29:11.416;161;1,7
2026-03-31T17:29:12.376;161;1,7
2026-03-31T17:29:12.816;161;1,7
2026-03-31T17:29:14.292;161;1,5
2026-03-31T17:29:15.250;162;1,5
2026-03-31T17:29:16.217;162;1,5
2026-03-31T17:29:17.176;161;1,5
2026-03-31T17:29:18.142;161;1,5
2026-03-31T17:29:19.095;161;1,5
2026-03-31T17:29:20.055;160;1,5
2026-03-31T17:29:20.981;160;1,5
2026-03-31T17:29:22.453;160;0,5
2026-03-31T17:29:23.412;160;0,5
2026-03-31T17:29:23.860;160;0,5
2026-03-31T17:29:24.862;160;0,5
2026-03-31T17:29:26.296;160;0,5
2026-03-31T17:29:27.257;159;0,5
2026-03-31T17:29:28.218;160;0,6
2026-03-31T17:29:29.182;160;0,6
2026-03-31T17:29:30.127;160;0,9
2026-03-31T17:29:31.108;160;1,2
2026-03-31T17:29:32.059;160;1,3
2026-03-31T17:29:33.497;160;1,6
2026-03-31T17:29:33.938;161;1,7
2026-03-31T17:29:34.939;161;1,7
2026-03-31T17:29:35.895;162;1,7
2026-03-31T17:29:36.857;162;1,7
2026-03-31T17:29:38.294;162;1,7
2026-03-31T17:29:39.260;162;1,8
2026-03-31T17:29:40.220;162;1,8
2026-03-31T17:29:41.178;162;1,7
2026-03-31T17:29:42.135;162;1,5
2026-03-31T17:29:43.099;162;1,4
2026-03-31T17:29:44.056;162;1,1
2026-03-31T17:29:45.015;162;1,1
2026-03-31T17:29:45.981;162;1,0
2026-03-31T17:29:46.941;163;1,0
2026-03-31T17:29:48.861;163;1,0
2026-03-31T17:29:48.862;163;1,0
2026-03-31T17:29:50.297;163;1,1
2026-03-31T17:29:51.253;163;1,5
2026-03-31T17:29:52.216;164;1,4
2026-03-31T17:29:53.172;164;66,9
2026-03-31T17:29:54.138;165;94,6
2026-03-31T17:29:55.090;165;94,6
2026-03-31T17:29:56.059;166;94,6
2026-03-31T17:29:57.015;165;94,6
2026-03-31T17:29:57.942;165;94,6
2026-03-31T17:29:58.934;165;94,6
2026-03-31T17:29:59.895;165;94,6
2026-03-31T17:30:00.857;165;94,6
2026-03-31T17:30:02.299;165;94,6
2026-03-31T17:30:03.259;165;94,6
2026-03-31T17:30:04.218;165;66,9
2026-03-31T17:30:05.174;165;0,9
2026-03-31T17:30:06.137;165;0,9
2026-03-31T17:30:07.095;165;0,9
2026-03-31T17:30:08.066;165;0,7
2026-03-31T17:30:09.021;165;0,6
2026-03-31T17:30:09.992;165;0,6
2026-03-31T17:30:10.939;165;0,6
2026-03-31T17:30:11.906;165;0,6
2026-03-31T17:30:12.870;165;0,6
2026-03-31T17:30:14.305;165;0,6
2026-03-31T17:30:15.252;165;0,7
2026-03-31T17:30:16.219;166;0,7
2026-03-31T17:30:17.665;166;0,7
2026-03-31T17:30:18.144;166;0,8
2026-03-31T17:30:19.096;166;1,1
2026-03-31T17:30:20.057;166;1,2
2026-03-31T17:30:21.021;166;1,3
2026-03-31T17:30:21.977;166;1,3
2026-03-31T17:30:22.942;166;1,3
2026-03-31T17:30:23.897;166;1,4
2026-03-31T17:30:24.862;167;1,4
2026-03-31T17:30:26.299;166;1,3
2026-03-31T17:30:27.256;167;1,3
2026-03-31T17:30:28.214;167;1,3
2026-03-31T17:30:29.189;167;1,3
2026-03-31T17:30:30.144;167;1,2
2026-03-31T17:30:31.111;167;1,1
2026-03-31T17:30:32.061;167;1,1
2026-03-31T17:30:33.497;166;0,9
2026-03-31T17:30:33.942;167;0,9
2026-03-31T17:30:34.943;167;0,9
2026-03-31T17:30:35.899;167;0,8
2026-03-31T17:30:37.820;167;0,8
2026-03-31T17:30:38.262;168;0,9
2026-03-31T17:30:39.255;167;0,9
2026-03-31T17:30:40.225;168;1,0
2026-03-31T17:30:41.185;167;0,9
2026-03-31T17:30:42.139;167;0,9
2026-03-31T17:30:43.107;167;0,9
2026-03-31T17:30:44.062;168;0,8
2026-03-31T17:30:45.019;168;0,9
2026-03-31T17:30:45.980;167;0,9
2026-03-31T17:30:46.943;168;0,9
2026-03-31T17:30:48.864;167;0,9
2026-03-31T17:30:48.866;167;0,8
2026-03-31T17:30:50.303;167;0,8
2026-03-31T17:30:51.262;167;0,7
2026-03-31T17:30:52.233;167;0,8
2026-03-31T17:30:53.181;167;0,9
2026-03-31T17:30:54.138;167;0,9
2026-03-31T17:30:55.099;167;1,0
2026-03-31T17:30:56.057;167;1,5
2026-03-31T17:30:57.015;167;1,7
2026-03-31T17:30:57.993;167;1,9
2026-03-31T17:30:58.942;167;1,8
2026-03-31T17:30:59.899;167;1,8
2026-03-31T17:31:00.860;167;1,9
2026-03-31T17:31:02.298;167;1,9
2026-03-31T17:31:03.264;167;1,8
2026-03-31T17:31:04.224;167;1,8
2026-03-31T17:31:05.181;167;1,8
2026-03-31T17:31:06.142;167;1,6
2026-03-31T17:31:07.098;167;1,3
2026-03-31T17:31:08.539;167;0,8
2026-03-31T17:31:08.978;167;0,7
2026-03-31T17:31:09.985;167;0,7
2026-03-31T17:31:10.942;166;0,8
2026-03-31T17:31:11.901;167;0,6
2026-03-31T17:31:12.859;167;0,6
2026-03-31T17:31:14.296;167;0,6
2026-03-31T17:31:15.260;167;0,7
2026-03-31T17:31:16.220;167;0,7
2026-03-31T17:31:17.194;167;0,7
2026-03-31T17:31:18.147;167;0,6
2026-03-31T17:31:19.096;167;0,6
2026-03-31T17:31:20.073;167;0,6
2026-03-31T17:31:21.021;167;0,6
2026-03-31T17:31:21.977;167;0,6
2026-03-31T17:31:23.416;167;0,6
2026-03-31T17:31:23.860;167;0,7
2026-03-31T17:31:24.864;167;1,4
2026-03-31T17:31:26.302;167;1,4
2026-03-31T17:31:27.262;167;1,3
2026-03-31T17:31:28.225;167;1,3
2026-03-31T17:31:30.148;168;1,4
2026-03-31T17:31:30.149;168;1,4
2026-03-31T17:31:31.101;168;1,4
2026-03-31T17:31:32.058;168;26,2
2026-03-31T17:31:33.018;168;37,7
2026-03-31T17:31:33.979;168;37,7
2026-03-31T17:31:34.942;168;37,7
2026-03-31T17:31:35.904;168;37,7
2026-03-31T17:31:36.868;168;37,7
2026-03-31T17:31:38.304;168;37,7
2026-03-31T17:31:39.259;168;37,7
2026-03-31T17:31:40.224;168;37,7
2026-03-31T17:31:41.178;167;37,7
2026-03-31T17:31:42.140;167;27,1
2026-03-31T17:31:43.587;167;27,1
2026-03-31T17:31:44.020;167;1,0
2026-03-31T17:31:45.023;167;0,9
2026-03-31T17:31:45.977;167;1,0
2026-03-31T17:31:46.939;167;1,0
2026-03-31T17:31:47.900;167;1,0
2026-03-31T17:31:49.349;167;1,1
2026-03-31T17:31:50.300;167;1,1
2026-03-31T17:31:51.265;167;1,1
2026-03-31T17:31:52.224;167;1,0
2026-03-31T17:31:53.183;167;1,0
2026-03-31T17:31:54.143;168;1,3
2026-03-31T17:31:55.587;168;1,4
2026-03-31T17:31:56.021;167;1,6
2026-03-31T17:31:57.027;168;1,7
2026-03-31T17:31:57.984;167;1,8
2026-03-31T17:31:58.952;167;1,7
2026-03-31T17:31:59.898;167;1,6
2026-03-31T17:32:00.864;167;1,6
2026-03-31T17:32:02.780;167;1,6
2026-03-31T17:32:03.221;166;1,5
2026-03-31T17:32:04.222;166;1,5
2026-03-31T17:32:05.177;166;1,2
2026-03-31T17:32:06.138;165;1,0
2026-03-31T17:32:07.105;165;0,9
2026-03-31T17:32:08.071;165;0,6
2026-03-31T17:32:09.502;165;1,1
2026-03-31T17:32:09.938;165;1,1
2026-03-31T17:32:11.909;165;1,4
2026-03-31T17:32:11.910;165;1,3
2026-03-31T17:32:12.868;165;1,3
2026-03-31T17:32:14.307;164;1,3
2026-03-31T17:32:15.252;164;1,3
2026-03-31T17:32:16.217;165;1,5
2026-03-31T17:32:17.659;165;1,5
2026-03-31T17:32:18.100;165;1,5
2026-03-31T17:32:19.098;165;1,5
2026-03-31T17:32:20.056;166;1,3
2026-03-31T17:32:21.022;166;1,4
2026-03-31T17:32:21.979;166;1,1
2026-03-31T17:32:22.943;166;1,1
2026-03-31T17:32:24.806;166;1,2
2026-03-31T17:32:25.287;167;1,2
2026-03-31T17:32:26.294;167;1,2
2026-03-31T17:32:27.255;167;1,2
2026-03-31T17:32:28.222;167;0,9
2026-03-31T17:32:29.190;167;0,9
2026-03-31T17:32:30.140;167;0,9
2026-03-31T17:32:31.580;167;1,0
2026-03-31T17:32:32.021;168;0,9
2026-03-31T17:32:33.018;168;1,0
2026-03-31T17:32:33.944;167;0,8
2026-03-31T17:32:34.903;167;0,9
2026-03-31T17:32:35.867;167;0,9
2026-03-31T17:32:36.861;167;1,3
2026-03-31T17:32:38.304;167;1,3
2026-03-31T17:32:39.264;166;1,3
2026-03-31T17:32:40.702;167;1,3
2026-03-31T17:32:41.180;166;1,4
2026-03-31T17:32:42.136;167;1,5
2026-03-31T17:32:43.104;166;1,4
2026-03-31T17:32:44.023;166;1,8
2026-03-31T17:32:44.983;166;1,8
2026-03-31T17:32:45.991;166;1,9
2026-03-31T17:32:46.938;166;1,6
2026-03-31T17:32:47.902;166;1,6
2026-03-31T17:32:49.821;166;1,5
2026-03-31T17:32:50.259;166;1,5
2026-03-31T17:32:51.267;166;1,5
2026-03-31T17:32:52.704;166;1,4
2026-03-31T17:32:53.141;166;1,4
2026-03-31T17:32:54.139;166;1,2
2026-03-31T17:32:55.104;166;1,0
2026-03-31T17:32:56.066;165;1,1
2026-03-31T17:32:57.024;165;1,2
2026-03-31T17:32:57.986;165;1,2
2026-03-31T17:32:58.939;165;1,3
2026-03-31T17:32:59.850;165;1,3
2026-03-31T17:33:00.822;165;1,3
2026-03-31T17:33:02.293;165;1,6
2026-03-31T17:33:03.266;165;2,3
2026-03-31T17:33:04.221;165;2,2
2026-03-31T17:33:05.176;165;2,2
2026-03-31T17:33:06.103;165;2,2
2026-03-31T17:33:07.094;165;2,2
2026-03-31T17:33:08.055;165;2,1
2026-03-31T17:33:09.017;165;2,3
2026-03-31T17:33:09.975;165;2,4
2026-03-31T17:33:10.937;166;2,4
2026-03-31T17:33:11.897;166;2,4
2026-03-31T17:33:12.865;166;2,3
2026-03-31T17:33:14.302;166;1,8
2026-03-31T17:33:15.264;167;1,4
2026-03-31T17:33:16.697;167;1,4
2026-03-31T17:33:17.142;166;1,4
2026-03-31T17:33:18.618;166;1,5
2026-03-31T17:33:19.105;166;1,5
2026-03-31T17:33:20.065;167;1,0
2026-03-31T17:33:21.019;166;0,9
2026-03-31T17:33:21.981;166;0,9
2026-03-31T17:33:22.929;166;1,1
2026-03-31T17:33:23.898;166;1,4
2026-03-31T17:33:24.861;167;1,9
2026-03-31T17:33:26.300;166;1,8
2026-03-31T17:33:27.262;167;1,9
2026-03-31T17:33:28.217;167;1,9
2026-03-31T17:33:30.142;167;1,9
2026-03-31T17:33:30.624;167;1,9
2026-03-31T17:33:31.059;167;1,9
2026-03-31T17:33:32.063;168;1,9
2026-03-31T17:33:33.026;167;2,1
2026-03-31T17:33:33.991;168;2,3
2026-03-31T17:33:34.946;169;2,1
2026-03-31T17:33:36.869;169;1,6
2026-03-31T17:33:37.826;169;1,6
2026-03-31T17:33:38.261;170;1,6
2026-03-31T17:33:39.221;170;1,5
2026-03-31T17:33:40.184;170;1,4
2026-03-31T17:33:41.624;169;1,4
2026-03-31T17:33:42.102;169;1,4
2026-03-31T17:33:43.065;169;1,4
2026-03-31T17:33:44.020;169;0,8
2026-03-31T17:33:44.974;169;0,6
2026-03-31T17:33:45.943;169;0,9
2026-03-31T17:33:46.903;169;0,8
2026-03-31T17:33:47.910;169;0,8
2026-03-31T17:33:48.857;169;0,8
2026-03-31T17:33:50.296;169;0,8
2026-03-31T17:33:51.254;169;0,8
2026-03-31T17:33:52.210;168;0,9
2026-03-31T17:33:53.182;169;1,0
2026-03-31T17:33:54.134;169;1,0
2026-03-31T17:33:55.102;168;1,1
2026-03-31T17:33:56.062;169;1,0
2026-03-31T17:33:57.505;169;0,9
2026-03-31T17:33:57.941;168;0,9
2026-03-31T17:33:58.944;168;0,9
2026-03-31T17:33:59.896;168;0,9
2026-03-31T17:34:00.865;168;0,9
2026-03-31T17:34:02.301;168;1,1
2026-03-31T17:34:03.257;168;0,9
2026-03-31T17:34:04.217;168;0,9
2026-03-31T17:34:05.186;168;0,8
2026-03-31T17:34:06.144;168;0,7
2026-03-31T17:34:07.101;168;0,9
2026-03-31T17:34:08.062;168;1,0
2026-03-31T17:34:09.023;168;1,0
2026-03-31T17:34:09.980;169;1,0
2026-03-31T17:34:10.940;168;1,1
2026-03-31T17:34:11.907;168;1,2
2026-03-31T17:34:13.343;168;1,2
2026-03-31T17:34:14.306;168;1,2
2026-03-31T17:34:15.265;168;1,2
2026-03-31T17:34:16.228;168;1,2
2026-03-31T17:34:17.184;168;1,1
2026-03-31T17:34:18.140;168;1,1
2026-03-31T17:34:19.102;168;1,1
2026-03-31T17:34:20.060;168;1,1
2026-03-31T17:34:21.010;167;1,0
2026-03-31T17:34:21.983;167;1,0
2026-03-31T17:34:23.915;167;0,7
2026-03-31T17:34:23.915;167;0,7
2026-03-31T17:34:24.860;167;0,7
2026-03-31T17:34:26.305;167;0,7
2026-03-31T17:34:27.266;168;0,6
2026-03-31T17:34:28.226;168;2,3
2026-03-31T17:34:29.663;168;2,6
2026-03-31T17:34:30.100;167;2,7
2026-03-31T17:34:31.102;167;2,7
2026-03-31T17:34:32.062;167;44,4
2026-03-31T17:34:33.020;167;67,8
2026-03-31T17:34:33.965;167;68,9
2026-03-31T17:34:34.937;168;68,9
2026-03-31T17:34:35.911;168;68,9
2026-03-31T17:34:36.859;168;68,9
2026-03-31T17:34:38.301;168;68,9
2026-03-31T17:34:39.258;169;68,9
2026-03-31T17:34:40.221;169;68,9
2026-03-31T17:34:41.184;169;68,8
2026-03-31T17:34:42.103;170;68,8
2026-03-31T17:34:43.583;170;52,7
2026-03-31T17:34:44.060;170;1,3
2026-03-31T17:34:45.019;170;1,1
2026-03-31T17:34:45.976;171;1,2
2026-03-31T17:34:46.940;170;1,3
2026-03-31T17:34:47.899;170;1,4
2026-03-31T17:34:48.857;170;1,3
2026-03-31T17:34:50.778;170;1,3
2026-03-31T17:34:51.222;170;1,3
2026-03-31T17:34:52.701;169;1,3
2026-03-31T17:34:53.142;169;1,3
2026-03-31T17:34:54.142;169;1,4
2026-03-31T17:34:55.582;169;1,3
2026-03-31T17:34:56.541;168;1,1
2026-03-31T17:34:56.980;168;1,0
2026-03-31T17:34:57.981;168;1,1
2026-03-31T17:34:58.940;168;1,2
2026-03-31T17:34:59.903;168;1,3
2026-03-31T17:35:01.783;167;1,3
2026-03-31T17:35:02.262;166;1,2
2026-03-31T17:35:03.255;166;1,3
2026-03-31T17:35:05.200;166;1,3
2026-03-31T17:35:05.201;165;1,3
2026-03-31T17:35:06.138;165;1,2
2026-03-31T17:35:07.103;164;1,2
2026-03-31T17:35:08.057;164;1,0
2026-03-31T17:35:09.020;164;1,0
2026-03-31T17:35:09.988;163;1,0
2026-03-31T17:35:10.941;163;1,0
2026-03-31T17:35:11.902;163;1,1
2026-03-31T17:35:12.861;162;1,1
2026-03-31T17:35:14.298;161;1,2
2026-03-31T17:35:15.260;161;1,2
2026-03-31T17:35:16.183;160;1,3
2026-03-31T17:35:17.180;159;1,2
2026-03-31T17:35:18.619;159;1,4
2026-03-31T17:35:19.060;158;1,5
2026-03-31T17:35:20.055;158;1,5
2026-03-31T17:35:21.015;157;1,4
2026-03-31T17:35:21.998;156;1,7
2026-03-31T17:35:22.951;156;1,8
2026-03-31T17:35:23.906;155;1,8
2026-03-31T17:35:24.869;155;1,7
2026-03-31T17:35:26.301;155;1,8
2026-03-31T17:35:27.257;155;1,7
2026-03-31T17:35:28.220;155;1,7
2026-03-31T17:35:30.140;155;1,6
2026-03-31T17:35:30.141;155;1,6
2026-03-31T17:35:31.100;154;1,9
2026-03-31T17:35:32.062;154;2,1
2026-03-31T17:35:33.024;154;1,8
2026-03-31T17:35:33.980;154;1,7
2026-03-31T17:35:34.943;153;1,6
2026-03-31T17:35:35.900;153;1,6
2026-03-31T17:35:36.858;152;1,6
2026-03-31T17:35:39.742;152;1,6
2026-03-31T17:35:39.743;151;1,5
2026-03-31T17:35:40.184;151;1,5
2026-03-31T17:35:41.181;151;1,5
2026-03-31T17:35:42.146;151;1,5
2026-03-31T17:35:43.110;150;1,1
2026-03-31T17:35:44.059;149;1,0
2026-03-31T17:35:45.022;148;1,1
2026-03-31T17:35:45.986;148;1,1
2026-03-31T17:35:46.943;147;0,9
2026-03-31T17:35:48.860;147;0,9
2026-03-31T17:35:48.860;146;1,1
2026-03-31T17:35:50.303;145;1,1
2026-03-31T17:35:51.264;145;1,1
2026-03-31T17:35:52.223;144;1,1
2026-03-31T17:35:53.181;144;1,1
2026-03-31T17:35:54.141;144;1,0
2026-03-31T17:35:55.101;144;1,0
2026-03-31T17:35:56.542;143;1,2
2026-03-31T17:35:56.981;143;1,4
2026-03-31T17:35:58.465;142;1,4
2026-03-31T17:35:58.944;142;1,4
2026-03-31T17:36:00.381;142;1,4
2026-03-31T17:36:00.822;141;1,3
2026-03-31T17:36:02.315;141;1,3
2026-03-31T17:36:03.264;141;1,2
2026-03-31T17:36:05.177;141;1,3
2026-03-31T17:36:05.178;140;1,3
2026-03-31T17:36:06.141;140;1,3
2026-03-31T17:36:07.096;140;1,4
2026-03-31T17:36:08.064;139;1,3
2026-03-31T17:36:09.015;138;1,2
2026-03-31T17:36:09.984;137;1,4
2026-03-31T17:36:10.941;136;1,5
2026-03-31T17:36:11.898;135;2,2
2026-03-31T17:36:12.871;135;2,2
2026-03-31T17:36:14.305;135;2,2
2026-03-31T17:36:15.268;135;2,3
2026-03-31T17:36:16.219;135;2,3
2026-03-31T17:36:17.181;134;2,4
2026-03-31T17:36:18.139;133;2,4
2026-03-31T17:36:19.100;133;2,4
2026-03-31T17:36:20.061;132;2,4
2026-03-31T17:36:21.024;132;2,4
2026-03-31T17:36:21.978;131;2,3
2026-03-31T17:36:22.943;130;2,5
2026-03-31T17:36:23.897;128;2,9
2026-03-31T17:36:24.854;127;2,5
2026-03-31T17:36:26.300;128;3,0
2026-03-31T17:36:27.258;129;3,1
2026-03-31T17:36:28.219;130;3,0
2026-03-31T17:36:30.133;130;3,0
2026-03-31T17:36:30.134;131;3,1
2026-03-31T17:36:31.096;131;3,0
2026-03-31T17:36:32.068;131;3,0
2026-03-31T17:36:33.018;131;3,0
2026-03-31T17:36:33.984;132;3,0
2026-03-31T17:36:34.941;132;2,9
2026-03-31T17:36:35.898;132;2,9
2026-03-31T17:36:36.860;131;2,3
2026-03-31T17:36:38.301;130;2,3
2026-03-31T17:36:39.261;130;1,1
2026-03-31T17:36:40.219;130;1,2
2026-03-31T17:36:41.178;131;1,2
2026-03-31T17:36:42.140;131;1,2
2026-03-31T17:36:43.101;130;1,0
2026-03-31T17:36:44.061;130;1,0
2026-03-31T17:36:45.019;130;1,0
2026-03-31T17:36:45.985;131;1,0
2026-03-31T17:36:46.943;131;1,0
2026-03-31T17:36:48.867;131;1,0
2026-03-31T17:36:48.868;131;1,0
2026-03-31T17:36:50.299;131;1,0
2026-03-31T17:36:51.259;131;1,0
2026-03-31T17:36:52.225;132;1,0
2026-03-31T17:36:53.666;132;1,0
2026-03-31T17:36:54.155;131;0,9
2026-03-31T17:36:55.097;131;1,5
2026-03-31T17:36:56.058;131;1,5
2026-03-31T17:36:57.503;131;1,5
2026-03-31T17:36:57.940;131;1,5
2026-03-31T17:36:58.938;130;1,4
2026-03-31T17:36:59.902;130;1,4
2026-03-31T17:37:00.867;130;1,5
2026-03-31T17:37:02.300;129;1,6
2026-03-31T17:37:03.261;129;1,6
2026-03-31T17:37:04.220;129;1,5
2026-03-31T17:37:05.179;128;1,5
2026-03-31T17:37:06.137;128;1,6
2026-03-31T17:37:07.103;129;1,9
2026-03-31T17:37:08.061;129;1,9
2026-03-31T17:37:09.510;128;1,8
2026-03-31T17:37:09.942;128;1,8
2026-03-31T17:37:10.940;128;1,8
2026-03-31T17:37:11.899;128;1,9
2026-03-31T17:37:12.825;128;1,9
2026-03-31T17:37:14.298;129;1,9
2026-03-31T17:37:15.256;130;1,9
2026-03-31T17:37:16.218;131;2,3
2026-03-31T17:37:17.178;132;2,4
2026-03-31T17:37:18.137;133;2,6
2026-03-31T17:37:19.578;135;2,6
2026-03-31T17:37:20.056;136;2,6
2026-03-31T17:37:21.014;138;2,3
2026-03-31T17:37:22.421;139;2,3
2026-03-31T17:37:23.367;140;2,4
2026-03-31T17:37:23.860;140;2,4
2026-03-31T17:37:24.858;140;2,5
2026-03-31T17:37:26.298;141;2,5
2026-03-31T17:37:27.261;142;2,8
2026-03-31T17:37:28.219;142;2,8
2026-03-31T17:37:29.181;143;2,4
2026-03-31T17:37:30.622;143;2,3
2026-03-31T17:37:31.063;142;2,3
2026-03-31T17:37:32.071;142;2,1
2026-03-31T17:37:33.451;142;2,1
2026-03-31T17:37:33.931;142;2,0
2026-03-31T17:37:35.417;142;2,0
2026-03-31T17:37:36.379;142;2,0
2026-03-31T17:37:36.822;142;1,8
2026-03-31T17:37:38.300;142;1,8
2026-03-31T17:37:39.260;142;1,2
2026-03-31T17:37:40.221;142;1,1
2026-03-31T17:37:41.184;142;1,1
2026-03-31T17:37:42.105;143;1,1
2026-03-31T17:37:43.061;143;0,7
2026-03-31T17:37:44.061;143;0,7
2026-03-31T17:37:45.020;144;0,7
2026-03-31T17:37:45.990;145;1,4
2026-03-31T17:37:46.942;145;1,4
2026-03-31T17:37:47.904;146;1,5
2026-03-31T17:37:48.863;147;1,5
2026-03-31T17:37:50.297;147;1,5
2026-03-31T17:37:51.262;148;1,5
2026-03-31T17:37:52.222;148;1,5
2026-03-31T17:37:53.665;149;1,8
2026-03-31T17:37:54.091;148;1,7
2026-03-31T17:37:55.580;149;1,7
2026-03-31T17:37:56.062;149;1,7
2026-03-31T17:37:56.991;150;1,2
2026-03-31T17:37:57.988;150;1,2
2026-03-31T17:37:58.938;150;1,2
2026-03-31T17:38:01.335;151;1,2
2026-03-31T17:38:01.336;152;1,4
2026-03-31T17:38:02.774;152;1,4
2026-03-31T17:38:03.254;153;1,4
2026-03-31T17:38:04.701;154;1,6
2026-03-31T17:38:05.140;154;1,4
2026-03-31T17:38:07.100;156;1,7
2026-03-31T17:38:07.101;156;1,8
2026-03-31T17:38:09.016;156;1,8
2026-03-31T17:38:09.017;156;1,8
2026-03-31T17:38:13.822;156;1,8
2026-03-31T17:38:14.791;157;1,9
