Phone timestamp;HR [bpm];HRV [ms];Breathing interval [rpm];
2026-03-27T16:12:54.278;153;1,4
2026-03-27T16:12:54.788;152;1,4
2026-03-27T16:12:55.747;152;1,2
2026-03-27T16:12:56.691;152;1,3
2026-03-27T16:12:57.675;151;1,1
2026-03-27T16:12:58.628;151;1,2
2026-03-27T16:13:01.027;151;1,2
2026-03-27T16:13:01.028;151;1,1
2026-03-27T16:13:01.989;151;0,5
2026-03-27T16:13:02.953;151;0,5
2026-03-27T16:13:03.920;151;0,5
2026-03-27T16:13:05.364;151;0,5
2026-03-27T16:13:06.322;150;0,6
2026-03-27T16:13:06.800;150;0,6
2026-03-27T16:13:07.757;150;0,5
2026-03-27T16:13:09.676;150;0,6
2026-03-27T16:13:09.677;150;0,6
2026-03-27T16:13:10.642;149;0,5
2026-03-27T16:13:12.550;149;0,5
2026-03-27T16:13:12.994;148;0,9
2026-03-27T16:13:13.993;147;0,9
2026-03-27T16:13:14.952;147;1,1
2026-03-27T16:13:15.925;146;1,1
2026-03-27T16:13:17.359;146;1,1
2026-03-27T16:13:17.838;145;1,2
2026-03-27T16:13:18.794;145;1,2
2026-03-27T16:13:19.757;144;1,2
2026-03-27T16:13:20.715;144;1,1
2026-03-27T16:13:22.159;144;1,2
2026-03-27T16:13:22.591;144;1,2
2026-03-27T16:13:24.557;143;1,2
2026-03-27T16:13:24.995;142;1,1
2026-03-27T16:13:25.955;142;1,1
2026-03-27T16:13:26.916;141;1,5
2026-03-27T16:13:27.915;140;1,4
2026-03-27T16:13:28.875;139;1,4
2026-03-27T16:13:29.838;138;1,4
2026-03-27T16:13:30.794;137;1,5
2026-03-27T16:13:31.762;137;1,5
2026-03-27T16:13:32.714;136;1,5
2026-03-27T16:13:34.639;135;1,6
2026-03-27T16:13:34.639;134;1,5
2026-03-27T16:13:36.073;134;1,6
2026-03-27T16:13:37.036;133;1,5
2026-03-27T16:13:37.994;133;1,4
2026-03-27T16:13:38.957;132;1,4
2026-03-27T16:13:39.923;132;1,3
2026-03-27T16:13:40.876;131;1,4
2026-03-27T16:13:41.838;130;1,6
2026-03-27T16:13:42.795;129;1,7
2026-03-27T16:13:43.755;128;1,6
2026-03-27T16:13:44.715;128;1,7
2026-03-27T16:13:45.673;127;1,7
2026-03-27T16:13:46.636;127;1,7
2026-03-27T16:13:48.075;127;1,7
2026-03-27T16:13:49.029;125;3,0
2026-03-27T16:13:49.989;124;2,9
2026-03-27T16:13:50.967;123;2,9
2026-03-27T16:13:51.908;123;3,0
2026-03-27T16:13:52.870;123;3,1
2026-03-27T16:13:53.832;123;3,0
2026-03-27T16:13:54.782;122;3,6
2026-03-27T16:13:55.776;120;4,1
2026-03-27T16:13:56.689;119;4,0
2026-03-27T16:13:57.635;119;4,0
2026-03-27T16:13:58.595;119;4,2
2026-03-27T16:14:01.034;120;4,2
2026-03-27T16:14:01.035;120;4,3
2026-03-27T16:14:01.991;119;4,6
2026-03-27T16:14:03.917;116;5,6
2026-03-27T16:14:03.918;114;5,2
2026-03-27T16:14:04.873;114;5,5
2026-03-27T16:14:05.842;114;5,6
2026-03-27T16:14:07.277;115;5,7
2026-03-27T16:14:07.713;117;5,9
2026-03-27T16:14:09.681;118;5,9
2026-03-27T16:14:09.682;118;5,6
2026-03-27T16:14:10.636;118;5,3
2026-03-27T16:14:12.078;118;5,3
2026-03-27T16:14:13.035;117;5,2
2026-03-27T16:14:13.994;118;5,2
2026-03-27T16:14:15.430;118;5,2
2026-03-27T16:14:16.392;119;5,1
2026-03-27T16:14:17.353;119;3,9
2026-03-27T16:14:17.795;118;3,6
2026-03-27T16:14:18.799;119;3,6
2026-03-27T16:14:19.750;118;3,0
2026-03-27T16:14:20.714;118;2,8
2026-03-27T16:14:21.636;118;2,7
2026-03-27T16:14:23.121;119;2,2
2026-03-27T16:14:24.071;119;2,2
2026-03-27T16:14:25.026;119;2,2
2026-03-27T16:14:25.992;119;2,0
2026-03-27T16:14:26.957;119;1,9
2026-03-27T16:14:28.874;120;1,8
2026-03-27T16:14:28.875;120;1,7
2026-03-27T16:14:29.832;120;1,6
2026-03-27T16:14:30.797;119;1,6
2026-03-27T16:14:31.728;115;6,4
2026-03-27T16:14:32.719;113;7,5
2026-03-27T16:14:33.638;110;7,5
2026-03-27T16:14:34.634;105;7,5
2026-03-27T16:14:36.080;104;7,6
2026-03-27T16:14:37.034;105;7,6
2026-03-27T16:14:37.993;106;7,8
2026-03-27T16:14:39.438;107;7,9
2026-03-27T16:14:40.386;109;8,4
2026-03-27T16:14:40.872;111;8,4
2026-03-27T16:14:41.828;112;8,4
2026-03-27T16:14:43.715;113;8,4
2026-03-27T16:14:43.718;113;8,4
2026-03-27T16:14:45.189;113;8,5
2026-03-27T16:14:45.677;113;8,4
2026-03-27T16:14:47.110;113;8,4
2026-03-27T16:14:48.081;113;5,7
2026-03-27T16:14:49.036;113;4,1
2026-03-27T16:14:49.992;112;4,1
2026-03-27T16:14:50.953;112;4,1
2026-03-27T16:14:51.906;112;4,1
2026-03-27T16:14:53.838;112;3,6
2026-03-27T16:14:53.839;113;3,4
2026-03-27T16:14:54.744;113;3,3
2026-03-27T16:14:56.236;113;1,8
2026-03-27T16:14:56.664;114;1,9
2026-03-27T16:14:58.155;114;1,9
2026-03-27T16:14:58.595;113;2,3
2026-03-27T16:15:01.038;112;2,5
2026-03-27T16:15:01.039;112;2,5
2026-03-27T16:15:02.464;112;2,9
2026-03-27T16:15:03.437;112;2,9
2026-03-27T16:15:03.875;113;3,0
2026-03-27T16:15:04.876;114;3,0
2026-03-27T16:15:05.837;114;2,7
2026-03-27T16:15:06.798;115;2,7
2026-03-27T16:15:08.234;116;2,8
2026-03-27T16:15:09.204;116;2,9
2026-03-27T16:15:09.635;116;2,8
2026-03-27T16:15:12.076;115;2,8
2026-03-27T16:15:12.077;115;2,8
2026-03-27T16:15:13.036;115;2,7
2026-03-27T16:15:14.000;116;2,4
2026-03-27T16:15:14.962;116;2,3
2026-03-27T16:15:15.920;117;2,3
2026-03-27T16:15:16.878;117;1,9
2026-03-27T16:15:17.835;117;1,9
2026-03-27T16:15:18.791;116;2,2
2026-03-27T16:15:19.754;115;2,1
2026-03-27T16:15:21.196;115;2,1
2026-03-27T16:15:23.117;115;2,1
2026-03-27T16:15:23.117;116;2,3
2026-03-27T16:15:24.555;116;2,2
2026-03-27T16:15:25.516;116;2,3
2026-03-27T16:15:26.950;116;2,4
2026-03-27T16:15:26.951;115;2,9
2026-03-27T16:15:28.400;113;3,4
2026-03-27T16:15:28.834;113;3,4
2026-03-27T16:15:30.797;112;3,4
2026-03-27T16:15:30.798;113;3,8
2026-03-27T16:15:32.715;113;3,9
2026-03-27T16:15:32.716;114;3,8
2026-03-27T16:15:33.678;115;3,6
2026-03-27T16:15:35.122;115;3,6
2026-03-27T16:15:36.079;115;3,6
2026-03-27T16:15:37.038;115;3,6
2026-03-27T16:15:37.994;115;3,5
2026-03-27T16:15:38.955;114;3,5
2026-03-27T16:15:40.402;114;3,5
2026-03-27T16:15:40.833;114;3,4
2026-03-27T16:15:41.838;114;3,4
2026-03-27T16:15:42.800;113;2,8
2026-03-27T16:15:44.715;112;3,4
2026-03-27T16:15:45.152;110;3,5
2026-03-27T16:15:45.677;110;3,0
2026-03-27T16:15:47.114;110;3,0
2026-03-27T16:15:49.035;110;2,9
2026-03-27T16:15:49.036;110;3,0
2026-03-27T16:15:50.473;110;3,0
2026-03-27T16:15:51.435;110;3,1
2026-03-27T16:15:51.875;110;3,3
2026-03-27T16:15:52.877;108;3,7
2026-03-27T16:15:53.839;107;3,6
2026-03-27T16:15:54.799;107;3,6
2026-03-27T16:15:55.760;107;3,7
2026-03-27T16:15:57.195;107;3,7
2026-03-27T16:15:57.681;107;3,9
2026-03-27T16:15:59.121;108;3,7
2026-03-27T16:16:00.079;107;3,5
2026-03-27T16:16:01.519;107;3,4
2026-03-27T16:16:02.471;106;3,6
2026-03-27T16:16:03.919;107;4,1
2026-03-27T16:16:03.920;108;4,1
2026-03-27T16:16:05.356;109;4,0
2026-03-27T16:16:05.795;109;4,0
2026-03-27T16:16:06.793;110;4,1
2026-03-27T16:16:07.755;110;4,0
2026-03-27T16:16:09.199;110;3,6
2026-03-27T16:16:09.636;109;3,7
2026-03-27T16:16:10.633;109;3,7
2026-03-27T16:16:12.071;109;3,7
2026-03-27T16:16:13.998;109;3,7
2026-03-27T16:16:13.999;110;3,6
2026-03-27T16:16:15.907;109;3,8
2026-03-27T16:16:15.908;109;3,4
2026-03-27T16:16:16.879;108;3,4
2026-03-27T16:16:17.845;108;3,3
2026-03-27T16:16:18.795;108;2,7
2026-03-27T16:16:20.714;108;2,8
2026-03-27T16:16:20.715;109;2,9
2026-03-27T16:16:22.116;109;2,9
2026-03-27T16:16:22.639;110;2,8
2026-03-27T16:16:24.074;110;2,7
2026-03-27T16:16:25.035;110;2,6
2026-03-27T16:16:25.993;109;2,6
2026-03-27T16:16:27.397;109;2,7
2026-03-27T16:16:28.355;109;2,5
2026-03-27T16:16:29.314;110;3,7
2026-03-27T16:16:30.278;110;3,7
2026-03-27T16:16:30.755;111;3,5
2026-03-27T16:16:32.198;111;3,4
2026-03-27T16:16:33.157;111;3,3
2026-03-27T16:16:33.681;111;3,5
2026-03-27T16:16:34.635;110;3,8
2026-03-27T16:16:36.072;109;3,7
2026-03-27T16:16:37.514;109;3,6
2026-03-27T16:16:37.954;108;3,6
2026-03-27T16:16:38.949;108;3,6
2026-03-27T16:16:39.915;108;3,6
2026-03-27T16:16:41.351;108;3,6
2026-03-27T16:16:41.796;108;3,5
2026-03-27T16:16:44.715;108;3,4
2026-03-27T16:16:44.716;108;3,4
2026-03-27T16:16:44.716;108;2,0
2026-03-27T16:16:45.672;108;2,0
2026-03-27T16:16:47.601;108;2,0
2026-03-27T16:16:48.557;107;2,1
2026-03-27T16:16:49.044;107;2,3
2026-03-27T16:16:49.998;107;1,9
2026-03-27T16:16:50.957;108;1,4
2026-03-27T16:16:51.918;108;1,4
2026-03-27T16:16:53.371;108;1,4
2026-03-27T16:16:54.318;107;1,5
2026-03-27T16:16:54.793;107;1,6
2026-03-27T16:16:55.752;106;1,7
2026-03-27T16:16:56.714;106;1,7
2026-03-27T16:16:57.677;106;1,7
2026-03-27T16:16:58.635;105;1,8
2026-03-27T16:17:00.082;104;1,9
2026-03-27T16:17:01.039;104;2,1
2026-03-27T16:17:02.480;103;2,1
2026-03-27T16:17:02.916;103;2,2
2026-03-27T16:17:03.921;103;2,4
2026-03-27T16:17:04.883;104;2,4
2026-03-27T16:17:05.840;104;2,2
2026-03-27T16:17:07.277;104;2,2
2026-03-27T16:17:10.157;104;2,2
2026-03-27T16:17:10.158;104;2,2
2026-03-27T16:17:10.159;104;2,2
2026-03-27T16:17:12.076;105;2,2
2026-03-27T16:17:12.077;105;2,1
2026-03-27T16:17:13.032;105;2,1
2026-03-27T16:17:14.954;105;2,4
2026-03-27T16:17:14.955;103;3,6
2026-03-27T16:17:16.391;103;3,5
2026-03-27T16:17:16.877;102;3,5
2026-03-27T16:17:21.678;102;3,4
2026-03-27T16:17:21.678;101;3,4
2026-03-27T16:17:21.679;102;3,4
2026-03-27T16:17:21.679;102;3,7
2026-03-27T16:17:21.680;104;3,8
2026-03-27T16:17:22.625;104;3,9
2026-03-27T16:17:25.039;105;3,9
2026-03-27T16:17:25.039;105;4,0
2026-03-27T16:17:26.954;105;4,2
2026-03-27T16:17:26.955;104;4,6
2026-03-27T16:17:28.397;102;4,7
2026-03-27T16:17:30.799;101;5,1
2026-03-27T16:17:33.195;100;5,0
2026-03-27T16:17:33.196;100;4,9
2026-03-27T16:17:34.643;100;4,5
2026-03-27T16:17:34.643;101;4,9
2026-03-27T16:17:34.644;103;5,4
2026-03-27T16:17:34.645;105;5,8
2026-03-27T16:17:38.484;106;5,8
2026-03-27T16:17:38.485;106;5,7
2026-03-27T16:17:38.486;106;5,7
2026-03-27T16:17:38.915;105;5,7
2026-03-27T16:17:41.357;104;6,0
2026-03-27T16:17:43.758;103;6,5
2026-03-27T16:17:43.759;102;6,4
2026-03-27T16:17:43.759;101;6,3
2026-03-27T16:17:43.759;100;5,9
2026-03-27T16:17:44.716;100;5,9
2026-03-27T16:17:47.116;101;6,0
2026-03-27T16:17:47.117;101;6,0
2026-03-27T16:17:48.078;103;6,8
2026-03-27T16:17:49.038;104;6,6
2026-03-27T16:17:49.956;103;7,0
2026-03-27T16:17:50.917;101;9,4
2026-03-27T16:17:51.920;100;9,3
2026-03-27T16:17:53.837;99;9,3
2026-03-27T16:17:53.838;99;9,7
2026-03-27T16:17:54.799;100;9,7
2026-03-27T16:17:56.234;101;9,7
2026-03-27T16:17:57.196;101;9,5
2026-03-27T16:17:58.166;101;9,2
2026-03-27T16:17:58.594;101;9,2
2026-03-27T16:18:00.080;101;9,2
2026-03-27T16:18:01.035;101;9,2
2026-03-27T16:18:02.476;100;9,2
2026-03-27T16:18:03.437;99;9,4
2026-03-27T16:18:03.916;99;9,2
2026-03-27T16:18:04.879;98;8,7
2026-03-27T16:18:06.318;98;8,6
2026-03-27T16:18:07.770;98;8,6
2026-03-27T16:18:09.194;98;5,5
2026-03-27T16:18:09.195;98;4,7
2026-03-27T16:18:10.155;97;4,4
2026-03-27T16:18:10.637;97;4,4
2026-03-27T16:18:12.091;97;3,5
2026-03-27T16:18:13.038;97;3,1
2026-03-27T16:18:13.999;97;3,1
2026-03-27T16:18:14.956;97;3,1
2026-03-27T16:18:15.896;98;3,0
2026-03-27T16:18:18.318;98;3,2
2026-03-27T16:18:18.318;99;3,1
2026-03-27T16:18:19.277;99;3,1
2026-03-27T16:18:20.717;99;3,1
2026-03-27T16:18:20.717;99;2,4
2026-03-27T16:18:22.153;100;2,4
2026-03-27T16:18:22.635;100;2,5
2026-03-27T16:18:24.076;99;3,8
2026-03-27T16:18:25.519;97;4,0
2026-03-27T16:18:25.956;93;11,0
2026-03-27T16:18:27.920;93;10,9
2026-03-27T16:18:27.921;93;11,9
2026-03-27T16:18:29.358;94;12,9
2026-03-27T16:18:29.840;96;13,2
2026-03-27T16:18:32.238;97;13,2
2026-03-27T16:18:32.720;99;13,1
2026-03-27T16:18:32.721;99;13,1
2026-03-27T16:18:34.643;99;13,2
2026-03-27T16:18:34.644;98;13,3
2026-03-27T16:18:36.077;98;13,4
2026-03-27T16:18:37.036;97;13,4
2026-03-27T16:18:38.000;97;13,4
2026-03-27T16:18:38.959;96;13,4
2026-03-27T16:18:39.900;97;13,4
2026-03-27T16:18:40.899;97;13,5
2026-03-27T16:18:42.315;98;13,3
2026-03-27T16:18:42.798;99;8,4
2026-03-27T16:18:43.754;99;8,4
2026-03-27T16:18:44.718;99;7,0
2026-03-27T16:18:45.680;98;7,9
2026-03-27T16:18:46.648;97;6,9
2026-03-27T16:18:48.078;97;6,3
2026-03-27T16:18:48.996;96;6,3
2026-03-27T16:18:49.956;97;6,3
2026-03-27T16:18:50.923;97;6,4
2026-03-27T16:18:51.918;97;6,1
2026-03-27T16:18:52.877;96;5,9
2026-03-27T16:18:54.317;96;5,9
2026-03-27T16:18:55.758;96;5,9
2026-03-27T16:18:55.758;96;5,9
2026-03-27T16:18:56.707;96;6,8
2026-03-27T16:18:57.641;97;7,2
2026-03-27T16:18:58.675;99;7,4
2026-03-27T16:19:00.071;100;7,2
2026-03-27T16:19:01.029;101;7,2
2026-03-27T16:19:01.996;101;7,3
2026-03-27T16:19:02.958;99;8,3
2026-03-27T16:19:03.910;97;7,7
2026-03-27T16:19:04.876;96;7,7
2026-03-27T16:19:05.845;96;8,2
2026-03-27T16:19:06.799;98;8,6
2026-03-27T16:19:07.757;98;8,6
2026-03-27T16:19:08.715;99;8,6
2026-03-27T16:19:10.640;99;8,6
2026-03-27T16:19:10.640;97;10,9
2026-03-27T16:19:12.079;95;11,0
2026-03-27T16:19:13.037;95;11,0
2026-03-27T16:19:13.955;95;11,5
2026-03-27T16:19:14.902;95;11,2
2026-03-27T16:19:16.344;97;11,0
2026-03-27T16:19:16.818;97;10,8
2026-03-27T16:19:17.781;97;10,8
2026-03-27T16:19:18.755;98;10,8
2026-03-27T16:19:19.717;97;10,7
2026-03-27T16:19:20.679;96;10,4
2026-03-27T16:19:21.627;95;9,7
2026-03-27T16:19:22.595;95;9,7
2026-03-27T16:19:24.519;95;9,3
2026-03-27T16:19:24.999;96;9,2
2026-03-27T16:19:25.958;97;9,4
2026-03-27T16:19:26.906;98;9,4
2026-03-27T16:19:28.359;98;9,4
2026-03-27T16:19:29.784;98;6,5
2026-03-27T16:19:32.676;98;6,4
2026-03-27T16:19:32.677;98;6,5
2026-03-27T16:19:32.678;97;5,7
2026-03-27T16:19:32.679;97;4,9
2026-03-27T16:19:33.639;97;4,9
2026-03-27T16:19:35.559;97;4,9
2026-03-27T16:19:36.035;98;4,9
2026-03-27T16:19:36.999;98;4,9
2026-03-27T16:19:37.958;97;5,4
2026-03-27T16:19:38.918;96;6,9
2026-03-27T16:19:39.875;92;9,6
2026-03-27T16:19:40.835;91;10,7
2026-03-27T16:19:41.796;88;10,7
2026-03-27T16:19:42.756;88;10,8
2026-03-27T16:19:44.675;87;10,6
2026-03-27T16:19:44.677;86;10,4
2026-03-27T16:19:45.672;86;10,4
2026-03-27T16:19:46.597;86;10,6
2026-03-27T16:19:48.040;85;10,6
2026-03-27T16:19:49.032;85;10,5
2026-03-27T16:19:49.991;84;10,5
2026-03-27T16:19:50.949;84;10,5
2026-03-27T16:19:52.406;83;10,6
2026-03-27T16:19:52.836;83;10,6
2026-03-27T16:19:54.756;83;10,7
2026-03-27T16:19:56.675;83;11,3
2026-03-27T16:19:56.676;84;11,4
2026-03-27T16:19:57.139;85;11,5
2026-03-27T16:19:58.116;85;11,7
2026-03-27T16:19:58.595;86;11,4
2026-03-27T16:20:00.999;86;8,7
2026-03-27T16:20:01.001;86;8,0
2026-03-27T16:20:01.959;86;6,7
2026-03-27T16:20:02.918;86;6,7
2026-03-27T16:20:03.878;86;6,6
2026-03-27T16:20:04.838;86;6,7
2026-03-27T16:20:05.796;87;6,7
2026-03-27T16:20:07.716;87;6,7
2026-03-27T16:20:07.717;86;7,9
2026-03-27T16:20:09.155;85;8,4
2026-03-27T16:20:09.635;84;9,8
2026-03-27T16:20:10.594;83;9,8
2026-03-27T16:20:12.038;82;9,8
2026-03-27T16:20:13.479;82;9,7
2026-03-27T16:20:13.957;81;9,7
2026-03-27T16:20:15.398;81;9,6
2026-03-27T16:20:15.879;81;8,8
2026-03-27T16:20:17.318;81;8,9
2026-03-27T16:20:19.718;81;8,9
2026-03-27T16:20:19.721;81;8,9
2026-03-27T16:20:19.722;81;9,1
2026-03-27T16:20:21.159;82;9,3
2026-03-27T16:20:23.077;83;9,3
2026-03-27T16:20:25.522;84;9,9
2026-03-27T16:20:26.474;85;10,7
2026-03-27T16:20:26.475;87;10,7
2026-03-27T16:20:27.442;88;10,6
2026-03-27T16:20:27.443;89;10,6
2026-03-27T16:20:28.392;89;10,6
2026-03-27T16:20:29.355;88;10,1
2026-03-27T16:20:29.797;88;9,8
2026-03-27T16:20:30.801;87;9,5
2026-03-27T16:20:31.753;86;9,5
2026-03-27T16:20:32.723;86;9,5
2026-03-27T16:20:35.113;86;9,8
2026-03-27T16:20:35.113;87;11,0
2026-03-27T16:20:36.075;88;11,0
2026-03-27T16:20:37.046;88;10,9
2026-03-27T16:20:38.479;88;10,9
2026-03-27T16:20:38.958;87;13,7
2026-03-27T16:20:40.393;86;13,5
2026-03-27T16:20:40.834;84;16,1
2026-03-27T16:20:41.837;82;16,0
2026-03-27T16:20:42.798;82;15,5
2026-03-27T16:20:44.239;82;16,7
2026-03-27T16:20:45.195;82;16,7
2026-03-27T16:20:45.679;83;16,7
2026-03-27T16:20:46.637;83;16,7
2026-03-27T16:20:48.078;83;16,7
2026-03-27T16:20:49.039;83;16,6
2026-03-27T16:20:49.994;83;16,4
2026-03-27T16:20:50.919;83;16,0
2026-03-27T16:20:51.917;83;15,9
2026-03-27T16:20:52.890;83;16,1
2026-03-27T16:20:54.792;83;16,6
2026-03-27T16:20:55.236;84;16,6
2026-03-27T16:20:55.757;85;15,9
2026-03-27T16:20:57.204;86;15,9
2026-03-27T16:20:57.638;86;16,0
2026-03-27T16:20:58.631;85;17,3
2026-03-27T16:21:00.076;84;15,6
2026-03-27T16:21:01.046;84;15,6
2026-03-27T16:21:02.001;83;12,8
2026-03-27T16:21:03.928;83;14,3
2026-03-27T16:21:03.930;85;14,9
2026-03-27T16:21:05.319;86;13,7
2026-03-27T16:21:05.797;87;13,8
2026-03-27T16:21:06.791;89;13,8
2026-03-27T16:21:08.233;90;13,8
2026-03-27T16:21:09.675;90;13,7
2026-03-27T16:21:09.675;91;13,6
2026-03-27T16:21:10.633;90;13,7
2026-03-27T16:21:12.065;90;13,7
2026-03-27T16:21:13.033;90;13,7
2026-03-27T16:21:13.993;89;12,9
2026-03-27T16:21:14.918;89;12,9
2026-03-27T16:21:15.879;88;12,9
2026-03-27T16:21:16.839;87;13,0
2026-03-27T16:21:17.799;86;13,6
2026-03-27T16:21:19.720;85;11,7
2026-03-27T16:21:19.722;84;11,3
2026-03-27T16:21:20.678;84;11,3
2026-03-27T16:21:21.639;83;11,7
2026-03-27T16:21:22.641;83;10,2
2026-03-27T16:21:24.067;84;9,7
2026-03-27T16:21:25.027;85;9,3
2026-03-27T16:21:25.998;85;9,3
2026-03-27T16:21:26.959;85;10,4
2026-03-27T16:21:27.917;82;17,2
2026-03-27T16:21:28.875;81;17,2
2026-03-27T16:21:29.832;80;17,2
2026-03-27T16:21:30.808;80;18,1
2026-03-27T16:21:31.758;80;19,6
2026-03-27T16:21:33.199;81;20,3
2026-03-27T16:21:33.638;82;20,1
2026-03-27T16:21:34.633;82;20,1
2026-03-27T16:21:36.075;82;20,3
2026-03-27T16:21:37.036;82;21,6
2026-03-27T16:21:37.997;80;22,8
2026-03-27T16:21:39.436;80;22,7
2026-03-27T16:21:40.878;79;22,3
2026-03-27T16:21:40.878;78;22,5
2026-03-27T16:21:42.796;79;23,1
2026-03-27T16:21:42.797;79;23,3
2026-03-27T16:21:45.197;79;23,1
2026-03-27T16:21:45.197;79;22,9
2026-03-27T16:21:45.690;79;22,8
2026-03-27T16:21:47.598;79;22,6
2026-03-27T16:21:48.036;79;22,6
2026-03-27T16:21:49.035;79;22,1
2026-03-27T16:21:50.959;79;17,3
2026-03-27T16:21:50.959;79;17,8
2026-03-27T16:21:51.914;80;17,8
2026-03-27T16:21:52.879;80;16,9
2026-03-27T16:21:54.328;80;15,1
2026-03-27T16:21:54.756;80;15,2
2026-03-27T16:21:55.757;79;17,1
2026-03-27T16:21:56.717;78;18,0
2026-03-27T16:21:57.675;77;17,7
2026-03-27T16:21:59.120;77;17,5
2026-03-27T16:22:00.568;77;16,5
2026-03-27T16:22:01.045;78;17,0
2026-03-27T16:22:02.480;78;17,1
2026-03-27T16:22:04.397;79;16,6
2026-03-27T16:22:04.397;79;15,8
2026-03-27T16:22:06.801;79;15,5
2026-03-27T16:22:06.801;80;15,6
2026-03-27T16:22:06.802;80;15,6
2026-03-27T16:22:08.719;81;15,8
2026-03-27T16:22:10.640;83;16,3
2026-03-27T16:22:10.641;84;16,5
2026-03-27T16:22:10.641;86;16,6
2026-03-27T16:22:13.522;87;16,1
2026-03-27T16:22:13.523;89;16,0
2026-03-27T16:22:13.958;89;16,1
2026-03-27T16:22:14.960;89;15,7
2026-03-27T16:22:17.783;89;13,1
2026-03-27T16:22:17.784;89;11,8
2026-03-27T16:22:17.784;89;11,9
2026-03-27T16:22:20.718;88;10,2
2026-03-27T16:22:20.719;87;9,3
2026-03-27T16:22:20.719;87;8,4
2026-03-27T16:22:21.681;86;8,1
2026-03-27T16:22:22.635;86;8,1
2026-03-27T16:22:26.956;86;8,2
2026-03-27T16:22:26.957;87;8,8
2026-03-27T16:22:26.957;87;8,6
2026-03-27T16:22:26.958;87;8,2
2026-03-27T16:22:28.398;87;8,2
2026-03-27T16:22:29.844;86;7,9
2026-03-27T16:22:29.845;85;7,5
2026-03-27T16:22:30.804;85;7,5
2026-03-27T16:22:34.640;85;7,9
2026-03-27T16:22:34.641;85;8,0
2026-03-27T16:22:34.641;86;8,4
2026-03-27T16:22:34.642;86;8,2
2026-03-27T16:22:36.554;87;8,2
2026-03-27T16:22:37.996;86;8,6
2026-03-27T16:22:38.958;86;9,3
2026-03-27T16:22:38.959;85;8,8
2026-03-27T16:22:39.916;85;9,4
2026-03-27T16:22:40.866;85;10,1
2026-03-27T16:22:42.322;86;10,3
2026-03-27T16:22:42.759;87;10,3
2026-03-27T16:22:43.762;87;10,3
2026-03-27T16:22:44.724;87;10,2
2026-03-27T16:22:45.695;87;10,4
2026-03-27T16:22:46.639;86;10,7
2026-03-27T16:22:48.040;86;10,2
2026-03-27T16:22:49.037;86;10,2
2026-03-27T16:22:50.005;86;10,3
2026-03-27T16:22:50.974;87;10,3
2026-03-27T16:22:51.922;87;10,2
2026-03-27T16:22:52.878;86;10,0
2026-03-27T16:22:53.836;86;11,1
2026-03-27T16:22:54.802;85;12,8
2026-03-27T16:22:55.762;83;12,7
2026-03-27T16:22:56.717;82;12,7
2026-03-27T16:22:57.684;83;14,4
2026-03-27T16:22:58.647;83;13,9
2026-03-27T16:23:00.082;83;13,9
2026-03-27T16:23:01.040;81;18,1
2026-03-27T16:23:01.995;80;19,3
2026-03-27T16:23:02.960;79;21,0
2026-03-27T16:23:03.919;77;20,9
2026-03-27T16:23:04.884;76;21,9
2026-03-27T16:23:05.839;76;23,2
2026-03-27T16:23:06.798;76;24,2
2026-03-27T16:23:07.765;77;24,2
2026-03-27T16:23:08.726;77;23,9
2026-03-27T16:23:09.684;76;24,5
2026-03-27T16:23:10.643;76;24,6
2026-03-27T16:23:13.051;75;24,5
2026-03-27T16:23:13.052;76;25,1
2026-03-27T16:23:13.994;76;26,1
2026-03-27T16:23:14.956;78;26,6
2026-03-27T16:23:15.917;78;26,5
2026-03-27T16:23:16.880;79;25,9
2026-03-27T16:23:17.841;79;25,4
2026-03-27T16:23:18.795;78;26,9
2026-03-27T16:23:19.756;77;32,2
2026-03-27T16:23:20.717;75;31,4
2026-03-27T16:23:21.638;74;31,4
2026-03-27T16:23:22.643;74;34,5
2026-03-27T16:23:24.081;75;32,9
2026-03-27T16:23:25.043;76;32,2
2026-03-27T16:23:26.009;76;30,9
2026-03-27T16:23:26.966;76;31,2
2026-03-27T16:23:28.404;75;31,8
2026-03-27T16:23:28.882;75;31,2
2026-03-27T16:23:29.835;74;29,4
2026-03-27T16:23:30.806;74;29,4
2026-03-27T16:23:31.765;74;29,4
2026-03-27T16:23:32.725;74;29,6
2026-03-27T16:23:34.639;74;29,2
2026-03-27T16:23:34.639;74;29,0
2026-03-27T16:23:36.094;74;29,0
2026-03-27T16:23:37.048;72;34,6
2026-03-27T16:23:38.009;71;33,8
2026-03-27T16:23:38.959;71;33,7
2026-03-27T16:23:39.909;71;35,4
2026-03-27T16:23:40.874;71;36,0
2026-03-27T16:23:41.854;72;35,8
2026-03-27T16:23:43.756;72;34,7
2026-03-27T16:23:43.756;72;30,6
2026-03-27T16:23:44.715;71;30,5
2026-03-27T16:23:45.680;71;31,4
2026-03-27T16:23:46.640;70;31,4
2026-03-27T16:23:48.566;70;27,6
2026-03-27T16:23:49.517;70;27,4
2026-03-27T16:23:49.957;70;27,9
2026-03-27T16:23:51.436;70;27,9
2026-03-27T16:23:51.916;70;27,6
2026-03-27T16:23:52.877;70;26,9
2026-03-27T16:23:53.843;70;26,9
2026-03-27T16:23:54.799;70;27,0
2026-03-27T16:23:55.759;70;27,0
2026-03-27T16:23:56.720;70;27,0
2026-03-27T16:23:57.681;71;27,6
2026-03-27T16:23:59.597;71;27,9
2026-03-27T16:24:00.559;72;28,6
2026-03-27T16:24:00.998;73;20,7
2026-03-27T16:24:01.991;74;20,7
2026-03-27T16:24:02.964;74;21,5
2026-03-27T16:24:03.919;74;18,5
2026-03-27T16:24:04.880;74;17,2
2026-03-27T16:24:05.835;75;17,4
2026-03-27T16:24:06.803;75;18,0
2026-03-27T16:24:07.761;76;17,0
2026-03-27T16:24:10.161;77;15,3
2026-03-27T16:24:10.162;77;15,3
2026-03-27T16:24:10.643;77;15,6
2026-03-27T16:24:12.560;77;16,0
2026-03-27T16:24:13.039;76;17,6
2026-03-27T16:24:14.474;75;17,6
2026-03-27T16:24:14.918;75;17,6
2026-03-27T16:24:15.918;75;18,4
2026-03-27T16:24:17.364;75;19,0
2026-03-27T16:24:18.799;76;19,4
2026-03-27T16:24:19.761;77;19,6
2026-03-27T16:24:20.240;77;19,7
2026-03-27T16:24:21.205;79;18,4
2026-03-27T16:24:21.637;80;17,7
2026-03-27T16:24:22.642;82;17,7
2026-03-27T16:24:24.088;83;17,7
2026-03-27T16:24:25.518;84;16,5
2026-03-27T16:24:26.482;84;16,5
2026-03-27T16:24:26.918;84;17,0
2026-03-27T16:24:29.355;83;16,5
2026-03-27T16:24:29.835;83;16,4
2026-03-27T16:24:29.836;83;16,2
2026-03-27T16:24:30.794;83;16,4
2026-03-27T16:24:31.762;83;16,4
2026-03-27T16:24:32.715;84;14,5
2026-03-27T16:24:34.636;84;13,3
2026-03-27T16:24:34.637;84;13,5
2026-03-27T16:24:36.555;83;17,5
2026-03-27T16:24:37.999;81;17,2
2026-03-27T16:24:38.482;80;16,5
2026-03-27T16:24:38.919;80;16,0
2026-03-27T16:24:40.882;80;16,3
2026-03-27T16:24:40.883;80;16,8
2026-03-27T16:24:41.843;80;16,5
2026-03-27T16:24:42.805;81;16,3
2026-03-27T16:24:44.724;82;16,7
2026-03-27T16:24:44.724;83;16,7
2026-03-27T16:24:46.643;84;16,7
2026-03-27T16:24:46.644;85;16,7
2026-03-27T16:24:48.086;85;16,1
2026-03-27T16:24:49.053;86;16,0
2026-03-27T16:24:50.000;85;16,4
2026-03-27T16:24:50.953;85;16,7
2026-03-27T16:24:51.914;84;16,6
2026-03-27T16:24:52.876;84;16,3
2026-03-27T16:24:53.837;84;16,1
2026-03-27T16:24:54.799;83;16,1
2026-03-27T16:24:55.770;83;16,4
2026-03-27T16:24:56.721;81;13,4
2026-03-27T16:24:58.163;80;14,0
2026-03-27T16:24:58.583;79;13,9
2026-03-27T16:25:00.079;78;13,9
2026-03-27T16:25:00.989;77;14,8
2026-03-27T16:25:01.983;77;15,0
2026-03-27T16:25:02.958;77;14,7
2026-03-27T16:25:03.914;78;14,4
2026-03-27T16:25:04.873;78;14,3
2026-03-27T16:25:05.836;78;14,5
2026-03-27T16:25:06.796;77;15,2
2026-03-27T16:25:07.756;76;22,9
2026-03-27T16:25:08.720;75;22,8
2026-03-27T16:25:09.677;74;24,2
2026-03-27T16:25:10.637;74;24,8
2026-03-27T16:25:12.080;74;25,3
2026-03-27T16:25:13.522;75;25,8
2026-03-27T16:25:15.449;76;25,5
2026-03-27T16:25:15.449;76;25,5
2026-03-27T16:25:15.917;75;27,2
2026-03-27T16:25:16.877;75;27,2
2026-03-27T16:25:18.800;75;27,8
2026-03-27T16:25:18.800;77;28,4
2026-03-27T16:25:20.725;78;28,5
2026-03-27T16:25:20.726;80;28,0
2026-03-27T16:25:21.681;81;28,0
2026-03-27T16:25:22.635;82;28,0
2026-03-27T16:25:23.601;82;28,2
2026-03-27T16:25:25.045;81;29,7
2026-03-27T16:25:26.004;80;30,3
2026-03-27T16:25:26.956;78;32,1
2026-03-27T16:25:27.917;77;32,1
2026-03-27T16:25:28.885;77;32,0
2026-03-27T16:25:31.279;76;27,5
2026-03-27T16:25:31.279;76;27,6
2026-03-27T16:25:32.232;76;27,6
2026-03-27T16:25:32.718;76;26,4
2026-03-27T16:25:34.642;76;26,0
2026-03-27T16:25:34.643;75;24,9
2026-03-27T16:25:36.559;75;24,7
2026-03-27T16:25:37.035;75;24,8
2026-03-27T16:25:37.998;75;24,8
2026-03-27T16:25:39.442;74;23,0
2026-03-27T16:25:39.880;74;23,0
2026-03-27T16:25:40.879;74;22,4
2026-03-27T16:25:41.838;74;21,5
2026-03-27T16:25:42.804;74;21,2
2026-03-27T16:25:43.762;73;20,5
2026-03-27T16:25:44.716;73;20,5
2026-03-27T16:25:45.681;72;20,5
2026-03-27T16:25:46.645;72;20,5
2026-03-27T16:25:48.558;74;20,5
2026-03-27T16:25:49.001;74;20,9
2026-03-27T16:25:49.994;77;18,0
2026-03-27T16:25:50.966;77;18,0
2026-03-27T16:25:52.883;78;16,7
2026-03-27T16:25:52.883;78;16,6
2026-03-27T16:25:53.800;77;16,5
2026-03-27T16:25:55.273;77;18,9
2026-03-27T16:25:55.762;76;18,6
2026-03-27T16:25:56.712;76;18,6
2026-03-27T16:25:57.673;75;18,6
2026-03-27T16:25:58.640;75;18,6
2026-03-27T16:26:00.083;75;18,9
2026-03-27T16:26:01.041;74;18,8
2026-03-27T16:26:02.002;73;18,8
2026-03-27T16:26:02.960;73;18,8
2026-03-27T16:26:04.877;73;19,2
2026-03-27T16:26:06.317;74;19,1
2026-03-27T16:26:06.318;74;19,0
2026-03-27T16:26:07.283;74;18,8
2026-03-27T16:26:08.244;74;18,9
2026-03-27T16:26:09.204;75;20,3
2026-03-27T16:26:10.158;75;17,1
2026-03-27T16:26:10.599;77;14,4
2026-03-27T16:26:12.081;77;14,4
2026-03-27T16:26:13.045;77;15,3
2026-03-27T16:26:14.005;77;20,2
2026-03-27T16:26:14.921;76;20,7
2026-03-27T16:26:15.915;74;20,7
2026-03-27T16:26:16.880;74;20,7
2026-03-27T16:26:18.798;74;21,9
2026-03-27T16:26:18.799;75;23,0
2026-03-27T16:26:19.756;77;24,0
2026-03-27T16:26:20.720;79;24,1
2026-03-27T16:26:21.690;82;24,5
2026-03-27T16:26:22.640;83;24,5
2026-03-27T16:26:24.076;86;24,5
2026-03-27T16:26:25.038;87;24,2
2026-03-27T16:26:26.000;87;24,7
2026-03-27T16:26:27.450;88;24,7
2026-03-27T16:26:28.404;88;24,7
2026-03-27T16:26:29.366;88;24,6
2026-03-27T16:26:30.323;89;23,7
2026-03-27T16:26:30.759;89;23,4
2026-03-27T16:26:31.757;90;23,5
2026-03-27T16:26:32.720;90;22,9
2026-03-27T16:26:33.678;91;18,0
2026-03-27T16:26:35.123;91;18,0
2026-03-27T16:26:36.089;92;18,0
2026-03-27T16:26:37.519;92;14,2
2026-03-27T16:26:37.957;92;11,6
2026-03-27T16:26:39.919;92;9,3
2026-03-27T16:26:39.919;92;9,2
2026-03-27T16:26:41.368;92;6,7
2026-03-27T16:26:42.798;92;6,8
2026-03-27T16:26:42.799;93;6,8
2026-03-27T16:26:43.758;93;6,5
2026-03-27T16:26:44.725;92;6,4
2026-03-27T16:26:45.681;90;6,9
2026-03-27T16:26:47.122;89;7,9
2026-03-27T16:26:47.605;88;7,9
2026-03-27T16:26:49.038;87;7,9
2026-03-27T16:26:49.999;87;7,9
2026-03-27T16:26:51.439;88;8,4
2026-03-27T16:26:51.919;89;9,1
2026-03-27T16:26:52.880;90;9,1
2026-03-27T16:26:53.849;90;9,6
2026-03-27T16:26:54.804;89;10,3
2026-03-27T16:26:56.239;89;10,3
2026-03-27T16:26:56.679;87;11,8
2026-03-27T16:26:58.645;86;11,8
2026-03-27T16:26:58.646;85;11,9
2026-03-27T16:27:00.087;85;11,9
2026-03-27T16:27:02.005;85;12,2
2026-03-27T16:27:02.006;85;13,0
2026-03-27T16:27:03.913;86;13,0
2026-03-27T16:27:03.914;86;13,0
2026-03-27T16:27:04.877;86;13,0
2026-03-27T16:27:05.842;84;18,6
2026-03-27T16:27:07.286;79;23,3
2026-03-27T16:27:08.240;78;23,0
2026-03-27T16:27:09.680;77;23,1
2026-03-27T16:27:10.162;77;23,7
2026-03-27T16:27:10.601;77;24,6
2026-03-27T16:27:14.482;79;25,8
2026-03-27T16:27:14.482;79;25,6
2026-03-27T16:27:14.482;80;25,6
2026-03-27T16:27:14.921;81;25,6
2026-03-27T16:27:15.922;81;25,5
2026-03-27T16:27:16.883;80;25,9
2026-03-27T16:27:17.843;80;26,9
2026-03-27T16:27:18.800;79;26,4
2026-03-27T16:27:19.763;78;26,4
2026-03-27T16:27:20.729;79;28,4
2026-03-27T16:27:21.641;79;28,5
2026-03-27T16:27:22.635;80;28,4
2026-03-27T16:27:25.039;80;28,4
2026-03-27T16:27:25.040;80;29,7
2026-03-27T16:27:27.437;79;29,7
2026-03-27T16:27:27.438;79;29,7
2026-03-27T16:27:27.881;79;26,2
2026-03-27T16:27:28.878;79;23,1
2026-03-27T16:27:30.799;79;23,1
2026-03-27T16:27:30.800;79;23,0
2026-03-27T16:27:31.761;79;22,4
2026-03-27T16:27:33.194;80;21,3
2026-03-27T16:27:33.638;80;19,4
2026-03-27T16:27:34.636;80;19,3
2026-03-27T16:27:36.561;80;19,3
2026-03-27T16:27:36.990;80;19,4
2026-03-27T16:27:38.001;80;19,2
2026-03-27T16:27:38.972;79;18,3
2026-03-27T16:27:40.409;79;16,6
2026-03-27T16:27:40.841;80;16,7
2026-03-27T16:27:41.855;80;16,9
2026-03-27T16:27:42.744;80;13,3
2026-03-27T16:27:44.683;81;13,1
2026-03-27T16:27:44.683;81;13,1
2026-03-27T16:27:45.626;82;12,9
2026-03-27T16:27:46.583;82;8,5
2026-03-27T16:27:47.543;82;8,5
2026-03-27T16:27:48.984;83;9,2
2026-03-27T16:27:50.425;83;5,7
2026-03-27T16:27:51.402;85;6,5
2026-03-27T16:27:51.912;85;6,5
2026-03-27T16:27:52.878;87;6,5
2026-03-27T16:27:54.281;88;6,6
2026-03-27T16:27:54.807;88;6,3
2026-03-27T16:27:55.706;88;7,1
2026-03-27T16:27:56.716;88;7,1
2026-03-27T16:27:57.684;88;7,1
2026-03-27T16:27:59.120;88;7,1
2026-03-27T16:27:59.561;87;7,3
2026-03-27T16:28:00.984;86;7,7
2026-03-27T16:28:01.996;86;7,6
2026-03-27T16:28:03.436;85;7,3
2026-03-27T16:28:03.922;84;7,2
2026-03-27T16:28:04.881;84;7,3
2026-03-27T16:28:05.832;84;7,4
2026-03-27T16:28:06.798;82;8,0
2026-03-27T16:28:07.765;82;9,0
2026-03-27T16:28:08.726;81;9,3
2026-03-27T16:28:10.648;80;9,0
2026-03-27T16:28:10.648;80;10,3
2026-03-27T16:28:11.597;80;10,3
2026-03-27T16:28:13.043;81;11,1
2026-03-27T16:28:14.003;81;11,1
2026-03-27T16:28:15.400;82;11,1
2026-03-27T16:28:15.917;82;11,8
2026-03-27T16:28:17.361;82;12,8
2026-03-27T16:28:17.801;81;12,7
2026-03-27T16:28:19.283;80;17,9
2026-03-27T16:28:19.720;78;18,0
2026-03-27T16:28:21.198;77;18,0
2026-03-27T16:28:22.156;77;19,0
2026-03-27T16:28:23.606;78;22,9
2026-03-27T16:28:25.002;78;23,1
2026-03-27T16:28:25.962;80;23,1
2026-03-27T16:28:25.964;80;23,1
2026-03-27T16:28:26.957;81;23,1
2026-03-27T16:28:28.399;82;23,0
2026-03-27T16:28:28.881;82;22,8
2026-03-27T16:28:29.842;83;22,4
2026-03-27T16:28:30.798;83;22,4
2026-03-27T16:28:32.723;83;21,7
2026-03-27T16:28:32.724;83;21,7
2026-03-27T16:28:34.164;84;21,4
2026-03-27T16:28:34.602;84;21,0
2026-03-27T16:28:35.601;84;21,0
2026-03-27T16:28:37.043;84;21,0
2026-03-27T16:28:37.998;84;20,9
2026-03-27T16:28:38.961;82;23,8
2026-03-27T16:28:39.925;81;27,9
2026-03-27T16:28:40.885;78;25,0
2026-03-27T16:28:41.839;77;25,0
2026-03-27T16:28:42.800;77;26,6
2026-03-27T16:28:44.718;77;24,0
2026-03-27T16:28:44.718;77;23,9
2026-03-27T16:28:45.684;77;23,8
2026-03-27T16:28:46.642;77;23,6
2026-03-27T16:28:47.602;77;23,8
2026-03-27T16:28:49.515;76;24,9
2026-03-27T16:28:49.962;75;24,9
2026-03-27T16:28:51.445;75;24,9
2026-03-27T16:28:51.881;75;25,8
2026-03-27T16:28:52.886;76;27,2
2026-03-27T16:28:54.807;77;27,2
2026-03-27T16:28:54.807;77;27,2
2026-03-27T16:28:55.764;77;27,3
2026-03-27T16:28:56.718;77;27,9
2026-03-27T16:28:57.682;75;33,5
2026-03-27T16:28:58.642;74;33,5
2026-03-27T16:28:59.597;73;33,5
2026-03-27T16:29:01.049;73;34,8
2026-03-27T16:29:02.482;74;35,1
2026-03-27T16:29:02.921;76;32,5
2026-03-27T16:29:03.922;77;32,7
2026-03-27T16:29:04.878;78;32,7
2026-03-27T16:29:05.844;79;31,4
2026-03-27T16:29:06.805;79;31,0
2026-03-27T16:29:07.765;78;32,4
2026-03-27T16:29:09.681;77;35,2
2026-03-27T16:29:09.682;76;35,2
2026-03-27T16:29:11.118;76;35,0
2026-03-27T16:29:11.563;76;35,4
2026-03-27T16:29:13.031;76;36,0
2026-03-27T16:29:13.996;77;36,4
2026-03-27T16:29:14.956;78;36,0
2026-03-27T16:29:15.919;79;34,9
2026-03-27T16:29:16.881;79;35,0
2026-03-27T16:29:18.320;78;40,1
2026-03-27T16:29:19.290;76;43,7
2026-03-27T16:29:19.721;75;43,4
2026-03-27T16:29:20.722;74;42,2
2026-03-27T16:29:21.683;74;42,3
2026-03-27T16:29:22.641;74;43,1
2026-03-27T16:29:23.598;75;42,1
2026-03-27T16:29:25.041;76;40,0
2026-03-27T16:29:26.003;77;39,4
2026-03-27T16:29:27.442;78;39,3
2026-03-27T16:29:28.396;79;39,4
2026-03-27T16:29:28.841;80;39,3
2026-03-27T16:29:30.324;82;37,7
2026-03-27T16:29:32.722;82;35,1
2026-03-27T16:29:33.200;83;35,1
2026-03-27T16:29:33.201;84;34,9
2026-03-27T16:29:33.640;84;34,0
2026-03-27T16:29:35.123;84;32,9
2026-03-27T16:29:35.560;85;32,7
2026-03-27T16:29:37.047;84;32,8
2026-03-27T16:29:38.004;84;33,1
2026-03-27T16:29:38.965;82;34,0
2026-03-27T16:29:39.924;80;23,3
2026-03-27T16:29:40.884;79;23,3
2026-03-27T16:29:41.845;79;18,8
2026-03-27T16:29:42.805;79;19,8
2026-03-27T16:29:44.710;80;19,1
2026-03-27T16:29:45.163;81;19,1
2026-03-27T16:29:45.659;82;19,0
2026-03-27T16:29:46.603;82;19,0
2026-03-27T16:29:47.581;82;19,0
2026-03-27T16:29:49.483;81;21,1
2026-03-27T16:29:50.443;80;22,1
2026-03-27T16:29:50.956;79;22,3
2026-03-27T16:29:51.883;78;22,3
2026-03-27T16:29:53.323;78;23,4
2026-03-27T16:29:54.279;78;24,6
2026-03-27T16:29:55.243;79;24,7
2026-03-27T16:29:55.720;80;24,7
2026-03-27T16:29:57.665;80;24,7
2026-03-27T16:29:57.666;80;24,7
2026-03-27T16:29:58.601;81;24,6
2026-03-27T16:30:00.044;81;23,0
2026-03-27T16:30:01.484;80;21,1
2026-03-27T16:30:01.961;81;21,1
2026-03-27T16:30:02.923;81;21,5
2026-03-27T16:30:03.882;81;20,1
2026-03-27T16:30:04.826;82;17,8
2026-03-27T16:30:05.803;82;17,3
2026-03-27T16:30:06.763;83;17,5
2026-03-27T16:30:07.722;84;17,7
2026-03-27T16:30:09.164;84;17,7
2026-03-27T16:30:10.123;85;14,6
2026-03-27T16:30:10.665;85;13,4
2026-03-27T16:30:11.563;85;13,8
2026-03-27T16:30:13.004;84;13,8
2026-03-27T16:30:13.963;83;11,8
2026-03-27T16:30:14.924;83;8,8
2026-03-27T16:30:15.883;83;8,8
2026-03-27T16:30:16.844;84;9,2
2026-03-27T16:30:18.764;85;10,1
2026-03-27T16:30:18.766;85;10,1
2026-03-27T16:30:19.723;86;10,5
2026-03-27T16:30:22.123;88;12,2
2026-03-27T16:30:22.600;89;12,2
2026-03-27T16:30:22.602;90;11,8
2026-03-27T16:30:23.564;88;18,9
2026-03-27T16:30:25.003;87;18,9
2026-03-27T16:30:25.963;86;18,9
2026-03-27T16:30:26.922;86;19,0
2026-03-27T16:30:27.884;86;18,9
2026-03-27T16:30:28.843;86;19,0
2026-03-27T16:30:29.804;87;19,2
2026-03-27T16:30:30.762;88;18,8
2026-03-27T16:30:31.724;89;18,3
2026-03-27T16:30:33.163;89;18,3
2026-03-27T16:30:33.641;88;18,9
2026-03-27T16:30:34.605;87;20,1
2026-03-27T16:30:35.563;86;20,0
2026-03-27T16:30:37.037;85;20,0
2026-03-27T16:30:38.003;84;19,8
2026-03-27T16:30:40.412;84;19,4
2026-03-27T16:30:42.804;83;19,2
2026-03-27T16:30:42.804;84;18,0
2026-03-27T16:30:42.805;84;18,0
2026-03-27T16:30:42.805;84;18,0
2026-03-27T16:30:44.734;84;17,5
2026-03-27T16:30:44.734;84;10,1
2026-03-27T16:30:45.680;83;10,3
2026-03-27T16:30:46.642;83;10,2
2026-03-27T16:30:47.605;83;10,1
2026-03-27T16:30:50.015;83;9,8
2026-03-27T16:30:50.016;83;9,7
2026-03-27T16:30:51.433;84;10,1
2026-03-27T16:30:51.920;85;10,1
2026-03-27T16:30:52.854;85;10,1
2026-03-27T16:30:53.840;85;10,1
2026-03-27T16:30:55.766;84;12,8
2026-03-27T16:30:55.767;77;24,1
2026-03-27T16:30:56.713;76;23,5
2026-03-27T16:30:57.682;76;25,0
2026-03-27T16:30:58.638;76;26,8
2026-03-27T16:30:59.596;78;27,9
2026-03-27T16:31:01.033;79;28,0
2026-03-27T16:31:02.016;82;28,0
2026-03-27T16:31:03.011;83;28,0
2026-03-27T16:31:03.887;84;28,0
2026-03-27T16:31:04.844;84;28,5
2026-03-27T16:31:05.803;84;29,0
2026-03-27T16:31:06.801;84;28,9
2026-03-27T16:31:07.762;83;29,2
2026-03-27T16:31:09.688;83;29,1
2026-03-27T16:31:09.689;82;29,3
2026-03-27T16:31:10.641;83;29,3
2026-03-27T16:31:11.601;83;29,2
2026-03-27T16:31:13.044;84;29,1
2026-03-27T16:31:14.002;84;29,1
2026-03-27T16:31:14.961;84;28,0
2026-03-27T16:31:15.925;84;18,2
2026-03-27T16:31:16.880;84;18,3
2026-03-27T16:31:17.844;83;18,4
2026-03-27T16:31:18.805;83;16,4
2026-03-27T16:31:19.762;83;12,4
2026-03-27T16:31:20.715;83;10,9
2026-03-27T16:31:22.646;84;11,2
2026-03-27T16:31:22.647;85;11,3
2026-03-27T16:31:23.615;85;11,3
2026-03-27T16:31:25.045;85;11,3
2026-03-27T16:31:26.002;85;11,4
2026-03-27T16:31:26.965;84;10,4
2026-03-27T16:31:27.925;83;9,8
2026-03-27T16:31:29.842;83;9,9
2026-03-27T16:31:29.843;84;11,4
2026-03-27T16:31:31.764;85;12,5
2026-03-27T16:31:31.765;87;12,8
2026-03-27T16:31:32.719;89;12,6
2026-03-27T16:31:33.683;90;12,6
2026-03-27T16:31:34.643;92;12,5
2026-03-27T16:31:35.611;92;12,3
2026-03-27T16:31:37.043;93;12,1
2026-03-27T16:31:37.944;91;15,8
2026-03-27T16:31:38.910;89;17,7
2026-03-27T16:31:39.865;88;17,6
2026-03-27T16:31:40.840;86;19,3
