Phone timestamp;HR [bpm];HRV [ms];Breathing interval [rpm];
2026-03-27T15:24:54.679;93;3,5
2026-03-27T15:24:55.666;95;19,5
2026-03-27T15:24:56.629;97;19,5
2026-03-27T15:24:58.048;102;20,7
2026-03-27T15:24:59.008;104;20,8
2026-03-27T15:24:59.965;105;20,8
2026-03-27T15:25:00.926;105;20,8
2026-03-27T15:25:02.897;106;20,7
2026-03-27T15:25:02.897;107;20,8
2026-03-27T15:25:03.789;108;20,8
2026-03-27T15:25:04.837;109;20,8
2026-03-27T15:25:05.712;110;20,8
2026-03-27T15:25:06.674;110;20,8
2026-03-27T15:25:07.631;110;20,8
2026-03-27T15:25:08.646;110;20,9
2026-03-27T15:25:10.048;111;20,8
2026-03-27T15:25:11.053;111;20,8
2026-03-27T15:25:11.997;112;8,0
2026-03-27T15:25:13.444;112;3,7
2026-03-27T15:25:13.938;113;3,8
2026-03-27T15:25:14.882;114;3,3
2026-03-27T15:25:15.843;114;3,3
2026-03-27T15:25:17.282;113;3,5
2026-03-27T15:25:17.726;112;4,1
2026-03-27T15:25:18.725;111;3,8
2026-03-27T15:25:19.683;110;3,7
2026-03-27T15:25:20.648;109;3,7
2026-03-27T15:25:22.093;109;4,0
2026-03-27T15:25:23.056;110;4,1
2026-03-27T15:25:24.015;111;4,0
2026-03-27T15:25:24.955;112;3,8
2026-03-27T15:25:25.924;113;3,9
2026-03-27T15:25:26.886;114;3,8
2026-03-27T15:25:27.840;115;3,8
2026-03-27T15:25:28.805;116;3,8
2026-03-27T15:25:29.759;116;3,7
2026-03-27T15:25:31.682;116;3,7
2026-03-27T15:25:32.164;116;3,6
2026-03-27T15:25:33.164;117;2,8
2026-03-27T15:25:34.572;118;2,9
2026-03-27T15:25:35.004;119;3,0
2026-03-27T15:25:35.966;119;3,0
2026-03-27T15:25:36.928;119;2,6
2026-03-27T15:25:37.924;119;2,5
2026-03-27T15:25:38.882;118;2,5
2026-03-27T15:25:40.329;118;2,3
2026-03-27T15:25:40.812;118;2,2
2026-03-27T15:25:41.772;118;2,1
2026-03-27T15:25:42.732;119;2,0
2026-03-27T15:25:43.691;119;2,0
2026-03-27T15:25:44.650;118;2,1
2026-03-27T15:25:46.091;118;2,1
2026-03-27T15:25:47.045;118;2,1
2026-03-27T15:25:48.005;118;2,1
2026-03-27T15:25:48.967;117;1,9
2026-03-27T15:25:50.405;117;1,9
2026-03-27T15:25:51.365;117;1,9
2026-03-27T15:25:51.852;117;1,9
2026-03-27T15:25:52.806;117;2,1
2026-03-27T15:25:53.762;117;1,9
2026-03-27T15:25:54.729;119;2,0
2026-03-27T15:25:55.688;121;4,1
2026-03-27T15:25:56.648;123;4,1
2026-03-27T15:25:58.094;125;4,2
2026-03-27T15:25:59.047;126;4,2
2026-03-27T15:26:00.005;128;4,3
2026-03-27T15:26:00.971;129;4,3
2026-03-27T15:26:02.895;131;4,4
2026-03-27T15:26:02.896;132;4,4
2026-03-27T15:26:03.849;133;4,5
2026-03-27T15:26:04.806;135;4,4
2026-03-27T15:26:05.772;135;4,3
2026-03-27T15:26:07.208;137;4,4
2026-03-27T15:26:07.691;138;3,0
2026-03-27T15:26:08.651;138;2,4
2026-03-27T15:26:10.577;139;2,5
2026-03-27T15:26:11.532;140;2,3
2026-03-27T15:26:12.485;141;2,0
2026-03-27T15:26:12.968;141;1,9
2026-03-27T15:26:13.930;141;1,7
2026-03-27T15:26:14.885;141;1,7
2026-03-27T15:26:15.850;142;1,4
2026-03-27T15:26:17.291;142;1,4
2026-03-27T15:26:17.727;142;1,5
2026-03-27T15:26:18.679;142;1,3
2026-03-27T15:26:19.636;143;1,5
2026-03-27T15:26:20.597;143;1,6
2026-03-27T15:26:22.510;144;1,6
2026-03-27T15:26:22.991;145;1,5
2026-03-27T15:26:24.484;145;1,5
2026-03-27T15:26:24.929;145;1,5
2026-03-27T15:26:25.921;145;1,4
2026-03-27T15:26:26.891;145;1,4
2026-03-27T15:26:28.755;145;1,5
2026-03-27T15:26:28.758;145;1,4
2026-03-27T15:26:29.763;145;1,3
2026-03-27T15:26:30.726;146;1,1
2026-03-27T15:26:31.687;146;0,9
2026-03-27T15:26:32.646;146;0,7
2026-03-27T15:26:34.092;147;0,8
2026-03-27T15:26:35.037;147;0,8
2026-03-27T15:26:36.489;148;0,8
2026-03-27T15:26:36.973;148;0,9
2026-03-27T15:26:37.929;149;0,9
2026-03-27T15:26:38.888;149;0,9
2026-03-27T15:26:39.806;149;0,9
2026-03-27T15:26:40.797;150;0,8
2026-03-27T15:26:41.745;150;0,8
2026-03-27T15:26:42.689;150;0,9
2026-03-27T15:26:44.174;149;1,0
2026-03-27T15:26:44.649;149;0,9
2026-03-27T15:26:46.567;150;0,8
2026-03-27T15:26:47.006;150;0,9
2026-03-27T15:26:48.004;150;0,9
2026-03-27T15:26:49.923;150;1,0
2026-03-27T15:26:49.924;151;1,3
2026-03-27T15:26:50.895;151;1,3
2026-03-27T15:26:51.807;151;1,3
2026-03-27T15:26:52.770;152;1,3
2026-03-27T15:26:53.730;151;1,2
2026-03-27T15:26:54.731;152;1,1
2026-03-27T15:26:55.687;152;1,2
2026-03-27T15:26:57.605;152;1,2
2026-03-27T15:26:58.094;152;1,1
2026-03-27T15:26:59.064;152;1,0
2026-03-27T15:27:00.008;152;1,0
2026-03-27T15:27:00.969;152;0,5
2026-03-27T15:27:01.929;152;0,5
2026-03-27T15:27:02.891;152;0,8
2026-03-27T15:27:04.333;152;0,8
2026-03-27T15:27:05.292;152;0,9
2026-03-27T15:27:05.726;151;0,9
2026-03-27T15:27:06.729;152;1,0
2026-03-27T15:27:07.687;152;1,0
2026-03-27T15:27:08.645;152;1,2
2026-03-27T15:27:10.091;152;1,3
2026-03-27T15:27:10.994;153;1,4
2026-03-27T15:27:11.954;153;1,5
2026-03-27T15:27:12.915;153;1,7
2026-03-27T15:27:13.877;153;1,8
2026-03-27T15:27:14.834;153;1,7
2026-03-27T15:27:16.289;152;1,7
2026-03-27T15:27:17.294;152;1,7
2026-03-27T15:27:17.729;152;1,7
2026-03-27T15:27:18.731;151;1,7
2026-03-27T15:27:20.120;151;1,5
2026-03-27T15:27:20.620;151;1,6
2026-03-27T15:27:22.561;151;1,5
2026-03-27T15:27:23.007;151;1,5
2026-03-27T15:27:24.003;151;1,0
2026-03-27T15:27:25.942;151;0,7
2026-03-27T15:27:26.367;151;1,0
2026-03-27T15:27:26.939;151;1,2
2026-03-27T15:27:27.804;151;1,2
2026-03-27T15:27:29.249;151;1,2
2026-03-27T15:27:29.729;151;1,2
2026-03-27T15:27:32.170;150;1,2
2026-03-27T15:27:32.171;150;1,2
2026-03-27T15:27:34.089;150;1,1
2026-03-27T15:27:34.090;150;1,1
2026-03-27T15:27:37.447;149;1,2
2026-03-27T15:27:37.448;149;1,2
2026-03-27T15:27:37.886;148;1,2
2026-03-27T15:27:38.412;148;0,7
2026-03-27T15:27:38.833;148;1,2
2026-03-27T15:27:39.807;146;1,2
2026-03-27T15:27:40.755;145;1,5
2026-03-27T15:27:41.712;144;1,4
2026-03-27T15:27:43.170;143;1,5
2026-03-27T15:27:43.694;143;1,5
2026-03-27T15:27:44.649;142;1,5
2026-03-27T15:27:47.053;142;1,5
2026-03-27T15:27:47.054;142;1,5
2026-03-27T15:27:47.958;143;1,5
2026-03-27T15:27:49.448;142;1,5
2026-03-27T15:27:49.927;142;2,1
2026-03-27T15:27:50.909;140;2,4
2026-03-27T15:27:52.328;138;2,3
2026-03-27T15:27:53.289;137;2,5
2026-03-27T15:27:53.728;136;2,4
2026-03-27T15:27:55.211;136;2,4
2026-03-27T15:27:55.687;135;2,4
2026-03-27T15:27:59.044;135;2,4
2026-03-27T15:27:59.045;136;2,4
2026-03-27T15:27:59.046;135;2,4
2026-03-27T15:28:00.491;135;2,7
2026-03-27T15:28:00.930;132;3,4
2026-03-27T15:28:02.882;130;3,5
2026-03-27T15:28:02.883;129;3,2
2026-03-27T15:28:03.846;129;3,0
2026-03-27T15:28:04.811;128;3,0
2026-03-27T15:28:05.766;128;3,0
2026-03-27T15:28:06.733;128;2,9
2026-03-27T15:28:08.170;129;2,9
2026-03-27T15:28:08.649;130;2,9
2026-03-27T15:28:11.050;130;2,9
2026-03-27T15:28:11.050;129;3,1
2026-03-27T15:28:12.009;128;3,5
2026-03-27T15:28:12.969;124;7,7
2026-03-27T15:28:13.939;120;8,2
2026-03-27T15:28:14.888;119;8,3
2026-03-27T15:28:15.857;120;8,4
2026-03-27T15:28:16.807;121;8,4
2026-03-27T15:28:18.245;122;8,5
2026-03-27T15:28:18.736;124;8,5
2026-03-27T15:28:19.691;125;8,5
2026-03-27T15:28:22.566;126;8,5
2026-03-27T15:28:22.567;127;8,5
2026-03-27T15:28:23.049;127;8,5
2026-03-27T15:28:24.011;127;8,5
2026-03-27T15:28:24.966;127;8,5
2026-03-27T15:28:25.930;125;8,7
2026-03-27T15:28:26.850;124;5,4
2026-03-27T15:28:27.846;123;4,4
2026-03-27T15:28:28.807;123;4,3
2026-03-27T15:28:29.763;123;3,5
2026-03-27T15:28:30.732;124;3,4
2026-03-27T15:28:31.696;124;3,3
2026-03-27T15:28:32.653;125;3,2
2026-03-27T15:28:34.079;125;3,2
2026-03-27T15:28:35.047;125;3,2
2026-03-27T15:28:36.008;125;3,2
2026-03-27T15:28:36.973;124;3,4
2026-03-27T15:28:37.939;123;3,4
2026-03-27T15:28:39.372;122;3,3
2026-03-27T15:28:39.809;123;2,0
2026-03-27T15:28:40.812;123;2,4
2026-03-27T15:28:41.766;124;2,5
2026-03-27T15:28:42.728;124;2,4
2026-03-27T15:28:43.685;123;2,6
2026-03-27T15:28:44.654;123;2,6
2026-03-27T15:28:46.098;122;2,6
2026-03-27T15:28:47.039;122;2,5
2026-03-27T15:28:48.008;123;2,9
2026-03-27T15:28:48.966;124;2,9
2026-03-27T15:28:49.923;124;2,8
2026-03-27T15:28:50.893;125;2,7
2026-03-27T15:28:51.852;124;2,7
2026-03-27T15:28:53.293;124;2,7
2026-03-27T15:28:53.769;123;2,7
2026-03-27T15:28:54.734;123;2,5
2026-03-27T15:28:55.688;122;2,5
2026-03-27T15:28:57.629;122;2,5
2026-03-27T15:28:58.573;123;2,9
2026-03-27T15:28:59.009;124;2,9
2026-03-27T15:29:00.009;125;2,9
2026-03-27T15:29:00.970;126;2,9
2026-03-27T15:29:03.372;127;2,8
2026-03-27T15:29:03.372;127;2,8
2026-03-27T15:29:03.807;128;2,8
2026-03-27T15:29:04.815;129;2,6
2026-03-27T15:29:06.249;130;2,6
2026-03-27T15:29:06.689;131;2,7
2026-03-27T15:29:07.688;131;2,7
2026-03-27T15:29:08.655;132;2,5
2026-03-27T15:29:10.098;133;2,5
2026-03-27T15:29:11.052;133;2,0
2026-03-27T15:29:12.009;134;2,0
2026-03-27T15:29:12.967;135;1,8
2026-03-27T15:29:13.929;135;1,7
2026-03-27T15:29:14.891;135;1,9
2026-03-27T15:29:15.857;136;1,7
2026-03-27T15:29:16.808;136;1,7
2026-03-27T15:29:17.767;137;1,7
2026-03-27T15:29:18.730;137;1,7
2026-03-27T15:29:19.689;137;1,5
2026-03-27T15:29:20.652;137;1,5
2026-03-27T15:29:22.095;138;1,6
2026-03-27T15:29:23.052;139;1,5
2026-03-27T15:29:24.006;139;1,5
2026-03-27T15:29:24.966;139;1,4
2026-03-27T15:29:25.929;140;1,5
2026-03-27T15:29:26.887;140;1,6
2026-03-27T15:29:27.852;141;1,4
2026-03-27T15:29:28.810;142;1,2
2026-03-27T15:29:29.770;142;1,2
2026-03-27T15:29:30.729;143;1,2
2026-03-27T15:29:31.693;143;1,2
2026-03-27T15:29:32.658;144;1,1
2026-03-27T15:29:34.101;144;1,2
2026-03-27T15:29:35.056;145;1,1
2026-03-27T15:29:36.972;145;1,1
2026-03-27T15:29:36.973;145;1,0
2026-03-27T15:29:37.929;146;1,0
2026-03-27T15:29:39.369;146;0,8
2026-03-27T15:29:39.807;147;0,7
2026-03-27T15:29:40.805;147;0,7
2026-03-27T15:29:42.254;147;0,7
2026-03-27T15:29:43.212;148;0,9
2026-03-27T15:29:43.693;148;0,9
2026-03-27T15:29:44.653;148;1,0
2026-03-27T15:29:46.094;147;1,0
2026-03-27T15:29:47.054;147;0,9
2026-03-27T15:29:48.493;147;0,9
2026-03-27T15:29:48.930;147;0,9
2026-03-27T15:29:49.892;147;1,0
2026-03-27T15:29:50.848;147;0,9
2026-03-27T15:29:52.288;147;0,9
2026-03-27T15:29:52.767;148;1,0
2026-03-27T15:29:54.208;149;1,1
2026-03-27T15:29:55.168;149;1,0
2026-03-27T15:29:56.128;150;1,2
2026-03-27T15:29:56.605;151;1,1
2026-03-27T15:29:58.091;150;1,1
2026-03-27T15:29:59.011;151;1,1
2026-03-27T15:30:00.011;151;1,1
2026-03-27T15:30:00.968;151;1,2
2026-03-27T15:30:02.893;151;1,1
2026-03-27T15:30:02.895;151;1,1
2026-03-27T15:30:03.845;151;1,1
2026-03-27T15:30:05.290;151;1,1
2026-03-27T15:30:05.768;151;1,1
2026-03-27T15:30:06.726;152;0,8
2026-03-27T15:30:07.688;152;0,8
2026-03-27T15:30:08.650;152;0,8
2026-03-27T15:30:10.573;153;0,8
2026-03-27T15:30:11.531;153;0,8
2026-03-27T15:30:12.489;153;0,6
2026-03-27T15:30:12.930;154;0,6
2026-03-27T15:30:14.415;154;0,8
2026-03-27T15:30:14.850;154;0,9
2026-03-27T15:30:15.851;154;0,9
2026-03-27T15:30:17.295;154;1,0
2026-03-27T15:30:17.728;154;1,0
2026-03-27T15:30:18.731;154;1,0
2026-03-27T15:30:19.687;154;1,0
2026-03-27T15:30:20.648;154;1,0
2026-03-27T15:30:22.086;154;1,0
2026-03-27T15:30:23.047;153;1,0
2026-03-27T15:30:24.011;153;1,0
2026-03-27T15:30:24.969;153;0,9
2026-03-27T15:30:25.938;153;0,9
2026-03-27T15:30:26.895;153;0,9
2026-03-27T15:30:27.849;153;0,8
2026-03-27T15:30:28.810;153;0,8
2026-03-27T15:30:29.771;153;0,8
2026-03-27T15:30:30.730;152;0,7
2026-03-27T15:30:31.693;152;0,7
2026-03-27T15:30:33.614;152;0,7
2026-03-27T15:30:34.048;152;0,7
2026-03-27T15:30:35.049;152;0,6
2026-03-27T15:30:36.012;151;0,5
2026-03-27T15:30:37.936;151;0,5
2026-03-27T15:30:38.366;151;0,6
2026-03-27T15:30:38.890;150;0,6
2026-03-27T15:30:39.813;149;0,6
2026-03-27T15:30:40.858;149;0,7
2026-03-27T15:30:41.734;148;0,8
2026-03-27T15:30:43.170;147;0,8
2026-03-27T15:30:43.647;147;0,9
2026-03-27T15:30:44.647;146;1,3
2026-03-27T15:30:46.100;145;1,3
2026-03-27T15:30:47.051;144;1,4
2026-03-27T15:30:48.015;142;1,6
2026-03-27T15:30:48.973;142;1,6
2026-03-27T15:30:49.930;141;1,6
2026-03-27T15:30:50.888;141;1,6
2026-03-27T15:30:52.796;141;1,6
2026-03-27T15:30:52.797;141;1,5
2026-03-27T15:30:53.771;141;1,5
2026-03-27T15:30:54.730;141;1,5
2026-03-27T15:30:56.174;141;1,6
2026-03-27T15:30:57.130;140;1,8
2026-03-27T15:30:58.086;139;1,5
2026-03-27T15:30:59.055;138;1,5
2026-03-27T15:31:00.009;137;1,3
2026-03-27T15:31:01.447;136;1,3
2026-03-27T15:31:02.891;135;1,6
2026-03-27T15:31:02.892;134;2,0
2026-03-27T15:31:04.816;132;2,1
2026-03-27T15:31:04.816;132
2026-03-27T15:31:05.777;131;2,1
2026-03-27T15:31:06.731;131;2,1
2026-03-27T15:31:07.688;131;2,1
2026-03-27T15:31:08.646;130;2,2
2026-03-27T15:31:10.096;130;2,3
2026-03-27T15:31:11.049;129;2,3
2026-03-27T15:31:12.006;128;2,3
2026-03-27T15:31:12.968;127;2,3
2026-03-27T15:31:14.412;127;2,3
2026-03-27T15:31:15.368;127;2,3
2026-03-27T15:31:15.848;127;2,2
2026-03-27T15:31:16.813;127;2,2
2026-03-27T15:31:17.768;127;1,7
2026-03-27T15:31:19.689;127;1,7
2026-03-27T15:31:19.689;126;1,9
2026-03-27T15:31:20.647;125;2,2
2026-03-27T15:31:22.568;124;2,2
2026-03-27T15:31:24.496;124;2,1
2026-03-27T15:31:24.497;123;1,9
2026-03-27T15:31:24.929;123;1,9
2026-03-27T15:31:25.934;123;1,7
2026-03-27T15:31:26.850;124;1,8
2026-03-27T15:31:27.811;124;1,9
2026-03-27T15:31:28.770;124;1,9
2026-03-27T15:31:29.732;124;1,9
2026-03-27T15:31:30.732;124;1,9
2026-03-27T15:31:31.692;124;1,9
2026-03-27T15:31:32.649;125;1,9
2026-03-27T15:31:34.086;125;1,8
2026-03-27T15:31:35.048;124;2,0
2026-03-27T15:31:36.970;123;2,4
2026-03-27T15:31:36.971;121;2,6
2026-03-27T15:31:37.927;120;2,6
2026-03-27T15:31:38.890;120;2,7
2026-03-27T15:31:39.850;120;2,8
2026-03-27T15:31:41.290;120;2,7
2026-03-27T15:31:41.786;120;2,7
2026-03-27T15:31:42.724;120;2,6
2026-03-27T15:31:43.692;120;2,6
2026-03-27T15:31:45.129;119;2,6
2026-03-27T15:31:46.097;119;2,8
2026-03-27T15:31:48.020;118;2,8
2026-03-27T15:31:48.021;117;2,8
2026-03-27T15:31:48.976;117;2,7
2026-03-27T15:31:49.940;118;2,5
2026-03-27T15:31:52.767;118;2,3
2026-03-27T15:31:52.768;118;2,0
2026-03-27T15:31:53.248;118;1,9
2026-03-27T15:31:53.726;118;1,8
2026-03-27T15:31:55.168;118;1,7
2026-03-27T15:31:55.645;118;1,7
2026-03-27T15:31:56.608;118;1,8
2026-03-27T15:31:58.530;118;2,1
2026-03-27T15:31:59.009;119;2,1
2026-03-27T15:31:59.972;119;2,2
2026-03-27T15:32:00.930;119;1,9
2026-03-27T15:32:02.834;120;1,9
2026-03-27T15:32:02.836;120;1,9
2026-03-27T15:32:03.811;120;2,1
2026-03-27T15:32:04.755;121;1,8
2026-03-27T15:32:05.728;121;1,8
2026-03-27T15:32:06.689;120;2,3
2026-03-27T15:32:07.651;119;3,2
2026-03-27T15:32:08.611;118;3,1
2026-03-27T15:32:10.529;117;3,3
2026-03-27T15:32:11.010;118;3,3
2026-03-27T15:32:11.970;118;3,4
2026-03-27T15:32:12.932;119;3,3
2026-03-27T15:32:13.891;120;3,3
2026-03-27T15:32:14.850;120;3,3
2026-03-27T15:32:15.811;120;3,5
2026-03-27T15:32:17.252;120;3,5
2026-03-27T15:32:18.212;120;3,4
2026-03-27T15:32:18.691;120;3,5
2026-03-27T15:32:20.132;121;3,6
2026-03-27T15:32:20.610;122;3,3
2026-03-27T15:32:22.051;122;2,7
2026-03-27T15:32:23.489;121;3,0
2026-03-27T15:32:24.450;120;3,1
2026-03-27T15:32:24.928;119;3,0
2026-03-27T15:32:25.882;119;2,8
2026-03-27T15:32:26.849;119;2,8
2026-03-27T15:32:27.809;120;2,7
2026-03-27T15:32:28.812;121;2,9
2026-03-27T15:32:29.730;122;2,9
2026-03-27T15:32:31.209;124;3,1
2026-03-27T15:32:32.165;124;3,1
2026-03-27T15:32:32.609;125;3,0
2026-03-27T15:32:34.052;126;2,9
2026-03-27T15:32:35.012;126;2,9
2026-03-27T15:32:36.009;127;3,0
2026-03-27T15:32:36.972;128;3,0
2026-03-27T15:32:37.932;129;2,4
2026-03-27T15:32:38.849;129;2,5
2026-03-27T15:32:39.887;130;2,5
2026-03-27T15:32:41.252;131;2,5
2026-03-27T15:32:41.733;132;2,7
2026-03-27T15:32:42.690;133;2,5
2026-03-27T15:32:43.650;134;2,5
2026-03-27T15:32:45.571;134;2,1
2026-03-27T15:32:46.051;135;2,1
2026-03-27T15:32:47.012;136;2,1
2026-03-27T15:32:48.921;136;2,1
2026-03-27T15:32:48.924;137;2,1
2026-03-27T15:32:49.917;138;1,9
2026-03-27T15:32:50.884;138;1,9
2026-03-27T15:32:51.795;138;1,7
2026-03-27T15:32:52.756;138;1,7
2026-03-27T15:32:53.713;139;1,6
2026-03-27T15:32:54.674;139;1,6
2026-03-27T15:32:55.682;140;1,2
2026-03-27T15:32:57.090;140;1,2
2026-03-27T15:32:58.052;140;1,1
2026-03-27T15:32:59.049;140;1,1
2026-03-27T15:32:59.957;140;0,9
2026-03-27T15:33:00.969;141;0,9
2026-03-27T15:33:02.408;141;0,9
2026-03-27T15:33:02.886;141;0,9
2026-03-27T15:33:04.325;142;1,0
2026-03-27T15:33:04.804;142;0,9
2026-03-27T15:33:05.770;142;1,0
2026-03-27T15:33:06.735;142;0,9
2026-03-27T15:33:08.168;142;1,0
2026-03-27T15:33:09.134;143;1,0
2026-03-27T15:33:10.086;143;1,0
2026-03-27T15:33:11.011;143;1,2
2026-03-27T15:33:12.007;144;1,2
2026-03-27T15:33:12.967;145;1,1
2026-03-27T15:33:13.934;145;1,1
2026-03-27T15:33:14.890;145;1,1
2026-03-27T15:33:15.812;145;1,1
2026-03-27T15:33:17.288;146;1,2
2026-03-27T15:33:17.769;146;1,2
2026-03-27T15:33:18.726;147;1,3
2026-03-27T15:33:19.652;147;1,3
2026-03-27T15:33:20.651;147;1,3
2026-03-27T15:33:22.088;147;1,3
2026-03-27T15:33:23.013;147;1,1
2026-03-27T15:33:24.449;147;1,1
2026-03-27T15:33:25.451;147;1,1
2026-03-27T15:33:25.889;147;1,1
2026-03-27T15:33:27.365;147;1,1
2026-03-27T15:33:27.809;147;1,2
2026-03-27T15:33:28.811;147;1,1
2026-03-27T15:33:30.253;147;0,9
2026-03-27T15:33:30.691;147;0,7
2026-03-27T15:33:32.655;147;0,8
2026-03-27T15:33:32.656;148;0,8
2026-03-27T15:33:34.080;149;0,8
2026-03-27T15:33:35.052;149;0,9
2026-03-27T15:33:36.010;149;0,8
2026-03-27T15:33:36.973;149;0,9
2026-03-27T15:33:37.931;150;0,9
2026-03-27T15:33:38.894;150;0,9
2026-03-27T15:33:39.889;150;0,9
2026-03-27T15:33:40.837;150;0,9
2026-03-27T15:33:42.726;150;0,9
2026-03-27T15:33:42.727;151;0,9
2026-03-27T15:33:44.653;151;0,9
2026-03-27T15:33:44.654;151;0,9
2026-03-27T15:33:46.093;152;0,8
2026-03-27T15:33:47.534;152;0,8
2026-03-27T15:33:47.972;152;0,7
2026-03-27T15:33:48.962;152;0,7
2026-03-27T15:33:49.929;152;0,7
2026-03-27T15:33:50.893;152;0,5
2026-03-27T15:33:51.852;152;0,5
2026-03-27T15:33:53.288;152;0,6
2026-03-27T15:33:53.715;152;0,6
2026-03-27T15:33:54.733;152;0,5
2026-03-27T15:33:55.690;152;0,5
2026-03-27T15:33:57.138;153;0,6
2026-03-27T15:33:58.092;152;0,6
2026-03-27T15:34:00.451;152;0,6
2026-03-27T15:34:00.456;153;0,6
2026-03-27T15:34:00.971;153;0,6
2026-03-27T15:34:02.890;153;0,6
2026-03-27T15:34:02.891;153;0,7
2026-03-27T15:34:03.849;153;0,7
2026-03-27T15:34:04.772;153;0,8
2026-03-27T15:34:05.733;152;0,8
2026-03-27T15:34:06.732;152;0,8
2026-03-27T15:34:07.698;152;0,9
2026-03-27T15:34:08.650;152;0,9
2026-03-27T15:34:10.094;152;0,8
2026-03-27T15:34:11.053;152;0,8
2026-03-27T15:34:12.017;152;1,1
2026-03-27T15:34:13.457;152;1,1
2026-03-27T15:34:13.935;152;1,1
2026-03-27T15:34:14.888;152;1,1
2026-03-27T15:34:15.801;152;1,1
2026-03-27T15:34:16.759;152;1,1
2026-03-27T15:34:17.766;152;1,1
2026-03-27T15:34:19.635;152;1,1
2026-03-27T15:34:19.638;152;1,1
2026-03-27T15:34:21.094;152;1,1
2026-03-27T15:34:22.093;152;1,1
2026-03-27T15:34:23.049;152;1,1
2026-03-27T15:34:24.010;152;0,8
2026-03-27T15:34:24.916;152;0,7
2026-03-27T15:34:25.929;152;0,7
2026-03-27T15:34:26.897;152;0,7
2026-03-27T15:34:28.810;152;0,6
2026-03-27T15:34:28.811;152;0,6
2026-03-27T15:34:30.210;152;0,6
2026-03-27T15:34:31.222;152;0,6
2026-03-27T15:34:32.177;152;0,6
2026-03-27T15:34:32.651;152;0,5
2026-03-27T15:34:34.093;152;0,8
2026-03-27T15:34:35.064;152;0,9
2026-03-27T15:34:36.018;153;0,9
2026-03-27T15:34:37.941;153;0,9
2026-03-27T15:34:37.942;153;0,9
2026-03-27T15:34:38.899;153;0,9
2026-03-27T15:34:40.331;153;1,1
2026-03-27T15:34:41.282;153;1,1
2026-03-27T15:34:41.767;153;1,1
2026-03-27T15:34:42.732;153;1,2
2026-03-27T15:34:43.690;153;1,2
2026-03-27T15:34:44.651;153;1,1
2026-03-27T15:34:46.092;152;0,9
2026-03-27T15:34:47.051;152;0,9
2026-03-27T15:34:47.971;152;0,9
2026-03-27T15:34:48.933;152;0,9
2026-03-27T15:34:49.935;152;0,9
2026-03-27T15:34:50.890;152;0,8
2026-03-27T15:34:51.852;152;0,5
2026-03-27T15:34:52.817;152;0,6
2026-03-27T15:34:53.769;152;0,5
2026-03-27T15:34:55.209;152;0,5
2026-03-27T15:34:55.652;152;0,5
2026-03-27T15:34:57.614;152;0,5
2026-03-27T15:34:58.051;152;0,5
2026-03-27T15:34:59.048;152;0,6
2026-03-27T15:35:00.012;152;0,6
2026-03-27T15:35:00.971;152;0,6
2026-03-27T15:35:02.895;152;0,6
2026-03-27T15:35:02.896;152;0,7
2026-03-27T15:35:04.821;152;0,6
2026-03-27T15:35:04.822;152;0,6
2026-03-27T15:35:05.776;152;0,7
2026-03-27T15:35:06.739;152;0,7
2026-03-27T15:35:07.693;152;0,7
2026-03-27T15:35:09.132;152;0,7
2026-03-27T15:35:10.093;152;0,6
2026-03-27T15:35:12.019;152;0,6
2026-03-27T15:35:12.020;152;0,6
2026-03-27T15:35:12.976;152;0,6
2026-03-27T15:35:13.940;152;0,7
2026-03-27T15:35:14.892;152;0,7
2026-03-27T15:35:15.860;152;0,8
2026-03-27T15:35:17.293;152;0,8
2026-03-27T15:35:17.729;152;0,7
2026-03-27T15:35:18.731;152;0,7
2026-03-27T15:35:19.690;152
2026-03-27T15:35:20.653;152;0,9
2026-03-27T15:35:22.091;153;1,1
2026-03-27T15:35:23.056;153;1,1
2026-03-27T15:35:24.011;153;1,1
2026-03-27T15:35:24.971;154;1,0
2026-03-27T15:35:25.934;154;1,0
2026-03-27T15:35:26.895;153;1,0
2026-03-27T15:35:27.852;153;1,0
2026-03-27T15:35:28.810;153;1,0
2026-03-27T15:35:29.767;152;1,0
2026-03-27T15:35:31.216;152;1,0
2026-03-27T15:35:33.133;152;1,0
2026-03-27T15:35:33.134;152;0,9
2026-03-27T15:35:34.093;152;0,6
2026-03-27T15:35:35.051;152;0,6
2026-03-27T15:35:36.499;152;0,6
2026-03-27T15:35:37.451;152;0,6
2026-03-27T15:35:37.893;151;0,6
2026-03-27T15:35:38.891;151;0,6
2026-03-27T15:35:40.333;151;0,6
2026-03-27T15:35:40.769;151;0,5
2026-03-27T15:35:41.774;151;0,5
2026-03-27T15:35:42.741;151;0,5
2026-03-27T15:35:44.650;151;0,3
2026-03-27T15:35:44.651;151;0,4
2026-03-27T15:35:46.096;151;0,4
2026-03-27T15:35:47.539;151;0,5
2026-03-27T15:35:47.969;151;0,5
2026-03-27T15:35:48.973;151;0,5
2026-03-27T15:35:49.933;151;0,4
2026-03-27T15:35:50.895;151;0,5
2026-03-27T15:35:51.851;151;0,5
2026-03-27T15:35:52.761;151;0,5
2026-03-27T15:35:53.775;151;0,5
2026-03-27T15:35:54.719;151;0,5
2026-03-27T15:35:55.680;151;0,6
2026-03-27T15:35:56.655;151;0,6
2026-03-27T15:35:58.090;150;0,6
2026-03-27T15:35:59.056;149;0,9
2026-03-27T15:36:00.029;149;1,1
2026-03-27T15:36:00.976;148;1,1
2026-03-27T15:36:02.415;147;1,1
2026-03-27T15:36:03.859;147;1,1
2026-03-27T15:36:03.860;146;1,1
2026-03-27T15:36:05.724;145;1,2
2026-03-27T15:36:05.727;143;1,7
2026-03-27T15:36:06.684;142;1,8
2026-03-27T15:36:07.638;140;1,8
2026-03-27T15:36:08.594;139;1,8
2026-03-27T15:36:10.097;139;1,8
2026-03-27T15:36:11.533;138;1,7
2026-03-27T15:36:11.970;138;1,7
2026-03-27T15:36:12.976;137;1,6
2026-03-27T15:36:14.400;137;1,6
2026-03-27T15:36:14.901;136;1,8
2026-03-27T15:36:16.815;136;1,8
2026-03-27T15:36:17.292;135;1,8
2026-03-27T15:36:17.731;134;1,8
2026-03-27T15:36:18.727;133;1,4
2026-03-27T15:36:19.688;133;1,4
2026-03-27T15:36:20.649;132;1,2
2026-03-27T15:36:22.091;132;1,7
2026-03-27T15:36:23.060;130;2,0
2026-03-27T15:36:24.014;129;2,0
2026-03-27T15:36:24.969;128;2,0
2026-03-27T15:36:25.940;128;2,0
2026-03-27T15:36:26.895;128;2,0
2026-03-27T15:36:27.854;128;2,1
2026-03-27T15:36:28.815;127;2,1
2026-03-27T15:36:29.771;127;2,4
2026-03-27T15:36:31.696;126;2,4
2026-03-27T15:36:31.697;124;2,4
2026-03-27T15:36:32.658;124;2,5
2026-03-27T15:36:34.093;124;2,5
2026-03-27T15:36:35.056;124;2,5
2026-03-27T15:36:36.016;124;2,2
2026-03-27T15:36:36.933;123;2,2
2026-03-27T15:36:37.893;123;2,4
2026-03-27T15:36:38.886;121;2,5
2026-03-27T15:36:39.857;120;2,5
2026-03-27T15:36:40.853;119;3,7
2026-03-27T15:36:41.732;118;3,8
2026-03-27T15:36:43.216;118;3,9
2026-03-27T15:36:43.702;118;3,8
2026-03-27T15:36:44.656;118;3,6
2026-03-27T15:36:46.093;118;3,6
2026-03-27T15:36:47.053;118;3,6
2026-03-27T15:36:48.491;118;3,5
2026-03-27T15:36:48.931;118;3,5
2026-03-27T15:36:49.935;117;3,6
2026-03-27T15:36:51.383;116;3,6
2026-03-27T15:36:52.352;115;3,7
2026-03-27T15:36:52.773;115;3,6
2026-03-27T15:36:53.772;115;3,6
2026-03-27T15:36:54.732;115;3,7
2026-03-27T15:36:55.696;115;3,7
2026-03-27T15:36:57.133;117;2,7
2026-03-27T15:36:58.577;117;2,7
2026-03-27T15:36:59.013;118;2,6
2026-03-27T15:37:00.013;119;2,7
2026-03-27T15:37:01.446;119;2,7
2026-03-27T15:37:02.890;120;2,7
2026-03-27T15:37:02.891;121;2,8
2026-03-27T15:37:03.852;121;3,0
2026-03-27T15:37:04.816;121;2,9
2026-03-27T15:37:06.254;121;2,8
2026-03-27T15:37:06.691;120;2,7
2026-03-27T15:37:07.696;120;2,7
2026-03-27T15:37:09.619;119;2,7
2026-03-27T15:37:10.052;119;2,5
2026-03-27T15:37:11.050;118;2,3
2026-03-27T15:37:12.491;117;2,3
2026-03-27T15:37:12.931;118;2,3
2026-03-27T15:37:13.927;118;2,6
2026-03-27T15:37:14.898;119;2,5
2026-03-27T15:37:15.851;120;2,5
2026-03-27T15:37:16.815;120;2,3
2026-03-27T15:37:17.777;120;2,1
2026-03-27T15:37:18.735;120;2,2
2026-03-27T15:37:19.689;120;2,2
2026-03-27T15:37:20.598;119;2,1
2026-03-27T15:37:22.039;119;2,0
2026-03-27T15:37:23.001;119;2,0
2026-03-27T15:37:23.958;119
2026-03-27T15:37:24.922;119;2,0
2026-03-27T15:37:25.896;120;2,0
2026-03-27T15:37:26.892;120;2,4
2026-03-27T15:37:28.275;121;2,4
2026-03-27T15:37:29.235;121;2,7
2026-03-27T15:37:29.734;122;2,7
2026-03-27T15:37:30.729;123;2,5
2026-03-27T15:37:32.180;124;2,5
2026-03-27T15:37:33.093;124;2,5
2026-03-27T15:37:34.092;124;2,5
2026-03-27T15:37:35.055;124;3,1
2026-03-27T15:37:36.018;124;3,0
2026-03-27T15:37:37.935;123;3,1
2026-03-27T15:37:38.853;122;3,1
2026-03-27T15:37:39.318;121;3,1
2026-03-27T15:37:39.797;121;3,1
2026-03-27T15:37:40.822;122;2,8
2026-03-27T15:37:41.776;122;2,7
2026-03-27T15:37:42.731;122;2,3
2026-03-27T15:37:43.636;122;2,3
2026-03-27T15:37:45.094;121;2,4
2026-03-27T15:37:46.581;120;2,4
2026-03-27T15:37:47.016;120;2,6
2026-03-27T15:37:48.500;119;2,6
2026-03-27T15:37:48.918;119;2,4
2026-03-27T15:37:49.939;119;2,7
2026-03-27T15:37:50.893;118;2,7
2026-03-27T15:37:51.856;119;2,6
2026-03-27T15:37:52.813;119;2,6
2026-03-27T15:37:53.777;119;2,6
2026-03-27T15:37:54.737;120;2,7
2026-03-27T15:37:56.651;120;2,9
2026-03-27T15:37:56.652;121;2,9
2026-03-27T15:37:58.583;121;2,9
2026-03-27T15:37:59.056;121;2,8
2026-03-27T15:38:00.041;121;2,7
2026-03-27T15:38:00.975;120;2,8
2026-03-27T15:38:01.934;120;2,6
2026-03-27T15:38:02.890;120;2,2
2026-03-27T15:38:03.848;120;2,2
2026-03-27T15:38:04.809;120;1,8
2026-03-27T15:38:05.779;120;1,8
2026-03-27T15:38:06.722;119;1,9
2026-03-27T15:38:07.690;119;2,0
2026-03-27T15:38:08.613;120;1,9
2026-03-27T15:38:10.054;120;1,7
2026-03-27T15:38:11.014;121;1,7
2026-03-27T15:38:12.491;121;1,7
2026-03-27T15:38:12.933;122;1,6
2026-03-27T15:38:13.894;122;1,6
2026-03-27T15:38:14.854;122;1,8
2026-03-27T15:38:15.844;122;1,6
2026-03-27T15:38:16.807;122;1,8
2026-03-27T15:38:17.772;122;1,8
2026-03-27T15:38:19.694;122;1,8
2026-03-27T15:38:19.695;122;1,8
2026-03-27T15:38:20.655;122;1,8
2026-03-27T15:38:22.093;122;1,6
2026-03-27T15:38:23.052;121;1,5
2026-03-27T15:38:24.018;121;1,5
2026-03-27T15:38:24.976;121;1,4
2026-03-27T15:38:25.932;121;1,4
2026-03-27T15:38:26.892;120;1,4
2026-03-27T15:38:27.853;120;1,7
2026-03-27T15:38:28.813;121;1,6
2026-03-27T15:38:30.249;122;1,7
2026-03-27T15:38:30.691;122;1,5
2026-03-27T15:38:31.694;123;1,6
2026-03-27T15:38:32.658;123;1,6
2026-03-27T15:38:34.097;124;1,6
2026-03-27T15:38:35.056;124;1,7
2026-03-27T15:38:36.974;124;1,7
2026-03-27T15:38:36.975;124;1,8
2026-03-27T15:38:37.897;124;1,8
2026-03-27T15:38:38.896;123;2,2
2026-03-27T15:38:39.814;122;2,2
2026-03-27T15:38:40.815;121;2,2
2026-03-27T15:38:41.773;121;2,0
2026-03-27T15:38:43.696;121;2,0
2026-03-27T15:38:43.697;122;1,9
2026-03-27T15:38:44.656;122;1,9
2026-03-27T15:38:46.093;122;1,8
2026-03-27T15:38:47.052;122;1,8
2026-03-27T15:38:48.016;121;2,0
2026-03-27T15:38:48.976;121;2,0
2026-03-27T15:38:49.938;120;2,0
2026-03-27T15:38:50.895;120;1,9
2026-03-27T15:38:51.853;120;1,9
2026-03-27T15:38:52.809;120;1,9
2026-03-27T15:38:53.777;120;1,6
2026-03-27T15:38:54.693;120;1,5
2026-03-27T15:38:55.651;120;1,5
2026-03-27T15:38:56.612;120;1,5
2026-03-27T15:38:58.051;120;1,4
2026-03-27T15:38:59.492;120;1,4
2026-03-27T15:38:59.970;120;1,4
2026-03-27T15:39:00.934;120;1,4
2026-03-27T15:39:01.895;120;1,4
2026-03-27T15:39:03.334;121;1,2
2026-03-27T15:39:03.814;121;1,2
2026-03-27T15:39:04.773;122;1,2
2026-03-27T15:39:05.734;122;1,2
2026-03-27T15:39:06.695;123;1,2
2026-03-27T15:39:07.653;123;1,1
2026-03-27T15:39:08.614;123;1,1
2026-03-27T15:39:10.053;124;1,4
2026-03-27T15:39:11.493;124;1,4
2026-03-27T15:39:11.958;124;1,5
2026-03-27T15:39:12.934;124;1,5
2026-03-27T15:39:13.894;124;52,8
2026-03-27T15:39:14.854;124;52,8
2026-03-27T15:39:16.295;125;52,8
2026-03-27T15:39:16.775;126;52,8
2026-03-27T15:39:17.735;126;52,8
2026-03-27T15:39:18.693;127;52,8
2026-03-27T15:39:19.655;127;52,8
2026-03-27T15:39:21.576;127;52,8
2026-03-27T15:39:22.053;127;52,8
2026-03-27T15:39:23.020;126;52,8
2026-03-27T15:39:23.975;125;52,8
2026-03-27T15:39:24.934;125;52,8
2026-03-27T15:39:25.932;125;52,8
2026-03-27T15:39:26.886;125;52,8
2026-03-27T15:39:27.853;125;38,7
2026-03-27T15:39:29.295;125;1,8
2026-03-27T15:39:29.731;125;1,7
2026-03-27T15:39:30.709;126;1,9
2026-03-27T15:39:31.691;127;1,9
2026-03-27T15:39:32.651;127;1,9
2026-03-27T15:39:34.097;128;2,0
2026-03-27T15:39:35.053;128;2,0
2026-03-27T15:39:36.011;129;2,0
2026-03-27T15:39:37.932;129;1,9
2026-03-27T15:39:37.933;130;1,9
2026-03-27T15:39:38.907;130;1,9
2026-03-27T15:39:39.858;130;1,9
2026-03-27T15:39:40.821;131;1,8
2026-03-27T15:39:41.777;132;1,6
2026-03-27T15:39:42.747;132;1,7
2026-03-27T15:39:43.696;133;1,4
2026-03-27T15:39:44.649;133;1,4
2026-03-27T15:39:46.096;134;1,4
2026-03-27T15:39:47.057;134;1,5
2026-03-27T15:39:48.022;134;1,4
2026-03-27T15:39:48.979;135;1,4
2026-03-27T15:39:49.944;135;1,3
2026-03-27T15:39:50.900;135;1,3
2026-03-27T15:39:51.854;136;1,2
2026-03-27T15:39:52.815;136;1,3
2026-03-27T15:39:53.785;136;1,2
2026-03-27T15:39:55.695;137;1,0
2026-03-27T15:39:55.696;137;1,0
2026-03-27T15:39:56.654;137;0,9
2026-03-27T15:39:58.057;137;0,9
2026-03-27T15:39:59.049;137;0,7
2026-03-27T15:40:00.011;138;0,8
2026-03-27T15:40:00.974;138;0,7
2026-03-27T15:40:01.934;138;0,7
2026-03-27T15:40:02.887;139;0,7
2026-03-27T15:40:03.851;139;0,7
2026-03-27T15:40:05.292;139;0,8
2026-03-27T15:40:05.732;140;0,8
2026-03-27T15:40:07.214;140;0,8
2026-03-27T15:40:07.655;140;0,8
2026-03-27T15:40:08.652;140;0,8
2026-03-27T15:40:10.057;141;1,0
2026-03-27T15:40:11.052;141;1,0
2026-03-27T15:40:12.973;141;1,0
2026-03-27T15:40:12.974;142;0,9
2026-03-27T15:40:13.897;142;0,9
2026-03-27T15:40:14.896;142;1,0
2026-03-27T15:40:15.850;142;1,0
2026-03-27T15:40:16.809;142;1,0
2026-03-27T15:40:17.777;141;0,9
2026-03-27T15:40:18.732;141;0,9
2026-03-27T15:40:19.693;141;0,9
2026-03-27T15:40:20.658;141;0,9
2026-03-27T15:40:22.092;141;0,8
2026-03-27T15:40:23.056;142;0,8
2026-03-27T15:40:24.013;142;0,9
2026-03-27T15:40:25.453;142;0,9
2026-03-27T15:40:25.938;142;0,9
2026-03-27T15:40:26.902;142;0,9
2026-03-27T15:40:27.855;142;0,8
2026-03-27T15:40:28.812;142;0,8
2026-03-27T15:40:30.255;141;0,8
2026-03-27T15:40:30.694;142;0,8
2026-03-27T15:40:31.695;141;0,9
2026-03-27T15:40:32.657;141;0,9
2026-03-27T15:40:35.535;141;0,9
2026-03-27T15:40:35.536;140;0,9
2026-03-27T15:40:36.973;139;1,3
2026-03-27T15:40:36.973;138;1,3
2026-03-27T15:40:37.934;137;1,7
2026-03-27T15:40:38.895;135;1,8
2026-03-27T15:40:39.852;135;1,8
2026-03-27T15:40:40.823;134;1,8
2026-03-27T15:40:41.776;133;1,9
2026-03-27T15:40:42.742;133;1,9
2026-03-27T15:40:43.700;132;1,9
2026-03-27T15:40:44.657;131;1,8
2026-03-27T15:40:46.588;131;1,9
2026-03-27T15:40:47.059;131;1,8
2026-03-27T15:40:48.501;130;1,8
2026-03-27T15:40:49.453;130;1,8
2026-03-27T15:40:50.423;129;2,0
2026-03-27T15:40:50.854;127;2,1
2026-03-27T15:40:51.856;126;2,1
2026-03-27T15:40:52.815;125;2,0
2026-03-27T15:40:53.776;124;2,0
2026-03-27T15:40:55.211;124;2,0
2026-03-27T15:40:55.692;123;2,2
2026-03-27T15:40:56.658;121;3,2
2026-03-27T15:40:58.097;119;3,6
2026-03-27T15:41:00.499;117;3,6
2026-03-27T15:41:00.500;117;3,6
2026-03-27T15:41:00.933;117;3,7
2026-03-27T15:41:02.893;117;3,8
2026-03-27T15:41:02.895;116;3,7
2026-03-27T15:41:03.853;115;3,8
2026-03-27T15:41:05.256;115;3,8
2026-03-27T15:41:05.732;113;3,6
2026-03-27T15:41:06.696;113;3,6
2026-03-27T15:41:08.164;113;3,6
2026-03-27T15:41:09.131;113;3,6
2026-03-27T15:41:10.091;113;3,6
2026-03-27T15:41:11.049;113;3,5
2026-03-27T15:41:12.975;112;2,9
2026-03-27T15:41:12.976;111;2,6
2026-03-27T15:41:13.933;110;3,2
2026-03-27T15:41:14.854;109;3,2
2026-03-27T15:41:15.856;109;3,5
2026-03-27T15:41:16.813;110;4,8
2026-03-27T15:41:17.772;111;5,0
2026-03-27T15:41:18.733;113;5,0
2026-03-27T15:41:19.691;113;5,1
2026-03-27T15:41:20.651;113;5,1
2026-03-27T15:41:22.094;114;5,3
2026-03-27T15:41:23.055;114;5,3
2026-03-27T15:41:24.019;115;5,3
2026-03-27T15:41:24.975;115;5,3
2026-03-27T15:41:25.940;114;5,4
2026-03-27T15:41:26.896;114;5,4
2026-03-27T15:41:28.337;114;5,3
2026-03-27T15:41:28.812;113;5,1
2026-03-27T15:41:29.773;113;4,8
2026-03-27T15:41:30.737;113;4,8
2026-03-27T15:41:31.700;113;3,3
2026-03-27T15:41:33.616;112;2,8
2026-03-27T15:41:34.535;112;2,8
2026-03-27T15:41:35.057;112;2,8
2026-03-27T15:41:36.009;112;2,5
2026-03-27T15:41:37.938;111;2,4
2026-03-27T15:41:37.939;111;1,9
2026-03-27T15:41:38.891;112;1,9
2026-03-27T15:41:39.854;112;1,9
2026-03-27T15:41:40.812;112;1,4
2026-03-27T15:41:42.729;112;1,4
2026-03-27T15:41:42.730;112;1,4
2026-03-27T15:41:43.689;112;1,4
2026-03-27T15:41:44.650;111;1,5
2026-03-27T15:41:46.056;111;1,6
2026-03-27T15:41:47.016;112;2,0
2026-03-27T15:41:47.960;112;1,9
2026-03-27T15:41:48.935;112;2,1
2026-03-27T15:41:49.895;110;4,2
2026-03-27T15:41:50.856;108;4,1
2026-03-27T15:41:51.817;109;4,5
2026-03-27T15:41:52.777;111;5,9
2026-03-27T15:41:54.216;112;5,9
2026-03-27T15:41:54.692;113;5,9
2026-03-27T15:41:55.649;112;6,8
2026-03-27T15:41:56.616;110;7,2
2026-03-27T15:41:58.091;109;7,6
2026-03-27T15:41:59.065;107;7,6
2026-03-27T15:42:00.016;107;7,6
2026-03-27T15:42:00.982;106;7,6
2026-03-27T15:42:02.891;106;7,6
2026-03-27T15:42:02.892;107;7,5
2026-03-27T15:42:03.860;107;7,6
2026-03-27T15:42:04.819;108;7,5
2026-03-27T15:42:05.783;108;6,6
2026-03-27T15:42:06.736;108;6,8
2026-03-27T15:42:07.696;107;6,8
2026-03-27T15:42:08.644;106;5,9
2026-03-27T15:42:10.093;105;5,6
2026-03-27T15:42:11.062;105;5,6
2026-03-27T15:42:12.976;105;4,6
2026-03-27T15:42:12.977;105;4,0
2026-03-27T15:42:13.932;106;4,3
2026-03-27T15:42:14.893;107;3,6
2026-03-27T15:42:15.854;107;3,6
2026-03-27T15:42:16.820;106;3,7
2026-03-27T15:42:18.257;106;3,6
2026-03-27T15:42:19.220;107;3,9
2026-03-27T15:42:19.697;108;3,8
2026-03-27T15:42:20.655;109;3,7
2026-03-27T15:42:22.100;109;3,7
2026-03-27T15:42:23.058;109;3,3
2026-03-27T15:42:24.011;109;3,5
2026-03-27T15:42:24.972;110;3,7
2026-03-27T15:42:25.939;112;3,5
2026-03-27T15:42:26.904;112;3,5
2026-03-27T15:42:27.861;112;3,6
2026-03-27T15:42:29.788;112;3,2
2026-03-27T15:42:29.790;111;3,3
2026-03-27T15:42:30.731;110;3,3
2026-03-27T15:42:31.698;109;3,4
2026-03-27T15:42:32.661;109;3,4
2026-03-27T15:42:34.100;109;3,2
2026-03-27T15:42:35.059;109;3,5
2026-03-27T15:42:36.025;110;3,5
2026-03-27T15:42:36.981;110;3,6
2026-03-27T15:42:37.933;111;3,6
2026-03-27T15:42:39.377;111;3,6
2026-03-27T15:42:39.855;110;4,2
2026-03-27T15:42:40.813;111;4,9
2026-03-27T15:42:41.780;112;5,2
2026-03-27T15:42:42.737;114;5,5
2026-03-27T15:42:43.692;117;5,7
2026-03-27T15:42:44.656;119;5,8
2026-03-27T15:42:46.099;122;5,8
2026-03-27T15:42:48.022;122;5,7
2026-03-27T15:42:48.023;124;5,7
2026-03-27T15:42:48.979;125;5,5
2026-03-27T15:42:49.940;125;5,4
2026-03-27T15:42:50.908;126;5,4
2026-03-27T15:42:51.806;126;5,4
2026-03-27T15:42:53.293;127;5,4
2026-03-27T15:42:54.260;127;4,8
2026-03-27T15:42:54.695;127;3,9
2026-03-27T15:42:55.691;127;3,3
2026-03-27T15:42:58.095;127;2,5
2026-03-27T15:42:58.096;127;1,3
2026-03-27T15:42:59.058;127;1,2
2026-03-27T15:43:00.015;127;1,1
2026-03-27T15:43:01.465;127;1,1
2026-03-27T15:43:01.934;127;1,0
2026-03-27T15:43:02.896;128;1,2
2026-03-27T15:43:04.296;128;1,4
2026-03-27T15:43:04.802;129;1,5
2026-03-27T15:43:05.772;130;1,5
2026-03-27T15:43:07.692;131;1,5
2026-03-27T15:43:07.693;132;1,8
2026-03-27T15:43:08.657;133;1,8
2026-03-27T15:43:10.101;134;1,8
2026-03-27T15:43:11.063;134;2,0
2026-03-27T15:43:12.015;136;2,0
2026-03-27T15:43:12.975;136;2,0
2026-03-27T15:43:13.980;137;1,9
2026-03-27T15:43:14.874;137;1,9
2026-03-27T15:43:15.817;138;1,8
2026-03-27T15:43:17.285;139;1,7
2026-03-27T15:43:17.771;139;1,6
2026-03-27T15:43:18.732;140;1,6
2026-03-27T15:43:19.697;140;1,3
2026-03-27T15:43:20.655;140;1,3
2026-03-27T15:43:22.093;140;1,2
2026-03-27T15:43:23.065;141;1,2
2026-03-27T15:43:24.017;141;0,9
2026-03-27T15:43:24.980;141;0,9
2026-03-27T15:43:25.941;142;0,9
2026-03-27T15:43:27.373;142;0,9
2026-03-27T15:43:27.860;142;0,8
2026-03-27T15:43:28.835;143;1,1
2026-03-27T15:43:29.773;143;1,2
2026-03-27T15:43:30.737;144;1,3
2026-03-27T15:43:31.712;144;1,2
2026-03-27T15:43:32.664;145;1,2
2026-03-27T15:43:34.111;145;1,2
2026-03-27T15:43:35.062;146;1,3
2026-03-27T15:43:36.018;146;1,3
2026-03-27T15:43:37.939;147;1,2
2026-03-27T15:43:37.940;147;1,2
2026-03-27T15:43:38.901;147;1,2
2026-03-27T15:43:40.334;147;1,3
2026-03-27T15:43:40.775;148;1,1
2026-03-27T15:43:42.254;148;0,9
2026-03-27T15:43:42.738;148;0,9
2026-03-27T15:43:43.693;149;0,8
2026-03-27T15:43:44.655;149;0,8
2026-03-27T15:43:46.094;149;0,9
2026-03-27T15:43:47.055;149;0,8
2026-03-27T15:43:48.015;149;1,1
2026-03-27T15:43:48.975;149;1,1
2026-03-27T15:43:49.935;149;1,2
2026-03-27T15:43:50.883;149;1,2
2026-03-27T15:43:51.860;150;1,2
2026-03-27T15:43:52.815;150;1,1
2026-03-27T15:43:54.750;150;1,2
2026-03-27T15:43:54.752;151;1,1
2026-03-27T15:43:55.694;152;1,2
2026-03-27T15:43:58.097;152;1,2
2026-03-27T15:43:58.534;152;1,2
2026-03-27T15:43:59.530;152;1,2
2026-03-27T15:44:00.015;152;1,2
2026-03-27T15:44:00.974;153;0,9
2026-03-27T15:44:02.892;153;1,0
2026-03-27T15:44:02.893;152;0,8
2026-03-27T15:44:03.855;152;0,7
2026-03-27T15:44:04.810;152;0,7
2026-03-27T15:44:05.783;151;0,8
2026-03-27T15:44:06.742;151;0,6
2026-03-27T15:44:07.698;150;0,7
2026-03-27T15:44:08.669;150;0,7
2026-03-27T15:44:10.100;150;0,9
2026-03-27T15:44:11.061;150;1,3
2026-03-27T15:44:12.018;151;1,3
2026-03-27T15:44:13.453;151;1,3
2026-03-27T15:44:13.896;151;1,3
2026-03-27T15:44:14.895;151;1,3
2026-03-27T15:44:15.855;152;1,3
2026-03-27T15:44:16.814;152;1,4
2026-03-27T15:44:17.776;153;1,4
2026-03-27T15:44:18.735;153;1,4
2026-03-27T15:44:19.700;153;1,3
2026-03-27T15:44:20.659;153;1,4
2026-03-27T15:44:22.100;153;0,9
2026-03-27T15:44:23.060;153;0,8
2026-03-27T15:44:24.020;153;1,0
2026-03-27T15:44:24.977;153;1,0
2026-03-27T15:44:25.934;153;1,1
2026-03-27T15:44:26.899;153;1,2
2026-03-27T15:44:27.861;153;1,2
2026-03-27T15:44:28.813;153;1,2
2026-03-27T15:44:29.770;153;1,3
2026-03-27T15:44:31.218;153;1,3
2026-03-27T15:44:31.653;153;1,3
2026-03-27T15:44:32.657;153;1,3
2026-03-27T15:44:35.058;153;1,3
2026-03-27T15:44:35.059;153;1,4
2026-03-27T15:44:36.498;153;1,5
2026-03-27T15:44:37.456;153;1,4
2026-03-27T15:44:37.894;152;1,4
2026-03-27T15:44:38.903;152;1,2
2026-03-27T15:44:39.824;152;1,1
2026-03-27T15:44:41.738;151;1,1
2026-03-27T15:44:41.741;151;1,1
2026-03-27T15:44:42.743;151;1,1
2026-03-27T15:44:43.701;152;0,9
2026-03-27T15:44:44.665;152;0,8
2026-03-27T15:44:46.093;152;0,8
2026-03-27T15:44:47.063;153;0,8
2026-03-27T15:44:48.013;153;0,6
2026-03-27T15:44:48.977;153;0,6
2026-03-27T15:44:49.933;153;0,6
2026-03-27T15:44:50.893;153;0,6
2026-03-27T15:44:51.857;153;0,7
2026-03-27T15:44:52.810;154;0,7
2026-03-27T15:44:53.779;154;0,7
2026-03-27T15:44:55.216;154;0,7
2026-03-27T15:44:55.656;154;0,8
2026-03-27T15:44:57.134;154;0,8
2026-03-27T15:44:58.095;154;0,7
2026-03-27T15:44:59.056;154;0,9
2026-03-27T15:45:00.017;154;0,9
2026-03-27T15:45:00.984;153;0,9
2026-03-27T15:45:01.940;153;0,9
2026-03-27T15:45:02.901;153;0,9
2026-03-27T15:45:03.860;153;0,9
2026-03-27T15:45:04.820;152;0,9
2026-03-27T15:45:05.778;152;0,9
2026-03-27T15:45:06.734;151;0,9
2026-03-27T15:45:07.693;151;0,9
2026-03-27T15:45:08.629;151;0,9
2026-03-27T15:45:10.096;151;0,8
2026-03-27T15:45:11.061;151;0,7
2026-03-27T15:45:12.937;151;1,1
2026-03-27T15:45:12.940;151;1,5
2026-03-27T15:45:13.935;152;1,5
2026-03-27T15:45:14.894;152;1,5
2026-03-27T15:45:15.860;151;1,5
2026-03-27T15:45:16.819;151;1,5
2026-03-27T15:45:17.777;151;1,6
2026-03-27T15:45:19.223;151;1,6
2026-03-27T15:45:19.657;150;1,6
2026-03-27T15:45:20.649;150;1,6
2026-03-27T15:45:22.571;149;1,6
2026-03-27T15:45:23.057;149;1,6
2026-03-27T15:45:25.454;148;1,2
2026-03-27T15:45:25.455;148;1,1
2026-03-27T15:45:25.942;149;1,1
2026-03-27T15:45:26.904;149;1,1
2026-03-27T15:45:27.861;149;1,5
2026-03-27T15:45:29.300;149;1,4
2026-03-27T15:45:29.736;149;1,4
2026-03-27T15:45:31.699;149;1,4
2026-03-27T15:45:31.699;149;1,4
2026-03-27T15:45:32.649;150;1,3
2026-03-27T15:45:34.098;150;1,3
2026-03-27T15:45:35.057;151;1,3
2026-03-27T15:45:36.020;151;1,3
2026-03-27T15:45:37.937;151;1,1
2026-03-27T15:45:37.938;151;1,2
2026-03-27T15:45:38.897;152;0,9
2026-03-27T15:45:39.818;152;0,7
2026-03-27T15:45:40.862;152;0,7
2026-03-27T15:45:41.739;153;0,9
2026-03-27T15:45:42.694;153;0,9
2026-03-27T15:45:43.658;153;1,0
2026-03-27T15:45:44.660;153;1,0
2026-03-27T15:45:46.095;153;1,1
2026-03-27T15:45:47.060;153;1,0
2026-03-27T15:45:48.018;152;1,0
2026-03-27T15:45:48.977;153;1,2
2026-03-27T15:45:50.900;153;1,1
2026-03-27T15:45:50.901;154;1,2
2026-03-27T15:45:51.858;154;1,2
2026-03-27T15:45:52.814;154;1,2
2026-03-27T15:45:53.777;154;1,1
2026-03-27T15:45:54.739;154;1,1
2026-03-27T15:45:55.696;155;1,0
2026-03-27T15:45:56.658;155;1,0
2026-03-27T15:45:58.578;156;0,9
2026-03-27T15:45:59.015;156;1,0
2026-03-27T15:46:00.017;157;1,0
2026-03-27T15:46:00.979;157;1,0
2026-03-27T15:46:02.414;157;1,0
2026-03-27T15:46:02.854;158;0,9
2026-03-27T15:46:03.854;158;0,9
2026-03-27T15:46:04.830;158;0,9
2026-03-27T15:46:06.748;158;0,9
2026-03-27T15:46:06.749;158;0,9
2026-03-27T15:46:07.699;158;0,9
2026-03-27T15:46:08.658;158;1,1
2026-03-27T15:46:10.095;158;1,2
2026-03-27T15:46:11.058;158;1,2
2026-03-27T15:46:12.978;157;1,1
2026-03-27T15:46:12.979;157;1,0
2026-03-27T15:46:13.936;157;1,1
2026-03-27T15:46:15.376;157;1,1
2026-03-27T15:46:16.824;157;1,0
2026-03-27T15:46:16.825;157;1,1
2026-03-27T15:46:17.773;157;1,1
2026-03-27T15:46:18.740;157;1,1
2026-03-27T15:46:19.703;157;0,9
2026-03-27T15:46:21.620;157;0,6
2026-03-27T15:46:22.574;156;0,7
2026-03-27T15:46:23.016;157;0,8
2026-03-27T15:46:24.019;157;16,4
2026-03-27T15:46:24.988;157;23,3
2026-03-27T15:46:25.937;156;23,3
2026-03-27T15:46:26.892;156;23,3
2026-03-27T15:46:27.871;156;23,3
2026-03-27T15:46:28.816;155;23,3
2026-03-27T15:46:29.776;156;23,3
2026-03-27T15:46:30.741;155;23,2
2026-03-27T15:46:31.699;156;23,2
2026-03-27T15:46:32.653;155;23,2
2026-03-27T15:46:34.101;155;23,2
2026-03-27T15:46:35.058;155;16,5
2026-03-27T15:46:36.016;156;0,5
2026-03-27T15:46:36.980;155;0,5
2026-03-27T15:46:37.946;156;0,4
2026-03-27T15:46:38.895;156;0,5
2026-03-27T15:46:40.822;156;0,5
2026-03-27T15:46:40.824;156;0,6
2026-03-27T15:46:41.782;156;0,6
2026-03-27T15:46:42.740;156;0,7
2026-03-27T15:46:43.696;157;0,7
2026-03-27T15:46:45.146;157;1,0
2026-03-27T15:46:46.098;157;1,0
2026-03-27T15:46:47.054;157;1,0
2026-03-27T15:46:48.019;157;1,0
2026-03-27T15:46:48.979;157
2026-03-27T15:46:49.939;157
2026-03-27T15:46:50.897;157
2026-03-27T15:46:52.336;157;1,0
2026-03-27T15:46:52.777;157;1,0
2026-03-27T15:46:53.781;157;1,0
2026-03-27T15:46:54.739;157;143,9
2026-03-27T15:46:56.187;154;143,9
2026-03-27T15:46:56.613;150;165,4
2026-03-27T15:46:58.094;149;166,1
2026-03-27T15:46:59.062;152;166,1
2026-03-27T15:47:00.016;153;166,1
2026-03-27T15:47:00.983;154;166,1
2026-03-27T15:47:02.415;154;166,1
2026-03-27T15:47:02.844;154;166,1
2026-03-27T15:47:03.808;154;166,1
2026-03-27T15:47:04.815;153;166,1
2026-03-27T15:47:05.728;153;166,1
2026-03-27T15:47:06.697;152;82,9
2026-03-27T15:47:07.641;151;39,1
2026-03-27T15:47:08.599;151;2,6
2026-03-27T15:47:10.040;150;1,8
2026-03-27T15:47:11.018;150;1,7
2026-03-27T15:47:12.982;150;1,4
2026-03-27T15:47:12.983;150;1,1
2026-03-27T15:47:13.935;151;1,0
2026-03-27T15:47:14.895;151;1,0
2026-03-27T15:47:15.809;151;0,8
2026-03-27T15:47:16.815;151;0,8
2026-03-27T15:47:17.738;152;1,1
2026-03-27T15:47:18.738;152;1,1
2026-03-27T15:47:19.696;152;1,1
2026-03-27T15:47:20.661;152;1,1
2026-03-27T15:47:22.100;152;1,1
2026-03-27T15:47:23.062;152;1,0
2026-03-27T15:47:24.018;152;0,9
2026-03-27T15:47:24.993;152;0,9
2026-03-27T15:47:25.940;151;1,0
2026-03-27T15:47:26.897;151;1,0
2026-03-27T15:47:27.857;151;1,0
2026-03-27T15:47:28.821;150;0,9
2026-03-27T15:47:29.782;149;0,8
2026-03-27T15:47:31.698;149;0,8
2026-03-27T15:47:31.698;148;1,0
2026-03-27T15:47:32.657;148;1,0
2026-03-27T15:47:34.096;148;0,9
2026-03-27T15:47:35.063;147;0,9
2026-03-27T15:47:36.014;147;0,9
2026-03-27T15:47:36.974;147;0,9
2026-03-27T15:47:38.420;147;0,9
2026-03-27T15:47:38.858;147;1,0
2026-03-27T15:47:40.766;146;1,0
2026-03-27T15:47:40.770;146;1,0
2026-03-27T15:47:42.202;145;0,9
2026-03-27T15:47:42.682;145;0,8
2026-03-27T15:47:43.657;145;1,0
2026-03-27T15:47:44.655;146;0,9
2026-03-27T15:47:46.096;146;1,3
2026-03-27T15:47:47.977;146;1,3
2026-03-27T15:47:48.449;147;1,5
2026-03-27T15:47:48.974;146;1,7
2026-03-27T15:47:49.934;147;1,7
2026-03-27T15:47:50.892;147;1,7
2026-03-27T15:47:51.848;146;1,7
2026-03-27T15:47:52.837;146;1,8
2026-03-27T15:47:54.257;145;1,8
2026-03-27T15:47:54.738;145;1,8
2026-03-27T15:47:56.175;145;1,9
2026-03-27T15:47:57.133;145;1,8
2026-03-27T15:47:58.054;145;2,0
2026-03-27T15:47:59.059;145;1,8
2026-03-27T15:48:00.018;146;1,6
2026-03-27T15:48:01.461;146;1,6
2026-03-27T15:48:01.897;146;1,5
2026-03-27T15:48:02.898;147;1,6
2026-03-27T15:48:03.854;147;1,4
2026-03-27T15:48:04.820;147;1,3
2026-03-27T15:48:05.771;148;1,4
2026-03-27T15:48:06.688;148;1,4
2026-03-27T15:48:07.657;148;1,4
2026-03-27T15:48:08.619;148;1,4
2026-03-27T15:48:10.058;148;1,2
2026-03-27T15:48:11.018;147;1,4
2026-03-27T15:48:12.459;147;1,5
2026-03-27T15:48:12.938;147;1,4
2026-03-27T15:48:13.947;146;1,4
2026-03-27T15:48:14.908;146;1,5
2026-03-27T15:48:15.854;146;1,5
2026-03-27T15:48:17.295;145;1,5
2026-03-27T15:48:17.738;145;1,6
2026-03-27T15:48:18.742;145;1,5
2026-03-27T15:48:19.698;145;1,5
2026-03-27T15:48:20.664;144;1,5
2026-03-27T15:48:22.096;145;1,6
2026-03-27T15:48:23.057;145;1,8
2026-03-27T15:48:24.497;146;1,5
2026-03-27T15:48:24.938;146;1,5
2026-03-27T15:48:26.420;146;1,6
2026-03-27T15:48:26.858;146;1,6
2026-03-27T15:48:28.341;146;1,4
2026-03-27T15:48:28.777;146;1,4
2026-03-27T15:48:29.777;147;1,9
2026-03-27T15:48:30.739;146;1,9
2026-03-27T15:48:31.716;146;2,2
2026-03-27T15:48:32.661;146;2,2
2026-03-27T15:48:34.103;145;2,1
2026-03-27T15:48:35.063;144;2,1
2026-03-27T15:48:36.023;144;2,0
2026-03-27T15:48:37.942;144;2,0
2026-03-27T15:48:37.942;144;2,1
2026-03-27T15:48:38.898;144;2,1
2026-03-27T15:48:39.858;145;2,0
2026-03-27T15:48:40.819;145;2,1
2026-03-27T15:48:41.777;146;1,8
2026-03-27T15:48:42.733;146;1,6
2026-03-27T15:48:43.700;146;1,3
2026-03-27T15:48:44.660;147;1,3
2026-03-27T15:48:46.101;147;1,3
2026-03-27T15:48:48.496;147;1,3
2026-03-27T15:48:48.497;148;1,3
2026-03-27T15:48:49.448;148;1,3
2026-03-27T15:48:49.930;148;1,1
2026-03-27T15:48:50.902;148;1,4
2026-03-27T15:48:51.862;147;1,7
2026-03-27T15:48:53.777;145;1,7
2026-03-27T15:48:53.778;145;1,7
2026-03-27T15:48:54.739;144;1,7
2026-03-27T15:48:56.180;143;1,7
2026-03-27T15:48:57.140;143;1,6
2026-03-27T15:48:58.101;143;1,6
2026-03-27T15:48:59.059;143;1,6
2026-03-27T15:49:00.502;144;1,6
2026-03-27T15:49:00.936;144;1,6
2026-03-27T15:49:02.898;144;1,6
2026-03-27T15:49:02.899;144;1,3
2026-03-27T15:49:03.853;145;1,3
2026-03-27T15:49:05.780;145;0,8
2026-03-27T15:49:05.781;145;0,9
2026-03-27T15:49:06.739;145;0,8
2026-03-27T15:49:07.703;145;0,8
2026-03-27T15:49:08.656;145;0,7
2026-03-27T15:49:10.094;145;0,7
2026-03-27T15:49:11.533;145;0,8
2026-03-27T15:49:12.486;145;0,9
2026-03-27T15:49:12.980;145;0,8
2026-03-27T15:49:13.942;145;0,8
2026-03-27T15:49:14.902;145;0,8
2026-03-27T15:49:15.859;145;0,8
2026-03-27T15:49:16.816;145;0,8
2026-03-27T15:49:17.780;145;0,9
2026-03-27T15:49:18.735;145;0,9
2026-03-27T15:49:19.697;146;0,9
2026-03-27T15:49:20.656;146;1,0
2026-03-27T15:49:22.111;147;1,2
2026-03-27T15:49:23.054;147;1,2
2026-03-27T15:49:24.016;148;1,3
2026-03-27T15:49:24.973;148;1,5
2026-03-27T15:49:25.881;148;1,5
2026-03-27T15:49:26.899;148;1,5
2026-03-27T15:49:27.859;148;1,5
2026-03-27T15:49:28.825;148;1,5
2026-03-27T15:49:29.773;148;1,4
2026-03-27T15:49:30.738;148;1,4
2026-03-27T15:49:31.699;148;1,3
2026-03-27T15:49:32.651;148;1,3
2026-03-27T15:49:34.045;148;1,1
2026-03-27T15:49:35.006;148;2,0
2026-03-27T15:49:36.015;148
2026-03-27T15:49:37.880;149;1,9
2026-03-27T15:49:37.882;149;1,8
2026-03-27T15:49:39.339;148;72,6
2026-03-27T15:49:39.820;149;103,1
2026-03-27T15:49:40.784;149;103,1
2026-03-27T15:49:41.741;150;103,1
2026-03-27T15:49:42.700;149;103,1
2026-03-27T15:49:43.660;149;103,1
2026-03-27T15:49:45.096;149;103,1
2026-03-27T15:49:46.099;149;103,1
2026-03-27T15:49:47.058;148;103,1
2026-03-27T15:49:48.017;149;103,1
2026-03-27T15:49:48.980;149;103,1
2026-03-27T15:49:49.946;149;103,1
2026-03-27T15:49:50.904;149;73,2
2026-03-27T15:49:52.821;150;1,0
2026-03-27T15:49:52.822;150;1,0
2026-03-27T15:49:53.780;151;1,0
2026-03-27T15:49:54.741;151;1,0
2026-03-27T15:49:55.702;151;1,1
2026-03-27T15:49:57.625;151;1,0
2026-03-27T15:49:58.060;152;1,0
2026-03-27T15:49:59.068;152;1,1
2026-03-27T15:50:00.027;152;1,1
2026-03-27T15:50:00.980;152;1,1
2026-03-27T15:50:01.935;152;0,7
2026-03-27T15:50:02.898;152;0,7
2026-03-27T15:50:03.866;152;0,6
2026-03-27T15:50:04.820;152;0,6
2026-03-27T15:50:05.780;152;0,5
2026-03-27T15:50:06.698;152;0,5
2026-03-27T15:50:07.661;152;0,5
2026-03-27T15:50:08.619;152;0,6
2026-03-27T15:50:10.104;152;0,6
2026-03-27T15:50:11.058;152;0,6
2026-03-27T15:50:12.494;152;0,6
2026-03-27T15:50:12.977;151;0,6
2026-03-27T15:50:13.938;151;0,7
2026-03-27T15:50:14.904;151;0,7
2026-03-27T15:50:15.847;151;0,8
2026-03-27T15:50:16.818;150;0,8
2026-03-27T15:50:17.782;150;1,0
2026-03-27T15:50:18.737;149;1,0
2026-03-27T15:50:20.195;148;1,1
2026-03-27T15:50:20.606;148;0,9
2026-03-27T15:50:22.045;148;0,9
2026-03-27T15:50:23.060;148;1,1
2026-03-27T15:50:24.019;148;1,1
2026-03-27T15:50:25.420;148;1,1
2026-03-27T15:50:26.858;148;1,2
2026-03-27T15:50:26.860;148;1,7
2026-03-27T15:50:27.817;148;2,1
2026-03-27T15:50:28.777;148;2,3
2026-03-27T15:50:30.696;149;2,3
2026-03-27T15:50:30.697;149;2,3
2026-03-27T15:50:31.660;150;2,3
2026-03-27T15:50:32.620;150;2,3
2026-03-27T15:50:34.062;151;2,3
2026-03-27T15:50:35.020;151;2,2
2026-03-27T15:50:35.983;151;2,2
2026-03-27T15:50:37.900;152;2,2
2026-03-27T15:50:37.904;152;2,1
2026-03-27T15:50:38.859;152;1,7
2026-03-27T15:50:39.819;152;1,3
2026-03-27T15:50:40.764;152;0,7
2026-03-27T15:50:41.727;153;0,7
2026-03-27T15:50:42.701;153;0,8
2026-03-27T15:50:44.619;153;0,6
2026-03-27T15:50:44.623;153;0,9
2026-03-27T15:50:46.537;152;0,9
2026-03-27T15:50:47.021;152;0,8
2026-03-27T15:50:47.965;152;0,8
2026-03-27T15:50:49.422;151;0,9
2026-03-27T15:50:49.900;151;0,9
2026-03-27T15:50:50.861;151;0,9
2026-03-27T15:50:51.820;151;1,0
2026-03-27T15:50:52.782;150;1,0
2026-03-27T15:50:53.740;150;1,0
2026-03-27T15:50:55.180;150;1,0
2026-03-27T15:50:55.658;150;1,0
2026-03-27T15:50:56.650;150;1,3
2026-03-27T15:50:58.099;150;1,4
2026-03-27T15:50:59.050;150;1,5
2026-03-27T15:51:00.017;150;1,5
2026-03-27T15:51:00.986;150;1,5
2026-03-27T15:51:01.938;150;1,5
2026-03-27T15:51:02.911;150;1,5
2026-03-27T15:51:03.859;149;1,5
2026-03-27T15:51:05.305;149;1,5
2026-03-27T15:51:05.739;149;1,5
2026-03-27T15:51:06.742;148;1,5
2026-03-27T15:51:08.663;148;1,5
2026-03-27T15:51:08.664;148;1,1
2026-03-27T15:51:10.100;147;1,0
2026-03-27T15:51:11.020;146;1,0
2026-03-27T15:51:11.980;145;1,1
2026-03-27T15:51:12.984;144;1,3
2026-03-27T15:51:13.942;143;1,3
2026-03-27T15:51:14.904;141;1,5
2026-03-27T15:51:15.872;140;1,5
2026-03-27T15:51:17.791;140;1,5
2026-03-27T15:51:17.792;139;1,5
2026-03-27T15:51:18.744;139;1,5
2026-03-27T15:51:20.139;138;1,5
2026-03-27T15:51:20.615;137;1,7
2026-03-27T15:51:22.058;136;1,6
2026-03-27T15:51:23.016;135;1,9
2026-03-27T15:51:23.977;135;1,9
2026-03-27T15:51:24.937;134;1,8
2026-03-27T15:51:26.859;133;1,7
2026-03-27T15:51:26.861;133;1,8
2026-03-27T15:51:28.302;133;1,6
2026-03-27T15:51:28.777;134;1,6
2026-03-27T15:51:29.739;134;1,7
2026-03-27T15:51:31.661;133;2,1
2026-03-27T15:51:31.664;132;2,5
2026-03-27T15:51:32.620;130;2,5
2026-03-27T15:51:34.061;129;2,4
2026-03-27T15:51:35.006;129;2,4
2026-03-27T15:51:35.979;129;2,4
2026-03-27T15:51:36.940;130;2,3
2026-03-27T15:51:37.901;130;2,3
2026-03-27T15:51:38.861;128;3,2
2026-03-27T15:51:39.821;125;4,3
2026-03-27T15:51:40.780;123;4,4
2026-03-27T15:51:41.740;122;4,4
2026-03-27T15:51:42.701;121;4,4
2026-03-27T15:51:43.660;122;4,5
2026-03-27T15:51:44.621;122;4,4
2026-03-27T15:51:46.062;123;4,2
2026-03-27T15:51:47.018;123;4,2
2026-03-27T15:51:47.979;124;4,2
2026-03-27T15:51:48.940;124;4,2
2026-03-27T15:51:49.900;124;4,2
2026-03-27T15:51:50.901;125;4,3
2026-03-27T15:51:51.818;125;4,4
2026-03-27T15:51:52.820;126;3,7
2026-03-27T15:51:53.775;126;2,5
2026-03-27T15:51:54.738;126;2,3
2026-03-27T15:51:55.698;126;2,3
2026-03-27T15:51:56.667;126;2,2
2026-03-27T15:51:59.064;126;1,9
2026-03-27T15:51:59.065;126;1,9
2026-03-27T15:52:00.022;127;1,9
2026-03-27T15:52:00.985;128;2,2
2026-03-27T15:52:01.949;129;2,4
2026-03-27T15:52:03.378;130;2,5
2026-03-27T15:52:04.344;131;2,4
2026-03-27T15:52:04.780;132;2,2
2026-03-27T15:52:05.777;133;2,0
2026-03-27T15:52:06.740;134;2,2
2026-03-27T15:52:07.703;135;2,2
2026-03-27T15:52:10.105;135;2,2
2026-03-27T15:52:10.106;135;2,2
2026-03-27T15:52:11.061;137;2,1
2026-03-27T15:52:12.024;137;2,1
2026-03-27T15:52:12.983;137;2,2
2026-03-27T15:52:13.941;138;2,0
2026-03-27T15:52:14.897;138;1,7
2026-03-27T15:52:16.343;138;1,7
2026-03-27T15:52:17.308;138;1,6
2026-03-27T15:52:17.739;138;1,6
2026-03-27T15:52:18.743;138;1,4
2026-03-27T15:52:19.705;138;1,4
2026-03-27T15:52:20.663;138;1,4
2026-03-27T15:52:22.576;138;1,4
2026-03-27T15:52:23.017;138;1,6
2026-03-27T15:52:24.019;138;1,6
2026-03-27T15:52:24.981;138;1,5
2026-03-27T15:52:25.942;138;1,4
2026-03-27T15:52:26.849;139;1,3
2026-03-27T15:52:27.868;139;1,3
2026-03-27T15:52:28.818;140;1,4
2026-03-27T15:52:29.781;141;1,5
2026-03-27T15:52:31.699;141;1,5
2026-03-27T15:52:31.700;142;1,6
2026-03-27T15:52:33.140;143;1,6
2026-03-27T15:52:34.578;143;1,6
2026-03-27T15:52:35.064;144;1,5
2026-03-27T15:52:36.019;145;1,2
2026-03-27T15:52:37.936;145;1,3
2026-03-27T15:52:37.937;145;1,3
2026-03-27T15:52:39.862;146;1,3
2026-03-27T15:52:39.863;146;1,3
2026-03-27T15:52:40.822;146;1,2
2026-03-27T15:52:42.739;146;1,0
2026-03-27T15:52:42.740;145;1,0
2026-03-27T15:52:43.701;145;0,9
2026-03-27T15:52:44.662;144;1,0
2026-03-27T15:52:46.103;144;1,0
2026-03-27T15:52:47.069;143;0,9
2026-03-27T15:52:48.027;143;1,0
2026-03-27T15:52:48.981;144;1,0
2026-03-27T15:52:49.883;144;1,0
2026-03-27T15:52:50.859;144;1,0
2026-03-27T15:52:51.808;145;1,1
2026-03-27T15:52:52.768;145;1,2
2026-03-27T15:52:53.722;146;1,2
2026-03-27T15:52:55.181;146;1,2
2026-03-27T15:52:55.662;147;1,2
2026-03-27T15:52:56.622;147;1,1
2026-03-27T15:52:58.100;147;1,2
2026-03-27T15:52:59.009;148;1,2
2026-03-27T15:53:00.036;149;1,1
2026-03-27T15:53:00.985;149;1,1
2026-03-27T15:53:01.939;149;1,5
2026-03-27T15:53:02.901;150;1,7
2026-03-27T15:53:03.858;150;1,7
2026-03-27T15:53:04.823;150;1,7
2026-03-27T15:53:05.779;150;1,7
2026-03-27T15:53:08.180;150;1,6
2026-03-27T15:53:08.181;151;1,6
2026-03-27T15:53:08.658;151;1,6
2026-03-27T15:53:10.115;150;1,6
2026-03-27T15:53:11.062;150;1,5
2026-03-27T15:53:12.979;151;1,5
2026-03-27T15:53:12.980;150;1,1
2026-03-27T15:53:14.420;150;0,9
2026-03-27T15:53:14.860;150;0,5
2026-03-27T15:53:15.856;150;0,4
2026-03-27T15:53:16.822;150;0,7
2026-03-27T15:53:17.778;151;0,7
2026-03-27T15:53:18.743;151;0,7
2026-03-27T15:53:19.719;151;0,8
2026-03-27T15:53:20.657;151;0,8
2026-03-27T15:53:23.059;151;1,0
2026-03-27T15:53:23.060;151;1,0
2026-03-27T15:53:23.982;151;1,0
2026-03-27T15:53:25.422;151;1,0
2026-03-27T15:53:25.933;151;1,0
2026-03-27T15:53:26.888;151;1,0
2026-03-27T15:53:27.863;151;1,0
2026-03-27T15:53:29.778;151;0,8
2026-03-27T15:53:29.779;150;1,0
2026-03-27T15:53:30.739;150;1,0
2026-03-27T15:53:31.696;150;1,0
2026-03-27T15:53:33.140;150;1,1
2026-03-27T15:53:34.576;150;0,9
2026-03-27T15:53:35.021;150;0,9
2026-03-27T15:53:36.018;150;0,9
2026-03-27T15:53:36.983;150;1,0
2026-03-27T15:53:37.946;149;0,9
2026-03-27T15:53:38.899;149;1,3
2026-03-27T15:53:39.826;148;1,3
2026-03-27T15:53:40.815;147;1,5
2026-03-27T15:53:41.742;147;1,4
2026-03-27T15:53:42.740;146;1,4
2026-03-27T15:53:43.660;146;1,4
2026-03-27T15:53:44.656;146;1,3
2026-03-27T15:53:46.100;146;1,3
2026-03-27T15:53:47.072;147;1,3
2026-03-27T15:53:48.028;147;1,3
2026-03-27T15:53:48.981;148;1,3
2026-03-27T15:53:49.936;148;1,3
2026-03-27T15:53:50.901;148;0,9
2026-03-27T15:53:51.862;148;0,9
2026-03-27T15:53:52.822;148;0,5
2026-03-27T15:53:53.781;148;0,8
2026-03-27T15:53:54.741;148;0,8
2026-03-27T15:53:55.698;148;1,0
2026-03-27T15:53:56.665;148;1,1
2026-03-27T15:53:58.090;148;1,1
2026-03-27T15:53:59.059;148;1,1
2026-03-27T15:54:00.497;148;1,4
2026-03-27T15:54:01.454;149;1,3
2026-03-27T15:54:01.947;149;1,4
2026-03-27T15:54:02.918;149;1,4
2026-03-27T15:54:03.859;149;1,4
2026-03-27T15:54:04.826;149;1,4
2026-03-27T15:54:06.254;149;1,2
2026-03-27T15:54:06.698;149;1,2
2026-03-27T15:54:07.698;149;1,0
2026-03-27T15:54:08.660;149;1,1
2026-03-27T15:54:10.096;149;1,0
2026-03-27T15:54:11.065;148;0,6
2026-03-27T15:54:12.018;148;0,6
2026-03-27T15:54:13.463;148;0,6
2026-03-27T15:54:14.419;148;0,7
2026-03-27T15:54:14.861;149;1,1
2026-03-27T15:54:16.816;149;1,3
2026-03-27T15:54:16.817;149;1,4
2026-03-27T15:54:17.781;149;1,4
2026-03-27T15:54:19.704;149;1,4
2026-03-27T15:54:19.705;149;1,4
2026-03-27T15:54:22.101;149;1,5
2026-03-27T15:54:22.102;148;1,6
2026-03-27T15:54:23.062;148;1,7
2026-03-27T15:54:24.018;148;1,6
2026-03-27T15:54:24.978;147;1,7
2026-03-27T15:54:25.943;147;1,7
2026-03-27T15:54:27.372;146;1,5
2026-03-27T15:54:27.818;146;1,2
2026-03-27T15:54:28.819;146;1,2
2026-03-27T15:54:29.780;145;1,2
2026-03-27T15:54:30.739;146;1,2
2026-03-27T15:54:31.698;146;1,2
2026-03-27T15:54:32.660;145;0,9
2026-03-27T15:54:34.100;145;0,9
2026-03-27T15:54:35.063;144;0,9
2026-03-27T15:54:36.020;144;0,9
2026-03-27T15:54:36.980;143;1,0
2026-03-27T15:54:37.940;143;0,9
2026-03-27T15:54:38.901;142;1,0
2026-03-27T15:54:39.860;143;1,3
2026-03-27T15:54:40.821;143;1,4
2026-03-27T15:54:41.782;143;1,4
2026-03-27T15:54:42.740;144;1,4
2026-03-27T15:54:44.180;144;1,4
2026-03-27T15:54:45.143;144;1,4
2026-03-27T15:54:46.104;144;1,4
2026-03-27T15:54:47.067;144;1,4
2026-03-27T15:54:48.034;145;1,4
2026-03-27T15:54:48.980;145;1,4
2026-03-27T15:54:49.940;144;1,4
2026-03-27T15:54:50.902;144;1,3
2026-03-27T15:54:51.820;144;1,3
2026-03-27T15:54:52.819;144;0,9
2026-03-27T15:54:53.777;144;1,0
2026-03-27T15:54:54.743;144;1,0
2026-03-27T15:54:55.695;144;0,9
2026-03-27T15:54:56.661;144;0,9
2026-03-27T15:54:58.099;144;0,9
2026-03-27T15:54:59.057;145;1,4
2026-03-27T15:55:00.017;144;1,5
2026-03-27T15:55:00.980;145;1,5
2026-03-27T15:55:01.929;145;1,6
2026-03-27T15:55:02.862;145;1,6
2026-03-27T15:55:03.864;145;1,6
2026-03-27T15:55:05.297;145;1,6
2026-03-27T15:55:05.741;145;1,6
2026-03-27T15:55:07.698;145;1,5
2026-03-27T15:55:07.699;145;1,5
2026-03-27T15:55:08.657;145;1,5
2026-03-27T15:55:10.099;145;1,5
2026-03-27T15:55:11.049;145;1,5
2026-03-27T15:55:12.976;145;1,1
2026-03-27T15:55:13.420;145;1,0
2026-03-27T15:55:13.943;145;0,9
2026-03-27T15:55:14.924;144;0,7
2026-03-27T15:55:15.867;143;0,9
2026-03-27T15:55:16.835;142;1,0
2026-03-27T15:55:18.271;142;1,2
2026-03-27T15:55:18.742;141;1,1
2026-03-27T15:55:19.701;141;1,3
2026-03-27T15:55:21.142;141;1,3
2026-03-27T15:55:22.529;141;1,3
2026-03-27T15:55:23.060;141;1,4
2026-03-27T15:55:24.021;141;1,4
2026-03-27T15:55:24.984;140;1,4
2026-03-27T15:55:25.941;140;1,4
2026-03-27T15:55:26.858;140;1,4
2026-03-27T15:55:27.823;140;1,3
2026-03-27T15:55:28.765;140;1,3
2026-03-27T15:55:29.777;140;20,3
2026-03-27T15:55:30.742;140;29,3
2026-03-27T15:55:31.696;141;29,3
2026-03-27T15:55:33.613;141;29,3
2026-03-27T15:55:34.043;142;29,3
2026-03-27T15:55:35.053;142;29,3
2026-03-27T15:55:36.981;142;29,3
2026-03-27T15:55:36.982;143;29,3
2026-03-27T15:55:37.985;143;29,3
2026-03-27T15:55:38.893;143;29,3
2026-03-27T15:55:39.826;143;29,3
2026-03-27T15:55:42.222;142;29,3
2026-03-27T15:55:42.224;142;29,3
2026-03-27T15:55:42.742;143;21,2
2026-03-27T15:55:44.180;142;1,0
2026-03-27T15:55:44.620;142;1,0
2026-03-27T15:55:46.590;141;1,0
2026-03-27T15:55:47.542;141;1,0
2026-03-27T15:55:47.982;140;1,0
2026-03-27T15:55:48.984;139;1,1
2026-03-27T15:55:49.940;139;1,2
2026-03-27T15:55:50.897;138;1,3
2026-03-27T15:55:51.866;137;1,2
2026-03-27T15:55:52.825;138;1,2
2026-03-27T15:55:53.786;138;1,2
2026-03-27T15:55:54.743;138;1,2
2026-03-27T15:55:55.706;139;1,2
2026-03-27T15:55:57.145;139;1,2
2026-03-27T15:55:58.104;140;1,2
2026-03-27T15:55:59.066;140;1,4
2026-03-27T15:56:00.028;141;1,4
2026-03-27T15:56:01.469;142;1,2
2026-03-27T15:56:01.901;142;1,2
2026-03-27T15:56:02.896;142;1,1
2026-03-27T15:56:04.341;143;1,1
2026-03-27T15:56:05.307;143;1,1
2026-03-27T15:56:05.741;143;1,0
2026-03-27T15:56:07.232;143;1,1
2026-03-27T15:56:07.699;143;1,0
2026-03-27T15:56:10.097;143;1,0
2026-03-27T15:56:11.062;143;1,0
2026-03-27T15:56:11.063;143;1,1
2026-03-27T15:56:12.022;143;0,9
2026-03-27T15:56:12.983;143;0,9
2026-03-27T15:56:13.942;143;0,9
2026-03-27T15:56:15.385;143;0,9
2026-03-27T15:56:15.823;143;0,9
2026-03-27T15:56:16.827;143;0,9
2026-03-27T15:56:17.783;143;1,0
2026-03-27T15:56:18.753;143;0,9
2026-03-27T15:56:19.713;143;1,0
2026-03-27T15:56:21.143;142;0,9
2026-03-27T15:56:23.543;142;0,9
2026-03-27T15:56:23.544;142;0,8
2026-03-27T15:56:23.981;143;1,0
2026-03-27T15:56:24.985;143;1,3
2026-03-27T15:56:25.937;143;1,3
2026-03-27T15:56:26.905;143;2,1
2026-03-27T15:56:28.343;143
2026-03-27T15:56:28.780;143;2,1
2026-03-27T15:56:29.781;143
2026-03-27T15:56:30.739;143
2026-03-27T15:56:31.698;143;2,1
2026-03-27T15:56:32.659;143;109,0
2026-03-27T15:56:34.582;144;109,0
2026-03-27T15:56:35.024;144;109,0
2026-03-27T15:56:36.025;146;109,0
2026-03-27T15:56:36.984;146;109,0
2026-03-27T15:56:37.945;147;109,0
2026-03-27T15:56:38.903;147;109,0
2026-03-27T15:56:39.810;147;109,0
2026-03-27T15:56:40.827;147;109,0
2026-03-27T15:56:41.779;148;109,0
2026-03-27T15:56:42.740;147;109,0
2026-03-27T15:56:43.702;148;109,0
2026-03-27T15:56:45.137;148;1,5
2026-03-27T15:56:45.581;148;0,9
2026-03-27T15:56:47.065;148;0,7
2026-03-27T15:56:48.020;148;0,3
2026-03-27T15:56:48.988;148;0,4
2026-03-27T15:56:49.939;148;0,4
2026-03-27T15:56:50.901;148;0,4
2026-03-27T15:56:51.860;147;0,5
2026-03-27T15:56:52.785;147;0,6
2026-03-27T15:56:53.784;147;0,8
2026-03-27T15:56:54.739;147;0,8
2026-03-27T15:56:55.702;146;0,8
2026-03-27T15:56:56.672;144;2,2
2026-03-27T15:56:57.631;140;4,6
2026-03-27T15:56:59.022;136;4,7
2026-03-27T15:57:00.504;132;5,1
2026-03-27T15:57:00.982;129;5,1
2026-03-27T15:57:01.946;128;5,1
2026-03-27T15:57:02.903;130;6,6
2026-03-27T15:57:03.865;133;6,7
2026-03-27T15:57:04.820;134;6,6
2026-03-27T15:57:05.776;136;6,7
2026-03-27T15:57:07.221;137;6,6
2026-03-27T15:57:07.661;138;6,7
2026-03-27T15:57:08.661;139;6,7
2026-03-27T15:57:10.104;139;6,4
2026-03-27T15:57:11.071;140;4,9
2026-03-27T15:57:12.987;140;4,5
2026-03-27T15:57:12.987;140;4,4
2026-03-27T15:57:13.945;139;4,4
2026-03-27T15:57:14.901;138;2,2
2026-03-27T15:57:15.857;137;2,0
2026-03-27T15:57:16.824;135;2,1
2026-03-27T15:57:17.779;134;2,1
2026-03-27T15:57:18.703;133;2,1
2026-03-27T15:57:19.704;132;2,1
2026-03-27T15:57:20.661;131;2,2
2026-03-27T15:57:22.577;129;2,4
2026-03-27T15:57:23.536;128;2,4
2026-03-27T15:57:24.501;128;2,4
2026-03-27T15:57:24.980;128;2,5
2026-03-27T15:57:26.421;129;2,6
2026-03-27T15:57:26.860;129;2,7
2026-03-27T15:57:28.779;129;2,7
2026-03-27T15:57:28.783;128;2,7
2026-03-27T15:57:30.220;128;2,5
2026-03-27T15:57:30.699;128;2,3
2026-03-27T15:57:31.659;129;2,3
2026-03-27T15:57:32.620;129;2,4
2026-03-27T15:57:34.540;130;2,4
2026-03-27T15:57:35.500;131;2,5
2026-03-27T15:57:36.460;132;2,3
2026-03-27T15:57:36.941;133;2,4
2026-03-27T15:57:37.900;135;2,5
2026-03-27T15:57:38.861;135;2,4
2026-03-27T15:57:40.763;135;2,3
2026-03-27T15:57:40.764;136;2,3
2026-03-27T15:57:42.704;136;2,0
2026-03-27T15:57:42.707;135;2,0
2026-03-27T15:57:43.663;135;1,9
2026-03-27T15:57:44.623;135;1,9
2026-03-27T15:57:45.571;136;1,9
2026-03-27T15:57:47.008;136;1,7
2026-03-27T15:57:47.983;136;1,5
2026-03-27T15:57:48.927;136;1,4
2026-03-27T15:57:50.363;136;1,3
2026-03-27T15:57:50.843;136;1,1
2026-03-27T15:57:51.809;136;1,2
2026-03-27T15:57:52.784;136;1,2
2026-03-27T15:57:53.743;137;1,1
2026-03-27T15:57:54.702;138;1,1
2026-03-27T15:57:55.664;140;1,7
2026-03-27T15:57:56.613;141;1,7
2026-03-27T15:57:59.504;143;2,0
2026-03-27T15:58:00.022;143;2,1
2026-03-27T15:58:00.023;145;2,1
2026-03-27T15:58:00.982;145;2,1
2026-03-27T15:58:01.937;147;2,0
2026-03-27T15:58:02.899;148;2,1
2026-03-27T15:58:03.871;149;2,2
2026-03-27T15:58:04.814;149;2,2
2026-03-27T15:58:05.782;150;2,1
2026-03-27T15:58:06.741;150;2,1
2026-03-27T15:58:07.699;152;2,2
2026-03-27T15:58:08.667;153;1,8
2026-03-27T15:58:10.057;153;1,8
2026-03-27T15:58:11.024;154;1,5
2026-03-27T15:58:12.979;154;1,4
2026-03-27T15:58:13.422;155;1,3
2026-03-27T15:58:13.941;155;1,3
2026-03-27T15:58:14.901;155;1,2
2026-03-27T15:58:15.862;155;1,0
2026-03-27T15:58:16.821;155;1,0
2026-03-27T15:58:17.787;155;1,0
2026-03-27T15:58:18.743;155;0,9
2026-03-27T15:58:19.662;155;0,7
2026-03-27T15:58:21.617;155;0,7
2026-03-27T15:58:21.618;155;0,6
2026-03-27T15:58:23.061;155;0,7
2026-03-27T15:58:24.027;155;0,7
2026-03-27T15:58:24.997;155;0,7
2026-03-27T15:58:25.903;155;0,5
2026-03-27T15:58:26.895;155;0,5
2026-03-27T15:58:27.849;155;0,5
2026-03-27T15:58:28.783;155;0,7
2026-03-27T15:58:29.788;155;0,7
2026-03-27T15:58:30.748;155;0,7
2026-03-27T15:58:31.710;155;0,7
2026-03-27T15:58:32.656;154;0,7
2026-03-27T15:58:33.623;154;0,7
2026-03-27T15:58:35.071;154;0,7
2026-03-27T15:58:36.025;154;0,7
2026-03-27T15:58:37.945;154;0,7
2026-03-27T15:58:37.946;154;0,8
2026-03-27T15:58:38.902;155;0,8
2026-03-27T15:58:39.873;155;0,6
2026-03-27T15:58:40.826;155;0,5
2026-03-27T15:58:41.780;155;0,9
2026-03-27T15:58:42.746;156;1,0
2026-03-27T15:58:43.702;156;1,0
2026-03-27T15:58:44.664;156;1,1
2026-03-27T15:58:45.621;156;1,2
2026-03-27T15:58:47.071;156;1,6
2026-03-27T15:58:48.030;155;1,6
2026-03-27T15:58:48.989;155;1,6
2026-03-27T15:58:49.924;155;1,7
2026-03-27T15:58:50.947;154;1,8
2026-03-27T15:58:51.845;154;1,8
2026-03-27T15:58:52.785;154;1,8
2026-03-27T15:58:53.745;153;1,6
2026-03-27T15:58:54.740;153;1,6
2026-03-27T15:58:55.714;153;1,6
2026-03-27T15:58:56.666;153;1,7
2026-03-27T15:58:57.623;153;1,5
2026-03-27T15:58:59.062;153;1,3
2026-03-27T15:59:00.021;153;1,2
2026-03-27T15:59:00.983;152;1,2
2026-03-27T15:59:02.426;152;1,1
2026-03-27T15:59:02.909;151;0,9
2026-03-27T15:59:03.864;151;0,9
2026-03-27T15:59:04.827;151;0,9
2026-03-27T15:59:05.785;151;0,9
2026-03-27T15:59:06.746;151;0,9
2026-03-27T15:59:07.707;151;0,7
2026-03-27T15:59:08.664;151;0,7
2026-03-27T15:59:09.620;151;0,7
2026-03-27T15:59:11.072;151;0,6
2026-03-27T15:59:12.983;151;0,5
2026-03-27T15:59:12.984;152;0,6
2026-03-27T15:59:13.940;152;0,6
2026-03-27T15:59:14.904;153;0,7
2026-03-27T15:59:15.868;153;0,7
2026-03-27T15:59:16.833;153;0,8
2026-03-27T15:59:17.785;153;0,8
2026-03-27T15:59:18.687;154;0,9
2026-03-27T15:59:19.653;154;0,9
2026-03-27T15:59:21.090;154;0,9
2026-03-27T15:59:22.045;155;0,9
2026-03-27T15:59:23.022;155;0,9
2026-03-27T15:59:24.023;155;0,8
2026-03-27T15:59:24.982;154;1,0
2026-03-27T15:59:25.926;154;1,0
2026-03-27T15:59:26.866;153;1,0
2026-03-27T15:59:27.852;153;0,9
2026-03-27T15:59:28.784;153;0,9
2026-03-27T15:59:30.226;153;0,9
2026-03-27T15:59:31.664;153;1,1
2026-03-27T15:59:31.667;153;1,0
2026-03-27T15:59:33.615;153;1,5
2026-03-27T15:59:33.616;153;1,5
2026-03-27T15:59:35.064;152;1,5
2026-03-27T15:59:36.014;152;1,5
2026-03-27T15:59:36.980;151;1,4
2026-03-27T15:59:37.938;151;1,5
2026-03-27T15:59:38.908;151;1,5
2026-03-27T15:59:39.864;151;1,5
2026-03-27T15:59:40.823;151;1,5
2026-03-27T15:59:42.754;151;1,5
2026-03-27T15:59:42.755;151;1,4
2026-03-27T15:59:44.184;151;0,8
2026-03-27T15:59:44.665;151;0,8
2026-03-27T15:59:46.581;151;0,8
2026-03-27T15:59:47.022;151;0,9
2026-03-27T15:59:48.023;151;0,9
2026-03-27T15:59:48.984;151;0,7
2026-03-27T15:59:49.944;151;0,7
2026-03-27T15:59:50.862;151;0,6
2026-03-27T15:59:51.825;151;0,6
2026-03-27T15:59:52.786;151;0,6
2026-03-27T15:59:53.782;151;0,9
2026-03-27T15:59:54.746;151;0,9
2026-03-27T15:59:55.700;151;0,9
2026-03-27T15:59:56.666;151;0,9
2026-03-27T15:59:58.107;151;0,9
2026-03-27T15:59:59.540;151;0,8
2026-03-27T16:00:00.506;152;1,1
2026-03-27T16:00:00.943;151;1,1
2026-03-27T16:00:02.910;151;3,3
2026-03-27T16:00:02.911;151;3,3
2026-03-27T16:00:03.868;150;3,4
2026-03-27T16:00:04.827;150;3,4
2026-03-27T16:00:05.781;148;3,5
2026-03-27T16:00:06.749;148;3,4
2026-03-27T16:00:07.710;147;3,4
2026-03-27T16:00:08.665;147;3,4
2026-03-27T16:00:09.626;147;3,4
2026-03-27T16:00:11.072;147;3,5
2026-03-27T16:00:12.983;147;3,4
2026-03-27T16:00:12.984;147;2,6
2026-03-27T16:00:13.941;147;1,2
2026-03-27T16:00:14.906;148;1,2
2026-03-27T16:00:15.863;148;1,2
2026-03-27T16:00:16.832;148;0,7
2026-03-27T16:00:17.785;148;0,8
2026-03-27T16:00:18.748;148;0,7
2026-03-27T16:00:19.699;148;0,8
2026-03-27T16:00:20.659;149;1,2
2026-03-27T16:00:21.627;149;1,2
2026-03-27T16:00:23.063;150;1,3
2026-03-27T16:00:24.031;150;1,3
2026-03-27T16:00:24.980;150;1,3
2026-03-27T16:00:25.949;149;1,3
2026-03-27T16:00:26.902;149;1,3
2026-03-27T16:00:27.868;149;1,3
2026-03-27T16:00:28.819;149;1,3
2026-03-27T16:00:29.782;148;1,3
2026-03-27T16:00:30.744;148;1,3
2026-03-27T16:00:31.701;148;1,3
2026-03-27T16:00:33.632;149;1,1
2026-03-27T16:00:33.633;149;1,0
2026-03-27T16:00:35.062;149;1,1
2026-03-27T16:00:36.019;150;1,1
2026-03-27T16:00:36.981;150;1,0
2026-03-27T16:00:37.945;150;1,3
2026-03-27T16:00:38.906;150;1,3
2026-03-27T16:00:39.832;149;1,3
2026-03-27T16:00:40.862;149;1,4
2026-03-27T16:00:41.771;148;1,4
2026-03-27T16:00:44.185;148;1,4
2026-03-27T16:00:44.186;147;1,4
2026-03-27T16:00:44.663;147;1,4
2026-03-27T16:00:46.587;147;1,3
2026-03-27T16:00:48.506;147;1,1
2026-03-27T16:00:48.507;147;1,1
2026-03-27T16:00:48.943;147;1,1
2026-03-27T16:00:50.423;147;0,7
2026-03-27T16:00:50.905;147;0,8
2026-03-27T16:00:51.866;148;0,7
2026-03-27T16:00:52.820;148;1,0
2026-03-27T16:00:54.225;148;1,3
2026-03-27T16:00:55.706;148;1,4
2026-03-27T16:00:55.707;148;1,4
2026-03-27T16:00:57.623;148;1,4
2026-03-27T16:00:57.624;148;1,4
2026-03-27T16:00:59.066;148;1,4
2026-03-27T16:00:59.974;148;1,6
2026-03-27T16:01:01.470;148;1,6
2026-03-27T16:01:01.905;148;1,6
2026-03-27T16:01:02.897;148;1,6
2026-03-27T16:01:04.817;148;1,6
2026-03-27T16:01:04.818;148;1,5
2026-03-27T16:01:05.781;149;1,3
2026-03-27T16:01:06.747;149;1,1
2026-03-27T16:01:07.707;150;1,2
2026-03-27T16:01:09.144;150;1,2
2026-03-27T16:01:10.120;150;1,1
2026-03-27T16:01:11.073;150;1,1
2026-03-27T16:01:12.467;151;0,9
2026-03-27T16:01:13.015;151;0,9
2026-03-27T16:01:13.984;152;0,9
2026-03-27T16:01:14.865;152;0,9
2026-03-27T16:01:15.874;152;0,8
2026-03-27T16:01:16.767;153;0,9
2026-03-27T16:01:17.745;153;0,9
2026-03-27T16:01:18.692;152;0,8
2026-03-27T16:01:20.663;152;0,9
2026-03-27T16:01:20.664;153;1,1
2026-03-27T16:01:21.619;153;1,1
2026-03-27T16:01:24.029;153;1,2
2026-03-27T16:01:24.030;153;1,2
2026-03-27T16:01:24.994;153;1,3
2026-03-27T16:01:25.934;152;1,3
2026-03-27T16:01:27.867;152;1,3
2026-03-27T16:01:27.867;151;1,3
2026-03-27T16:01:28.783;151;1,3
2026-03-27T16:01:29.744;150;1,3
2026-03-27T16:01:30.748;150;1,2
2026-03-27T16:01:31.687;150;1,2
2026-03-27T16:01:32.695;149;1,1
2026-03-27T16:01:33.594;150;1,1
2026-03-27T16:01:35.026;150;1,0
2026-03-27T16:01:35.984;150;1,1
2026-03-27T16:01:36.946;150;1,1
2026-03-27T16:01:38.385;150;1,1
2026-03-27T16:01:38.864;150;1,1
2026-03-27T16:01:39.863;151;1,0
2026-03-27T16:01:41.783;151;1,1
2026-03-27T16:01:41.784;151;1,2
2026-03-27T16:01:42.706;151;1,2
2026-03-27T16:01:43.704;151;1,2
2026-03-27T16:01:44.665;151;1,1
2026-03-27T16:01:45.616;151;1,1
2026-03-27T16:01:47.064;151;1,3
2026-03-27T16:01:48.030;152;1,1
2026-03-27T16:01:48.976;152;1,1
2026-03-27T16:01:49.937;152;1,1
2026-03-27T16:01:50.902;152;1,1
2026-03-27T16:01:51.868;152;1,1
2026-03-27T16:01:52.782;152;0,9
2026-03-27T16:01:53.785;152;0,9
2026-03-27T16:01:54.750;152;0,9
2026-03-27T16:01:55.708;152;0,9
2026-03-27T16:01:57.145;151;0,9
2026-03-27T16:01:58.101;151;71,5
2026-03-27T16:01:59.544;151;83,5
2026-03-27T16:02:00.026;152;88,4
2026-03-27T16:02:00.983;151;88,4
2026-03-27T16:02:02.903;151;88,4
2026-03-27T16:02:02.903;152;88,4
2026-03-27T16:02:03.864;152;93,5
2026-03-27T16:02:06.271;153;98,6
2026-03-27T16:02:06.271;153;98,6
2026-03-27T16:02:06.704;153;98,6
2026-03-27T16:02:07.704;154;98,6
2026-03-27T16:02:08.667;154;98,6
2026-03-27T16:02:09.618;155;68,0
2026-03-27T16:02:11.064;155;52,6
2026-03-27T16:02:12.026;155;43,9
2026-03-27T16:02:12.986;155;43,9
2026-03-27T16:02:13.942;155;43,9
2026-03-27T16:02:14.908;156;31,6
2026-03-27T16:02:16.343;156;0,7
2026-03-27T16:02:16.784;156;0,7
2026-03-27T16:02:17.787;156;0,5
2026-03-27T16:02:19.225;157;0,5
2026-03-27T16:02:20.214;157;0,5
2026-03-27T16:02:20.624;157;0,5
2026-03-27T16:02:22.099;157;0,5
2026-03-27T16:02:23.059;157;0,5
2026-03-27T16:02:24.018;157;0,5
2026-03-27T16:02:24.984;157;0,5
2026-03-27T16:02:25.942;157;0,5
2026-03-27T16:02:26.906;157;0,6
2026-03-27T16:02:27.869;157;0,6
2026-03-27T16:02:28.797;157;0,5
2026-03-27T16:02:29.747;156;0,5
2026-03-27T16:02:30.705;156;0,5
2026-03-27T16:02:31.667;156;0,6
2026-03-27T16:02:32.663;156;0,6
2026-03-27T16:02:33.624;156;0,7
2026-03-27T16:02:35.064;156;0,6
2026-03-27T16:02:36.021;156;0,7
2026-03-27T16:02:36.986;156;0,7
2026-03-27T16:02:37.940;156;0,7
2026-03-27T16:02:38.905;155;0,9
2026-03-27T16:02:39.882;155;0,9
2026-03-27T16:02:40.870;155;0,9
2026-03-27T16:02:42.263;155;0,9
2026-03-27T16:02:42.743;155;0,9
2026-03-27T16:02:43.703;155;1,0
2026-03-27T16:02:46.104;155;1,0
2026-03-27T16:02:46.105;155;1,0
2026-03-27T16:02:47.545;155;1,0
2026-03-27T16:02:48.511;155;1,1
2026-03-27T16:02:48.944;156;1,0
2026-03-27T16:02:49.945;156;0,9
2026-03-27T16:02:50.899;156;0,8
2026-03-27T16:02:51.877;157;0,9
2026-03-27T16:02:52.827;157;1,0
2026-03-27T16:02:54.270;157;1,0
2026-03-27T16:02:55.227;157;1,1
2026-03-27T16:02:55.654;157;1,1
2026-03-27T16:02:59.069;157;1,0
2026-03-27T16:02:59.070;157;1,0
2026-03-27T16:03:00.448;158;1,0
2026-03-27T16:03:00.452;158;0,9
2026-03-27T16:03:00.979;158;1,0
2026-03-27T16:03:01.888;158;1,0
2026-03-27T16:03:02.849;159;1,1
2026-03-27T16:03:03.856;159;1,1
2026-03-27T16:03:05.266;158;1,0
2026-03-27T16:03:05.746;158;1,0
2026-03-27T16:03:06.689;158;0,9
2026-03-27T16:03:08.149;158;0,9
2026-03-27T16:03:08.626;158;0,9
2026-03-27T16:03:09.585;158;0,9
2026-03-27T16:03:11.061;157;0,9
2026-03-27T16:03:11.970;156;0,9
2026-03-27T16:03:12.935;156;0,9
2026-03-27T16:03:14.432;156;0,7
2026-03-27T16:03:14.863;156;0,7
2026-03-27T16:03:16.353;156;0,7
2026-03-27T16:03:16.832;155;0,7
2026-03-27T16:03:17.748;155;0,6
2026-03-27T16:03:18.744;155;0,6
2026-03-27T16:03:19.710;155;0,7
2026-03-27T16:03:20.671;155;0,6
2026-03-27T16:03:21.625;155;0,6
2026-03-27T16:03:23.541;155;0,6
2026-03-27T16:03:23.984;154;0,6
2026-03-27T16:03:24.988;154;0,6
2026-03-27T16:03:25.947;154;0,6
2026-03-27T16:03:26.907;154;0,5
2026-03-27T16:03:27.868;154;0,5
2026-03-27T16:03:29.305;154;0,5
2026-03-27T16:03:29.785;154;0,6
2026-03-27T16:03:31.710;154;0,6
2026-03-27T16:03:31.712;154;0,4
2026-03-27T16:03:32.647;154;0,4
2026-03-27T16:03:33.631;154;0,8
2026-03-27T16:03:35.068;154;1,1
2026-03-27T16:03:36.023;154;1,3
2026-03-27T16:03:36.992;154;1,7
2026-03-27T16:03:37.946;154;1,7
2026-03-27T16:03:38.904;154;1,7
2026-03-27T16:03:39.887;154;1,7
2026-03-27T16:03:40.876;154;1,7
2026-03-27T16:03:42.267;154;1,8
2026-03-27T16:03:43.224;154;1,8
2026-03-27T16:03:44.190;154;1,9
2026-03-27T16:03:44.624;155;1,8
2026-03-27T16:03:45.630;155;1,7
2026-03-27T16:03:47.072;156;1,4
2026-03-27T16:03:48.510;156;1,1
2026-03-27T16:03:48.944;155;0,9
2026-03-27T16:03:49.945;155;0,8
2026-03-27T16:03:50.905;155;0,8
2026-03-27T16:03:51.868;155;0,8
2026-03-27T16:03:52.828;154;0,8
2026-03-27T16:03:53.783;154;0,7
2026-03-27T16:03:54.743;153;0,7
2026-03-27T16:03:55.705;153;0,7
2026-03-27T16:03:56.666;153;0,8
2026-03-27T16:03:59.070;153;0,9
2026-03-27T16:03:59.071;153;0,9
2026-03-27T16:04:00.510;154;1,1
2026-03-27T16:04:00.946;154;1,2
2026-03-27T16:04:01.942;154;1,4
2026-03-27T16:04:05.303;155;1,4
2026-03-27T16:04:05.304;155;1,3
2026-03-27T16:04:05.305;155;1,7
2026-03-27T16:04:05.791;155;1,7
2026-03-27T16:04:06.707;154;1,7
2026-03-27T16:04:07.707;154;1,9
2026-03-27T16:04:08.668;153;1,9
2026-03-27T16:04:10.591;152;1,9
2026-03-27T16:04:11.548;150;1,9
2026-03-27T16:04:12.508;150;1,8
2026-03-27T16:04:12.947;149;1,7
2026-03-27T16:04:13.949;148;1,6
2026-03-27T16:04:14.910;147;1,7
2026-03-27T16:04:15.869;147;1,7
2026-03-27T16:04:17.309;147;1,4
2026-03-27T16:04:17.742;146;1,4
2026-03-27T16:04:19.708;146;1,4
2026-03-27T16:04:20.188;147;1,1
2026-03-27T16:04:20.626;147;1,1
2026-03-27T16:04:21.631;147;1,1
2026-03-27T16:04:23.070;147;1,0
2026-03-27T16:04:24.030;147;1,0
2026-03-27T16:04:25.470;147;1,0
2026-03-27T16:04:25.909;148;1,0
2026-03-27T16:04:27.383;148;0,9
2026-03-27T16:04:27.867;148;1,0
2026-03-27T16:04:29.308;148;1,0
2026-03-27T16:04:29.789;148;1,0
2026-03-27T16:04:31.707;148;1,1
2026-03-27T16:04:32.144;147;1,4
2026-03-27T16:04:32.663;147;1,4
2026-03-27T16:04:33.631;147;1,4
2026-03-27T16:04:35.554;147;1,5
2026-03-27T16:04:35.984;147;1,6
2026-03-27T16:04:36.978;147;1,6
2026-03-27T16:04:37.946;147;1,6
2026-03-27T16:04:38.906;146;1,7
2026-03-27T16:04:39.869;147;1,7
2026-03-27T16:04:40.833;147;1,7
2026-03-27T16:04:42.268;147;1,7
2026-03-27T16:04:42.702;147;1,6
2026-03-27T16:04:43.705;148;1,4
2026-03-27T16:04:44.674;148;1,7
2026-03-27T16:04:45.627;149;2,5
2026-03-27T16:04:47.064;149;2,7
2026-03-27T16:04:48.505;150;2,6
2026-03-27T16:04:49.959;150;2,6
2026-03-27T16:04:49.960;151;2,6
2026-03-27T16:04:52.345;152;2,6
2026-03-27T16:04:52.346;153;2,5
2026-03-27T16:04:52.831;153;2,6
2026-03-27T16:04:55.224;154;2,6
2026-03-27T16:04:55.662;154;2,6
2026-03-27T16:04:55.663;155;2,6
2026-03-27T16:04:56.626;155;2,3
2026-03-27T16:04:57.628;156;1,3
2026-03-27T16:04:59.068;156;1,2
2026-03-27T16:04:59.972;157;1,2
2026-03-27T16:05:02.386;157;1,2
2026-03-27T16:05:03.326;157
2026-03-27T16:05:03.330;158;1,1
2026-03-27T16:05:03.810;158;1,1
2026-03-27T16:05:05.251;158;1,1
2026-03-27T16:05:05.732;159;1,3
2026-03-27T16:05:06.687;159;1,3
2026-03-27T16:05:07.653;159;1,3
2026-03-27T16:05:08.627;159;1,4
2026-03-27T16:05:10.100;159;1,5
2026-03-27T16:05:11.065;158;1,3
2026-03-27T16:05:12.989;158;1,3
2026-03-27T16:05:12.990;158;1,3
2026-03-27T16:05:13.941;158;1,3
2026-03-27T16:05:15.391;158;1,3
2026-03-27T16:05:15.825;158;1,3
2026-03-27T16:05:16.820;158;1,1
2026-03-27T16:05:17.795;158;1,6
2026-03-27T16:05:18.706;158;1,6
2026-03-27T16:05:19.708;158;1,5
2026-03-27T16:05:20.666;159;1,5
2026-03-27T16:05:22.109;159;1,4
2026-03-27T16:05:24.506;159;1,4
2026-03-27T16:05:24.507;160;1,4
2026-03-27T16:05:25.468;160;1,4
2026-03-27T16:05:26.433;161;1,4
2026-03-27T16:05:27.391;161;1,4
2026-03-27T16:05:28.306;161;1,3
2026-03-27T16:05:29.306;161;0,7
2026-03-27T16:05:29.788;161;0,9
2026-03-27T16:05:30.749;161;0,9
2026-03-27T16:05:31.702;161;0,9
2026-03-27T16:05:33.629;161;0,9
2026-03-27T16:05:33.630;161;0,9
2026-03-27T16:05:36.018;161;0,9
2026-03-27T16:05:36.020;161;1,0
2026-03-27T16:05:37.427;161;1,1
2026-03-27T16:05:37.908;161;1,1
2026-03-27T16:05:38.953;161;1,1
2026-03-27T16:05:39.827;161;1,1
2026-03-27T16:05:40.831;161;1,0
2026-03-27T16:05:41.792;162;1,0
2026-03-27T16:05:42.742;162;0,9
2026-03-27T16:05:44.183;162;0,8
2026-03-27T16:05:44.661;162;0,8
2026-03-27T16:05:45.621;162;0,8
2026-03-27T16:05:47.553;161;0,8
2026-03-27T16:05:48.506;162;0,8
2026-03-27T16:05:49.465;162;0,6
2026-03-27T16:05:49.946;162;1,0
2026-03-27T16:05:50.905;163;1,7
2026-03-27T16:05:51.851;162;1,7
2026-03-27T16:05:52.825;162;1,7
2026-03-27T16:05:53.784;162;1,7
2026-03-27T16:05:54.748;162;1,7
2026-03-27T16:05:55.703;162;1,7
2026-03-27T16:05:59.070;162;1,7
2026-03-27T16:05:59.071;162;1,7
2026-03-27T16:05:59.072;163;1,7
2026-03-27T16:06:00.041;163;1,7
2026-03-27T16:06:00.991;163;1,5
2026-03-27T16:06:01.947;163;0,9
2026-03-27T16:06:02.901;164;1,0
2026-03-27T16:06:03.867;164;1,0
2026-03-27T16:06:05.303;164;1,0
2026-03-27T16:06:05.788;164;1,1
2026-03-27T16:06:06.708;165;1,4
2026-03-27T16:06:07.666;165;1,7
2026-03-27T16:06:08.627;165;1,9
2026-03-27T16:06:09.574;165;1,9
2026-03-27T16:06:11.012;165;1,9
2026-03-27T16:06:12.928;165;1,9
2026-03-27T16:06:12.931;165;1,9
2026-03-27T16:06:13.889;165;1,9
2026-03-27T16:06:15.335;164;1,9
2026-03-27T16:06:15.872;164;1,9
2026-03-27T16:06:16.821;164;2,0
2026-03-27T16:06:17.782;164;1,9
2026-03-27T16:06:19.703;163;1,5
2026-03-27T16:06:19.705;163;1,2
2026-03-27T16:06:20.611;162;1,2
2026-03-27T16:06:22.545;162;1,1
2026-03-27T16:06:23.023;162;1,1
2026-03-27T16:06:24.465;163;0,9
2026-03-27T16:06:24.943;163;0,9
2026-03-27T16:06:25.905;162;0,9
2026-03-27T16:06:27.383;162;0,9
2026-03-27T16:06:27.867;162;0,7
2026-03-27T16:06:28.818;162;0,7
2026-03-27T16:06:30.748;162;0,7
2026-03-27T16:06:30.749;162;0,7
2026-03-27T16:06:31.703;162;0,7
2026-03-27T16:06:32.665;161;0,6
2026-03-27T16:06:33.624;161;0,7
2026-03-27T16:06:35.554;160;0,7
2026-03-27T16:06:36.511;160;0,7
2026-03-27T16:06:37.945;159;0,7
2026-03-27T16:06:37.946;159;0,7
2026-03-27T16:06:38.902;159;0,7
2026-03-27T16:06:39.843;159;0,8
2026-03-27T16:06:41.788;158;0,8
2026-03-27T16:06:41.789;158;0,9
2026-03-27T16:06:43.229;157;0,9
2026-03-27T16:06:43.666;157;0,9
2026-03-27T16:06:45.108;156;0,9
2026-03-27T16:06:46.068;157;1,2
2026-03-27T16:06:47.063;156;1,2
2026-03-27T16:06:48.029;156;1,3
2026-03-27T16:06:48.987;156;1,3
2026-03-27T16:06:49.948;155;1,4
2026-03-27T16:06:50.921;154;1,3
2026-03-27T16:06:51.880;153;1,3
2026-03-27T16:06:53.788;153;1,2
2026-03-27T16:06:53.789;153;1,3
2026-03-27T16:06:54.749;154;1,5
2026-03-27T16:06:55.709;155;1,5
2026-03-27T16:06:57.630;156;1,4
2026-03-27T16:06:57.631;156;1,3
2026-03-27T16:06:59.072;156;1,6
2026-03-27T16:07:00.986;157;1,7
2026-03-27T16:07:00.987;157;1,6
2026-03-27T16:07:02.911;158;2,2
2026-03-27T16:07:02.912;158;2,2
2026-03-27T16:07:07.718;158
2026-03-27T16:07:07.719;159;48,1
2026-03-27T16:07:07.720;159;66,2
2026-03-27T16:07:07.721;158;66,2
2026-03-27T16:07:07.721;157;66,2
2026-03-27T16:07:09.623;156;66,2
2026-03-27T16:07:10.107;156;66,2
2026-03-27T16:07:11.062;155;66,2
2026-03-27T16:07:13.463;154;66,2
2026-03-27T16:07:13.464;154;66,2
2026-03-27T16:07:13.908;154;66,2
2026-03-27T16:07:14.899;153;66,2
2026-03-27T16:07:15.829;153;66,2
2026-03-27T16:07:16.822;153;45,5
2026-03-27T16:07:18.261;153;0,9
2026-03-27T16:07:18.705;153;0,7
2026-03-27T16:07:19.702;154;0,9
2026-03-27T16:07:20.661;154;0,9
2026-03-27T16:07:21.627;154;1,2
2026-03-27T16:07:23.547;156;1,1
2026-03-27T16:07:25.464;156;1,1
2026-03-27T16:07:25.465;157;1,1
2026-03-27T16:07:25.906;158;1,2
2026-03-27T16:07:26.909;159;1,3
2026-03-27T16:07:27.866;159;1,4
2026-03-27T16:07:28.824;159;1,5
2026-03-27T16:07:29.789;159;1,5
2026-03-27T16:07:31.238;159;1,5
2026-03-27T16:07:31.714;159;1,3
2026-03-27T16:07:32.665;159;1,3
2026-03-27T16:07:34.107;159;1,1
2026-03-27T16:07:35.073;159;1,1
2026-03-27T16:07:36.522;159;1,1
2026-03-27T16:07:36.946;159;1,1
2026-03-27T16:07:37.947;158;0,9
2026-03-27T16:07:38.910;159;1,0
2026-03-27T16:07:39.871;158;0,8
2026-03-27T16:07:41.253;159;0,9
2026-03-27T16:07:43.227;158;1,0
2026-03-27T16:07:43.228;159;1,0
2026-03-27T16:07:45.145;159;1,0
2026-03-27T16:07:46.049;159;1,1
2026-03-27T16:07:46.053;159;1,3
2026-03-27T16:07:48.451;160;1,3
2026-03-27T16:07:48.454;160;1,4
2026-03-27T16:07:48.938;161;1,5
2026-03-27T16:07:49.946;161;1,5
2026-03-27T16:07:50.906;161;1,7
2026-03-27T16:07:51.862;162;1,6
2026-03-27T16:07:52.840;162;1,6
2026-03-27T16:07:53.738;162;1,6
2026-03-27T16:07:54.700;163;1,6
2026-03-27T16:07:56.629;163;1,6
2026-03-27T16:07:56.632;163;1,4
2026-03-27T16:07:57.576;163;1,4
2026-03-27T16:07:59.990;164;1,4
2026-03-27T16:07:59.994;164;1,4
2026-03-27T16:08:01.898;164;1,3
2026-03-27T16:08:04.309;165;1,1
2026-03-27T16:08:05.748;164;1,2
2026-03-27T16:08:05.750;164;1,3
2026-03-27T16:08:06.228;164;1,2
2026-03-27T16:08:06.229;164;1,3
2026-03-27T16:08:07.185;164;1,3
2026-03-27T16:08:07.669;165;1,4
2026-03-27T16:08:08.616;165;1,6
2026-03-27T16:08:09.588;165;1,6
2026-03-27T16:08:11.990;165;1,7
2026-03-27T16:08:11.993;165;1,6
2026-03-27T16:08:13.430;165;1,6
2026-03-27T16:08:13.907;165;1,6
2026-03-27T16:08:15.349;165;1,4
2026-03-27T16:08:15.829;165;1,5
2026-03-27T16:08:16.790;165;1,5
2026-03-27T16:08:17.747;165;1,5
2026-03-27T16:08:18.709;164;1,5
2026-03-27T16:08:19.669;164;1,1
2026-03-27T16:08:20.629;164;1,0
2026-03-27T16:08:23.030;163;0,9
2026-03-27T16:08:23.034;163;1,1
2026-03-27T16:08:23.988;162;1,1
2026-03-27T16:08:24.950;161;1,1
2026-03-27T16:08:25.909;160;1,1
2026-03-27T16:08:26.870;160;0,9
2026-03-27T16:08:27.828;159;1,1
2026-03-27T16:08:28.790;158;1,1
2026-03-27T16:08:29.749;158;1,0
2026-03-27T16:08:30.709;157;1,1
2026-03-27T16:08:31.669;157;1,1
2026-03-27T16:08:32.629;157;1,1
2026-03-27T16:08:34.070;157;0,9
2026-03-27T16:08:35.028;156;0,9
2026-03-27T16:08:36.470;156;0,9
2026-03-27T16:08:36.948;156;1,0
2026-03-27T16:08:37.908;156;1,4
2026-03-27T16:08:38.869;156;1,5
2026-03-27T16:08:40.309;156;1,5
2026-03-27T16:08:40.787;156;1,5
2026-03-27T16:08:41.750;155;1,5
2026-03-27T16:08:43.670;155;1,5
2026-03-27T16:08:43.674;155;1,5
2026-03-27T16:08:44.628;155;1,5
2026-03-27T16:08:45.590;154;1,6
2026-03-27T16:08:47.502;154;1,6
2026-03-27T16:08:47.988;154;1,5
2026-03-27T16:08:48.950;154;1,4
2026-03-27T16:08:50.872;153;1,2
2026-03-27T16:08:51.346;153;1,1
2026-03-27T16:08:51.829;153;1,4
2026-03-27T16:08:52.790;153;1,3
2026-03-27T16:08:53.732;153;1,3
2026-03-27T16:08:54.692;152;1,7
2026-03-27T16:08:56.630;151;11,8
2026-03-27T16:08:56.633;152;17,2
2026-03-27T16:08:57.571;152;17,2
2026-03-27T16:08:59.509;152;17,2
2026-03-27T16:08:59.988;152;17,2
2026-03-27T16:09:00.950;152;17,2
2026-03-27T16:09:01.909;153;17,2
2026-03-27T16:09:02.870;153;17,1
2026-03-27T16:09:03.818;153;17,1
2026-03-27T16:09:04.788;153;17,1
2026-03-27T16:09:05.750;153;17,1
2026-03-27T16:09:07.669;153;17,1
2026-03-27T16:09:07.672;154;12,5
2026-03-27T16:09:08.629;154;1,2
2026-03-27T16:09:10.069;154;1,1
2026-03-27T16:09:11.029;154;1,3
2026-03-27T16:09:11.988;154;1,3
2026-03-27T16:09:12.949;154;1,3
2026-03-27T16:09:14.391;154;1,3
2026-03-27T16:09:15.346;154
2026-03-27T16:09:15.829;154;1,4
2026-03-27T16:09:16.774;155;1,5
2026-03-27T16:09:17.737;155;1,6
2026-03-27T16:09:18.716;155;1,6
2026-03-27T16:09:19.652;155;1,6
2026-03-27T16:09:20.614;154;1,6
2026-03-27T16:09:21.589;153;1,7
2026-03-27T16:09:23.029;153;1,5
2026-03-27T16:09:23.990;151;1,5
2026-03-27T16:09:24.949;151;1,6
2026-03-27T16:09:25.899;150;1,5
2026-03-27T16:09:28.303;150;1,4
2026-03-27T16:09:28.307;149;1,5
2026-03-27T16:09:28.789;149;1,3
2026-03-27T16:09:31.671;149;1,3
2026-03-27T16:09:32.148;148;1,3
2026-03-27T16:09:32.150;149;1,4
2026-03-27T16:09:32.628;148;1,4
2026-03-27T16:09:33.588;149;1,4
2026-03-27T16:09:35.029;149;1,3
2026-03-27T16:09:36.469;149;1,3
2026-03-27T16:09:36.948;149;1,5
2026-03-27T16:09:38.389;149;1,6
2026-03-27T16:09:38.868;149;1,5
2026-03-27T16:09:40.309;149;1,5
2026-03-27T16:09:40.792;149;1,5
2026-03-27T16:09:41.748;149;1,5
2026-03-27T16:09:42.709;149;1,3
2026-03-27T16:09:43.667;149;1,2
2026-03-27T16:09:44.630;148;1,2
2026-03-27T16:09:46.068;148;1,3
2026-03-27T16:09:47.511;148;1,5
2026-03-27T16:09:47.986;148;1,5
2026-03-27T16:09:48.950;148;1,2
2026-03-27T16:09:49.909;147;1,2
2026-03-27T16:09:50.869;148;1,2
2026-03-27T16:09:51.829;147;1,1
2026-03-27T16:09:52.790;147;1,1
2026-03-27T16:09:53.750;148;1,1
2026-03-27T16:09:54.711;148;1,3
2026-03-27T16:09:55.670;149;1,6
2026-03-27T16:09:56.628;149;1,6
2026-03-27T16:09:57.589;149;1,6
2026-03-27T16:09:59.029;149;1,5
2026-03-27T16:09:59.988;149;1,6
2026-03-27T16:10:00.950;149;1,6
2026-03-27T16:10:01.905;149;1,6
2026-03-27T16:10:02.868;150;1,6
2026-03-27T16:10:03.829;150;1,6
2026-03-27T16:10:06.226;150;1,6
2026-03-27T16:10:06.706;150;1,7
2026-03-27T16:10:06.709;150;1,7
2026-03-27T16:10:08.629;150;1,8
2026-03-27T16:10:08.632;151;1,9
2026-03-27T16:10:09.590;151;1,7
2026-03-27T16:10:11.030;151;1,7
2026-03-27T16:10:11.989;151;1,8
2026-03-27T16:10:12.950;151;1,7
2026-03-27T16:10:13.909;150;1,8
2026-03-27T16:10:15.831;149;1,9
2026-03-27T16:10:15.834;149;2,1
2026-03-27T16:10:18.228;149;2,2
2026-03-27T16:10:18.230;148;2,1
2026-03-27T16:10:18.709;148;2,2
2026-03-27T16:10:19.670;148;2,0
2026-03-27T16:10:20.629;148;1,9
2026-03-27T16:10:22.070;148;1,9
2026-03-27T16:10:23.509;148;1,9
2026-03-27T16:10:23.990;148;1,7
2026-03-27T16:10:24.949;148;1,7
2026-03-27T16:10:25.912;148;1,5
2026-03-27T16:10:26.869;148;1,5
2026-03-27T16:10:27.830;147;1,2
2026-03-27T16:10:28.789;147;1,1
2026-03-27T16:10:30.710;147;1,5
2026-03-27T16:10:30.714;147;2,0
2026-03-27T16:10:32.628;148;2,1
2026-03-27T16:10:32.632;148;2,7
2026-03-27T16:10:33.588;148;3,5
2026-03-27T16:10:35.030;148;3,5
2026-03-27T16:10:35.990;148;3,5
2026-03-27T16:10:36.949;147;3,5
2026-03-27T16:10:37.909;148;3,5
2026-03-27T16:10:38.870;147;3,5
2026-03-27T16:10:40.309;148;3,5
2026-03-27T16:10:40.790;148;3,6
2026-03-27T16:10:41.750;149;3,6
2026-03-27T16:10:42.709;150;3,4
2026-03-27T16:10:43.671;150;3,2
2026-03-27T16:10:45.110;150;3,1
2026-03-27T16:10:45.588;151;2,6
2026-03-27T16:10:47.029;151;1,3
2026-03-27T16:10:47.974;151;1,3
2026-03-27T16:10:49.430;151;1,1
2026-03-27T16:10:49.908;152;1,1
2026-03-27T16:10:50.855;152;1,1
2026-03-27T16:10:51.816;152;1,2
2026-03-27T16:10:52.775;153;44,5
2026-03-27T16:10:54.213;153;44,5
2026-03-27T16:10:54.691;153;44,5
2026-03-27T16:10:57.109;153;44,5
2026-03-27T16:10:57.112;154;44,5
2026-03-27T16:10:57.590;154;44,5
2026-03-27T16:10:59.031;154;44,5
2026-03-27T16:10:59.976;155;44,5
2026-03-27T16:11:01.430;155;44,5
2026-03-27T16:11:01.908;155;44,5
2026-03-27T16:11:03.351;155;44,5
2026-03-27T16:11:03.830;156;1,4
2026-03-27T16:11:05.270;156;1,1
2026-03-27T16:11:05.732;156;1,0
2026-03-27T16:11:07.672;156;1,2
2026-03-27T16:11:07.674;156;1,1
2026-03-27T16:11:09.591;156;1,1
2026-03-27T16:11:09.592;156;1,0
2026-03-27T16:11:11.017;156;37,5
2026-03-27T16:11:16.771;155;39,0
2026-03-27T16:11:17.270;152;42,9
2026-03-27T16:11:17.273;153;57,5
2026-03-27T16:11:18.708;155;57,5
2026-03-27T16:11:19.190;156;57,5
2026-03-27T16:11:19.193;157;57,5
2026-03-27T16:11:19.194;157;57,5
2026-03-27T16:11:19.196;157;57,5
2026-03-27T16:11:20.147;157;57,5
2026-03-27T16:11:20.630;156;57,5
2026-03-27T16:11:21.589;156;57,5
2026-03-27T16:11:23.512;156;42,2
2026-03-27T16:11:23.993;155;38,3
2026-03-27T16:11:24.949;155;1,0
2026-03-27T16:11:25.912;154;0,8
2026-03-27T16:11:26.870;154;0,8
2026-03-27T16:11:27.829;154;1,1
2026-03-27T16:11:28.790;154;1,1
2026-03-27T16:11:29.750;153;1,1
2026-03-27T16:11:30.710;153;1,1
2026-03-27T16:11:31.670;153;1,1
2026-03-27T16:11:32.629;153;1,1
2026-03-27T16:11:34.071;153;1,2
2026-03-27T16:11:35.030;153;1,3
2026-03-27T16:11:35.990;153;1,2
2026-03-27T16:11:37.431;153;1,2
2026-03-27T16:11:37.909;153;1,2
2026-03-27T16:11:38.871;153;1,0
2026-03-27T16:11:39.830;154;1,1
2026-03-27T16:11:40.790;154;1,0
2026-03-27T16:11:42.695;154;1,2
2026-03-27T16:11:43.174;154;1,3
2026-03-27T16:11:43.656;154;1,3
2026-03-27T16:11:44.617;154;1,3
2026-03-27T16:11:45.591;154;1,0
2026-03-27T16:11:47.988;154
2026-03-27T16:11:48.949;155;1,1
2026-03-27T16:11:48.951;155;1,2
2026-03-27T16:11:49.893;155;1,2
2026-03-27T16:11:51.351;154;1,2
2026-03-27T16:11:51.828;153;1,2
2026-03-27T16:11:53.272;153;1,1
2026-03-27T16:11:53.750;152;1,1
2026-03-27T16:11:54.711;152;0,8
2026-03-27T16:11:55.669;151;0,8
2026-03-27T16:11:56.631;151;0,8
2026-03-27T16:11:57.590;151;0,8
2026-03-27T16:11:59.031;150;0,8
2026-03-27T16:12:00.950;151;1,0
2026-03-27T16:12:01.430;151;1,2
2026-03-27T16:12:02.871;150;1,2
2026-03-27T16:12:03.830;150;1,2
2026-03-27T16:12:03.833;150;1,3
2026-03-27T16:12:05.750;151;1,3
2026-03-27T16:12:05.753;151;1,3
2026-03-27T16:12:06.713;152;1,3
2026-03-27T16:12:08.612;152;1,3
2026-03-27T16:12:08.615;151;1,3
2026-03-27T16:12:10.551;151;1,4
2026-03-27T16:12:11.017;151;1,4
2026-03-27T16:12:13.420;152;1,2
2026-03-27T16:12:13.423;152;1,1
2026-03-27T16:12:13.897;152;1,1
2026-03-27T16:12:14.871;152;1,1
2026-03-27T16:12:16.790;152;1,1
2026-03-27T16:12:16.793;152;1,1
2026-03-27T16:12:17.752;152;1,5
2026-03-27T16:12:22.068;152;1,5
2026-03-27T16:12:22.071;152;1,5
2026-03-27T16:12:24.471;152;1,5
