Phone timestamp;HR [bpm];HRV [ms];Breathing interval [rpm];
2026-04-06T10:17:26.632;83
2026-04-06T10:17:27.065;84
2026-04-06T10:17:28.541;84
2026-04-06T10:17:28.988;84;3,0
2026-04-06T10:17:29.465;82;76,5
2026-04-06T10:17:30.945;79;65,4
2026-04-06T10:17:31.429;78;61,1
2026-04-06T10:17:32.381;78;62,2
2026-04-06T10:17:33.785;79;59,0
2026-04-06T10:17:34.266;79;56,4
2026-04-06T10:17:35.743;80;54,2
2026-04-06T10:17:36.708;80;52,3
2026-04-06T10:17:37.656;79;50,4
2026-04-06T10:17:38.608;79;50,6
2026-04-06T10:17:39.585;78;49,1
2026-04-06T10:17:40.546;77;46,6
2026-04-06T10:17:41.506;77;47,8
2026-04-06T10:17:42.464;78;46,8
2026-04-06T10:17:43.425;79;45,0
2026-04-06T10:17:44.392;79;44,1
2026-04-06T10:17:45.349;79;43,2
2026-04-06T10:17:46.304;79;41,8
2026-04-06T10:17:47.707;79;41,5
2026-04-06T10:17:48.699;78;41,6
2026-04-06T10:17:49.664;78;41,7
2026-04-06T10:17:50.619;78;41,7
2026-04-06T10:17:51.587;78;27,7
2026-04-06T10:17:52.533;79;27,3
2026-04-06T10:17:53.467;79;27,3
2026-04-06T10:17:54.427;79;24,2
2026-04-06T10:17:55.907;80;21,6
2026-04-06T10:17:56.346;80;22,5
2026-04-06T10:17:57.341;81;22,6
2026-04-06T10:17:58.310;81;22,7
2026-04-06T10:17:59.708;83;18,4
2026-04-06T10:18:00.668;83;18,7
2026-04-06T10:18:01.628;85;18,9
2026-04-06T10:18:02.625;86;14,1
2026-04-06T10:18:03.581;87;14,1
2026-04-06T10:18:05.026;89;13,6
2026-04-06T10:18:05.467;91;13,7
2026-04-06T10:18:06.461;93;13,9
2026-04-06T10:18:07.428;94;13,6
2026-04-06T10:18:09.340;96;12,1
2026-04-06T10:18:09.341;97;12,1
2026-04-06T10:18:10.293;98;11,5
2026-04-06T10:18:11.742;100;10,0
2026-04-06T10:18:12.701;100;10,0
2026-04-06T10:18:13.665;101;9,5
2026-04-06T10:18:14.622;101;9,5
2026-04-06T10:18:16.063;101;6,8
2026-04-06T10:18:17.022;101;6,7
2026-04-06T10:18:17.464;102;6,4
2026-04-06T10:18:18.957;102;5,2
2026-04-06T10:18:19.386;102;5,2
2026-04-06T10:18:20.394;103;4,4
2026-04-06T10:18:22.320;103;4,2
2026-04-06T10:18:22.321;104;4,0
2026-04-06T10:18:23.750;104
2026-04-06T10:18:24.710;104;3,2
2026-04-06T10:18:25.671;103;2,1
2026-04-06T10:18:26.631;103;2,5
2026-04-06T10:18:27.587;103;2,2
2026-04-06T10:18:29.026;102;2,2
2026-04-06T10:18:29.466;103;2,1
2026-04-06T10:18:30.472;103;2,2
2026-04-06T10:18:31.430;103;2,3
2026-04-06T10:18:32.871;103;2,3
2026-04-06T10:18:33.836;103;2,3
2026-04-06T10:18:34.314;103;2,3
2026-04-06T10:18:35.708;103;2,5
2026-04-06T10:18:37.147;103;2,4
2026-04-06T10:18:38.152;103;2,4
2026-04-06T10:18:39.107;103;2,3
2026-04-06T10:18:39.547;103;2,3
2026-04-06T10:18:41.026;103;2,3
2026-04-06T10:18:41.507;103;2,4
2026-04-06T10:18:42.466;104;2,3
2026-04-06T10:18:43.422;105;2,2
2026-04-06T10:18:44.386;105;2,2
2026-04-06T10:18:45.345;106;2,2
2026-04-06T10:18:46.313;106;2,2
2026-04-06T10:18:47.743;107;2,2
2026-04-06T10:18:48.666;107;2,1
2026-04-06T10:18:50.110;108;2,3
2026-04-06T10:18:50.611;108;2,2
2026-04-06T10:18:53.521;108;2,0
2026-04-06T10:18:53.522;108;2,0
2026-04-06T10:18:53.523;109;2,1
2026-04-06T10:18:54.473;109;2,1
2026-04-06T10:18:56.386;109;2,1
2026-04-06T10:18:57.344;109;2,1
2026-04-06T10:18:57.346;108;2,6
2026-04-06T10:18:58.313;108;2,6
2026-04-06T10:18:59.706;107;2,4
2026-04-06T10:19:00.665;107;2,5
2026-04-06T10:19:01.627;107;2,5
2026-04-06T10:19:02.585;107;2,7
2026-04-06T10:19:03.545;107;2,6
2026-04-06T10:19:04.985;107;2,7
2026-04-06T10:19:05.465;108;2,5
2026-04-06T10:19:06.465;107;3,3
2026-04-06T10:19:07.434;106;3,4
2026-04-06T10:19:08.828;106;3,4
2026-04-06T10:19:09.307;105;3,3
2026-04-06T10:19:10.262;105;3,4
2026-04-06T10:19:11.707;106;3,6
2026-04-06T10:19:13.147;107;3,7
2026-04-06T10:19:14.148;107;3,5
2026-04-06T10:19:14.627;108;3,6
2026-04-06T10:19:15.584;110;3,6
2026-04-06T10:19:17.511;110;3,8
2026-04-06T10:19:17.512;111;3,9
2026-04-06T10:19:18.949;112;3,7
2026-04-06T10:19:19.386;114;3,9
2026-04-06T10:19:20.396;115;4,0
2026-04-06T10:19:21.344;116;4,0
2026-04-06T10:19:22.313;117;3,4
2026-04-06T10:19:24.233;118;3,4
2026-04-06T10:19:24.667;119;3,4
2026-04-06T10:19:25.628;120;3,5
2026-04-06T10:19:27.113;121;3,2
2026-04-06T10:19:28.066;121;3,1
2026-04-06T10:19:28.508;122;2,9
2026-04-06T10:19:29.502;122;2,7
2026-04-06T10:19:30.458;122;2,4
2026-04-06T10:19:31.424;122;2,4
2026-04-06T10:19:32.381;122;2,1
2026-04-06T10:19:34.304;122;1,8
2026-04-06T10:19:34.305;123;1,6
2026-04-06T10:19:35.748;123;1,7
2026-04-06T10:19:36.706;123;1,6
2026-04-06T10:19:37.669;123;1,5
2026-04-06T10:19:39.583;123;1,3
2026-04-06T10:19:39.584;123;1,1
2026-04-06T10:19:40.550;124;1,2
2026-04-06T10:19:42.478;124;1,2
2026-04-06T10:19:42.480;125;1,2
2026-04-06T10:19:43.429;125;1,2
2026-04-06T10:19:44.387;125;1,2
2026-04-06T10:19:45.357;125;1,2
2026-04-06T10:19:46.313;125;1,2
2026-04-06T10:19:47.747;125;1,2
2026-04-06T10:19:49.192;125;1,1
2026-04-06T10:19:49.670;125;0,9
2026-04-06T10:19:50.623;125;0,9
2026-04-06T10:19:52.064;125;0,9
2026-04-06T10:19:52.545;125;0,9
2026-04-06T10:19:53.992;125;0,9
2026-04-06T10:19:54.427;125;0,7
2026-04-06T10:19:55.428;124;0,8
2026-04-06T10:19:56.392;124;0,8
2026-04-06T10:19:57.352;123;1,2
2026-04-06T10:19:58.307;123;1,2
2026-04-06T10:19:59.748;122;1,2
2026-04-06T10:20:00.669;122;1,1
2026-04-06T10:20:02.109;122;1,2
2026-04-06T10:20:02.623;122;1,2
2026-04-06T10:20:03.585;122;1,2
2026-04-06T10:20:04.542;122;1,2
2026-04-06T10:20:05.997;122;1,5
2026-04-06T10:20:06.422;121;1,5
2026-04-06T10:20:07.904;120;1,8
2026-04-06T10:20:08.384;120;1,9
2026-04-06T10:20:09.342;119;2,0
2026-04-06T10:20:10.303;118;2,1
2026-04-06T10:20:11.756;117;2,0
2026-04-06T10:20:12.706;117;1,8
2026-04-06T10:20:14.146;117;1,8
2026-04-06T10:20:14.587;117;1,8
2026-04-06T10:20:15.586;117;2,2
2026-04-06T10:20:16.544;117;2,2
2026-04-06T10:20:17.510;117;2,2
2026-04-06T10:20:18.955;117;2,3
2026-04-06T10:20:20.393;117;2,2
2026-04-06T10:20:20.393;117;2,1
2026-04-06T10:20:21.353;118;2,1
2026-04-06T10:20:22.305;118;1,9
2026-04-06T10:20:23.747;119;1,9
2026-04-06T10:20:24.715;119;1,8
2026-04-06T10:20:25.670;120;1,7
2026-04-06T10:20:26.627;120;1,9
2026-04-06T10:20:27.550;120;1,9
2026-04-06T10:20:28.509;120;2,0
2026-04-06T10:20:30.474;121;1,8
2026-04-06T10:20:30.476;120;1,6
2026-04-06T10:20:31.435;120;1,7
2026-04-06T10:20:32.389;120;1,9
2026-04-06T10:20:33.344;120;2,1
2026-04-06T10:20:34.307;120;2,1
2026-04-06T10:20:36.229;121;2,0
2026-04-06T10:20:36.668;121;1,9
2026-04-06T10:20:37.665;121;1,9
2026-04-06T10:20:38.625;121;1,9
2026-04-06T10:20:39.585;122;1,9
2026-04-06T10:20:41.028;122;1,9
2026-04-06T10:20:41.453;122;1,7
2026-04-06T10:20:42.943;122;1,7
2026-04-06T10:20:43.387;122;1,7
2026-04-06T10:20:44.386;123;1,7
2026-04-06T10:20:45.348;123;1,7
2026-04-06T10:20:46.332;123;1,5
2026-04-06T10:20:47.748;123;1,5
2026-04-06T10:20:48.710;123;1,2
2026-04-06T10:20:49.661;122;2,1
2026-04-06T10:20:50.629;121;2,2
2026-04-06T10:20:51.587;120;2,3
2026-04-06T10:20:52.546;119;2,3
2026-04-06T10:20:53.514;119;2,3
2026-04-06T10:20:54.471;118;2,4
2026-04-06T10:20:55.426;117;2,5
2026-04-06T10:20:56.387;116;2,5
2026-04-06T10:20:57.346;115;2,7
2026-04-06T10:20:58.269;115;2,7
2026-04-06T10:20:59.744;114;2,7
2026-04-06T10:21:00.710;114;2,7
2026-04-06T10:21:01.705;114;2,7
2026-04-06T10:21:02.586;115;2,6
2026-04-06T10:21:04.510;115;2,7
2026-04-06T10:21:05.025;116;2,2
2026-04-06T10:21:05.473;116;2,1
2026-04-06T10:21:07.432;117;2,0
2026-04-06T10:21:07.432;117;2,0
2026-04-06T10:21:08.391;118;2,1
2026-04-06T10:21:09.349;118;1,9
2026-04-06T10:21:10.309;119;1,9
2026-04-06T10:21:12.715;119;1,9
2026-04-06T10:21:12.715;120;1,6
2026-04-06T10:21:13.664;120;1,7
2026-04-06T10:21:15.108;120;1,7
2026-04-06T10:21:15.587;120;1,8
2026-04-06T10:21:16.545;120;1,7
2026-04-06T10:21:17.511;120;1,7
2026-04-06T10:21:18.470;121;1,5
2026-04-06T10:21:19.430;121;1,8
2026-04-06T10:21:20.387;121;1,8
2026-04-06T10:21:21.353;121;1,9
2026-04-06T10:21:22.312;121;1,8
2026-04-06T10:21:23.752;121;1,8
2026-04-06T10:21:24.703;121;1,9
2026-04-06T10:21:25.672;121;1,9
2026-04-06T10:21:26.628;121;1,9
2026-04-06T10:21:27.591;121;1,9
2026-04-06T10:21:28.550;121;1,8
2026-04-06T10:21:29.515;121;1,7
2026-04-06T10:21:30.468;121;1,8
2026-04-06T10:21:31.912;121;1,8
2026-04-06T10:21:32.391;121;1,8
2026-04-06T10:21:33.343;122;1,5
2026-04-06T10:21:34.311;122;1,5
2026-04-06T10:21:35.750;122;1,5
2026-04-06T10:21:36.708;122;1,5
2026-04-06T10:21:37.668;122;1,5
2026-04-06T10:21:38.630;122;1,3
2026-04-06T10:21:39.594;123;1,3
2026-04-06T10:21:40.549;123;1,4
2026-04-06T10:21:41.512;123;1,4
2026-04-06T10:21:42.468;123;1,3
2026-04-06T10:21:43.432;123;1,4
2026-04-06T10:21:44.389;122;1,3
2026-04-06T10:21:46.309;122;1,3
2026-04-06T10:21:46.786;122;1,4
2026-04-06T10:21:48.230;121;1,4
2026-04-06T10:21:48.666;120;1,7
2026-04-06T10:21:49.664;120;1,9
2026-04-06T10:21:50.631;119;1,8
2026-04-06T10:21:53.032;119;1,7
2026-04-06T10:21:53.033;118;1,8
2026-04-06T10:21:53.515;117;2,1
2026-04-06T10:21:55.428;117;2,1
2026-04-06T10:21:55.864;116;2,3
2026-04-06T10:21:56.389;115;2,4
2026-04-06T10:21:57.346;115;2,4
2026-04-06T10:21:58.315;114;2,4
2026-04-06T10:21:59.765;114;2,4
2026-04-06T10:22:00.706;114;2,5
2026-04-06T10:22:02.635;114;2,5
2026-04-06T10:22:02.636;114;2,6
2026-04-06T10:22:03.588;114;2,5
2026-04-06T10:22:04.549;114;2,5
2026-04-06T10:22:05.469;113;2,4
2026-04-06T10:22:06.468;113;2,5
2026-04-06T10:22:07.434;113;2,5
2026-04-06T10:22:08.395;113;2,6
2026-04-06T10:22:09.348;112;2,4
2026-04-06T10:22:10.789;112;2,1
2026-04-06T10:22:11.747;112;2,1
2026-04-06T10:22:12.703;112
2026-04-06T10:22:13.669;112;2,3
2026-04-06T10:22:14.628;113;2,3
2026-04-06T10:22:15.593;114;2,7
2026-04-06T10:22:16.558;115;2,7
2026-04-06T10:22:17.512;117;2,8
2026-04-06T10:22:18.469;117;2,7
2026-04-06T10:22:19.429;118;2,6
2026-04-06T10:22:20.387;119;2,7
2026-04-06T10:22:21.351;119;2,6
2026-04-06T10:22:22.304;119;2,6
2026-04-06T10:22:23.746;120;2,6
2026-04-06T10:22:24.707;121;2,5
2026-04-06T10:22:25.628;121;2,5
2026-04-06T10:22:26.629;122;2,5
2026-04-06T10:22:27.545;122;2,3
2026-04-06T10:22:28.506;122;2,3
2026-04-06T10:22:29.501;123;1,8
2026-04-06T10:22:30.474;123;1,5
2026-04-06T10:22:31.389;123;1,3
2026-04-06T10:22:33.351;123;1,4
2026-04-06T10:22:33.352;122;1,6
2026-04-06T10:22:34.300;123;1,4
2026-04-06T10:22:35.746;123;1,4
2026-04-06T10:22:36.670;123;1,4
2026-04-06T10:22:37.630;123;1,2
2026-04-06T10:22:39.103;123;1,2
2026-04-06T10:22:39.585;123;1,2
2026-04-06T10:22:40.547;123;1,1
2026-04-06T10:22:42.465;122;1,2
2026-04-06T10:22:42.466;122;1,3
2026-04-06T10:22:43.433;121;1,3
2026-04-06T10:22:44.385;120;1,5
2026-04-06T10:22:45.344;120;1,5
2026-04-06T10:22:46.301;120;1,6
2026-04-06T10:22:47.698;120;1,5
2026-04-06T10:22:48.655;120;1,5
2026-04-06T10:22:49.616;120;1,6
2026-04-06T10:22:50.623;119;1,6
2026-04-06T10:22:51.589;119;1,9
2026-04-06T10:22:52.492;118;1,9
2026-04-06T10:22:53.452;117;1,9
2026-04-06T10:22:54.411;117;1,9
2026-04-06T10:22:55.380;117;1,9
2026-04-06T10:22:56.389;117;2,1
2026-04-06T10:22:57.347;117;2,1
2026-04-06T10:22:58.316;117;2,1
2026-04-06T10:22:59.750;118;1,9
2026-04-06T10:23:01.670;118;2,0
2026-04-06T10:23:01.671;119;1,9
2026-04-06T10:23:04.547;119;1,8
2026-04-06T10:23:04.989;119;1,8
2026-04-06T10:23:04.990;119;1,8
2026-04-06T10:23:05.506;118;1,8
2026-04-06T10:23:06.481;118;2,1
2026-04-06T10:23:07.434;117;2,1
2026-04-06T10:23:08.394;116;2,1
2026-04-06T10:23:09.349;116;2,1
2026-04-06T10:23:10.315;115;2,1
2026-04-06T10:23:11.747;115;1,8
2026-04-06T10:23:12.708;115;1,8
2026-04-06T10:23:13.665;115;1,8
2026-04-06T10:23:14.624;115;1,8
2026-04-06T10:23:15.592;115;1,8
2026-04-06T10:23:16.551;115;1,8
2026-04-06T10:23:17.468;115;1,8
2026-04-06T10:23:18.428;116;1,8
2026-04-06T10:23:21.308;116;1,9
2026-04-06T10:23:21.309;116;1,9
2026-04-06T10:23:21.310;116;1,3
2026-04-06T10:23:22.272;116;1,2
2026-04-06T10:23:23.710;115;1,5
2026-04-06T10:23:24.670;115;1,6
2026-04-06T10:23:26.632;114;1,7
2026-04-06T10:23:27.068;114;2,0
2026-04-06T10:23:27.587;114;2,0
2026-04-06T10:23:28.561;115;2,0
2026-04-06T10:23:29.990;114;2,0
2026-04-06T10:23:30.469;114;2,0
2026-04-06T10:23:31.432;113;2,3
2026-04-06T10:23:32.391;112;2,5
2026-04-06T10:23:33.350;111;2,4
2026-04-06T10:23:34.309;111;2,5
2026-04-06T10:23:35.749;111;2,5
2026-04-06T10:23:36.705;112;2,5
2026-04-06T10:23:37.671;112;2,5
2026-04-06T10:23:39.586;111;2,4
2026-04-06T10:23:40.066;111;2,4
2026-04-06T10:23:41.023;111;2,1
2026-04-06T10:23:42.466;110;2,1
2026-04-06T10:23:42.467;111;2,1
2026-04-06T10:23:43.430;111;2,2
2026-04-06T10:23:44.382;111;2,3
2026-04-06T10:23:45.345;111;2,4
2026-04-06T10:23:46.322;111;2,1
2026-04-06T10:23:47.748;111;1,9
2026-04-06T10:23:48.710;111;1,9
2026-04-06T10:23:49.678;111;1,9
2026-04-06T10:23:52.549;111;1,9
2026-04-06T10:23:52.550;111;1,8
2026-04-06T10:23:52.550;111;1,9
2026-04-06T10:23:53.505;111;2,0
2026-04-06T10:23:54.471;112;1,9
2026-04-06T10:23:55.909;112;2,0
2026-04-06T10:23:57.350;113;2,1
2026-04-06T10:23:57.350;113;2,1
2026-04-06T10:23:58.307;113;1,9
2026-04-06T10:23:59.750;114;1,6
2026-04-06T10:24:00.705;114;1,5
2026-04-06T10:24:02.628;114;1,7
2026-04-06T10:24:02.629;115;1,8
2026-04-06T10:24:04.077;115;1,8
2026-04-06T10:24:05.039;116;1,9
2026-04-06T10:24:05.515;116;1,9
2026-04-06T10:24:08.388;116;1,9
2026-04-06T10:24:08.389;116;1,8
2026-04-06T10:24:08.389;117;1,8
2026-04-06T10:24:09.365;117;1,6
2026-04-06T10:24:10.310;117;1,6
2026-04-06T10:24:11.751;117;1,4
2026-04-06T10:24:13.670;117;1,4
2026-04-06T10:24:14.151;118;1,5
2026-04-06T10:24:14.589;118;1,5
2026-04-06T10:24:15.592;119;1,4
2026-04-06T10:24:17.997;119;1,3
2026-04-06T10:24:17.998;119;1,2
2026-04-06T10:24:19.433;119;1,3
2026-04-06T10:24:19.434;119;1,3
2026-04-06T10:24:20.390;119;1,3
2026-04-06T10:24:21.832;119;1,3
2026-04-06T10:24:22.793;119;1,3
2026-04-06T10:24:24.227;120;1,2
2026-04-06T10:24:24.714;120;1,2
2026-04-06T10:24:26.626;119;1,4
2026-04-06T10:24:26.627;119;1,4
2026-04-06T10:24:27.594;119;1,3
2026-04-06T10:24:28.565;120;1,3
2026-04-06T10:24:29.510;120;1,3
2026-04-06T10:24:30.480;119;1,2
2026-04-06T10:24:31.910;119;1,4
2026-04-06T10:24:32.876;119;1,5
2026-04-06T10:24:33.307;119;1,6
2026-04-06T10:24:34.314;119;1,6
2026-04-06T10:24:36.231;120;1,7
2026-04-06T10:24:36.668;120;1,7
2026-04-06T10:24:38.137;120;1,7
2026-04-06T10:24:39.100;120;1,7
2026-04-06T10:24:39.549;120;1,7
2026-04-06T10:24:40.549;120;1,6
2026-04-06T10:24:42.464;119;1,6
2026-04-06T10:24:42.464;119;1,6
2026-04-06T10:24:43.424;119;1,6
2026-04-06T10:24:45.352;119;1,6
2026-04-06T10:24:45.353;119;1,6
2026-04-06T10:24:46.796;118;1,5
2026-04-06T10:24:48.228;118;1,6
2026-04-06T10:24:48.669;117;1,5
2026-04-06T10:24:49.675;116;1,6
2026-04-06T10:24:50.628;115;1,6
2026-04-06T10:24:51.596;114;1,6
2026-04-06T10:24:52.549;114;1,6
2026-04-06T10:24:54.469;114;1,6
2026-04-06T10:24:54.470;114;1,6
2026-04-06T10:24:55.430;113;2,0
2026-04-06T10:24:56.390;111;2,6
2026-04-06T10:24:57.363;110;3,7
2026-04-06T10:24:58.271;108;3,8
2026-04-06T10:24:59.752;106;3,8
2026-04-06T10:25:01.191;106;3,8
2026-04-06T10:25:04.065;106;4,0
2026-04-06T10:25:04.066;107;4,3
2026-04-06T10:25:04.066;108;4,3
2026-04-06T10:25:04.507;108;4,3
2026-04-06T10:25:05.506;107;4,5
2026-04-06T10:25:06.472;106;4,5
2026-04-06T10:25:07.433;105;4,8
2026-04-06T10:25:08.385;105;4,9
2026-04-06T10:25:09.352;105;4,9
2026-04-06T10:25:10.310;105;4,9
2026-04-06T10:25:11.754;106;4,9
2026-04-06T10:25:12.721;106;4,9
2026-04-06T10:25:13.671;107;3,9
2026-04-06T10:25:14.637;107;3,7
2026-04-06T10:25:15.595;107;3,8
2026-04-06T10:25:17.508;107;3,9
2026-04-06T10:25:17.509;106;3,7
2026-04-06T10:25:18.481;106;3,6
2026-04-06T10:25:19.433;105;3,7
2026-04-06T10:25:20.873;104;3,7
2026-04-06T10:25:21.307;104;3,4
2026-04-06T10:25:22.310;104;3,3
2026-04-06T10:25:23.751;104;3,4
2026-04-06T10:25:24.710;104;2,8
2026-04-06T10:25:25.672;104;2,7
2026-04-06T10:25:26.634;104;2,8
2026-04-06T10:25:27.590;103;3,4
2026-04-06T10:25:28.548;102;3,4
2026-04-06T10:25:29.515;102;3,3
2026-04-06T10:25:30.469;103;3,4
2026-04-06T10:25:32.391;103;3,4
2026-04-06T10:25:32.391;104;3,4
2026-04-06T10:25:33.355;102;5,3
2026-04-06T10:25:34.316;101;6,2
2026-04-06T10:25:36.227;98;7,6
2026-04-06T10:25:36.668;97;7,5
2026-04-06T10:25:37.670;97;8,0
2026-04-06T10:25:38.635;97;8,2
2026-04-06T10:25:39.608;98;8,3
2026-04-06T10:25:40.498;98;8,3
2026-04-06T10:25:41.505;98;8,2
2026-04-06T10:25:42.451;98;8,3
2026-04-06T10:25:43.429;98;8,5
2026-04-06T10:25:44.392;97;8,2
2026-04-06T10:25:45.354;97;8,2
2026-04-06T10:25:46.789;96;8,2
2026-04-06T10:25:47.754;97;8,5
2026-04-06T10:25:48.712;97;8,5
2026-04-06T10:25:50.166;98;8,5
2026-04-06T10:25:50.589;97;8,5
2026-04-06T10:25:52.537;98;7,3
2026-04-06T10:25:53.029;98;4,9
2026-04-06T10:25:53.470;98;5,0
2026-04-06T10:25:54.466;99;5,0
2026-04-06T10:25:55.442;99;4,1
2026-04-06T10:25:56.397;99;3,6
2026-04-06T10:25:57.828;98;4,2
2026-04-06T10:25:58.267;98;4,2
2026-04-06T10:25:59.748;98;4,2
2026-04-06T10:26:00.721;98;4,0
2026-04-06T10:26:01.686;99;4,0
2026-04-06T10:26:02.631;99;4,4
2026-04-06T10:26:03.599;101;4,5
2026-04-06T10:26:04.553;102;4,4
2026-04-06T10:26:05.511;104;4,6
2026-04-06T10:26:06.467;105;4,6
2026-04-06T10:26:07.430;106;4,7
2026-04-06T10:26:08.876;107;4,7
2026-04-06T10:26:09.298;108;4,8
2026-04-06T10:26:10.793;109;4,6
2026-04-06T10:26:12.236;110;4,6
2026-04-06T10:26:13.191;110;4,6
2026-04-06T10:26:13.628;110;4,1
2026-04-06T10:26:14.630;111;4,0
2026-04-06T10:26:15.591;111;4,0
2026-04-06T10:26:17.510;111;3,8
2026-04-06T10:26:17.511;112;3,8
2026-04-06T10:26:19.913;112;3,3
2026-04-06T10:26:19.913;113;2,5
2026-04-06T10:26:20.342;114;2,4
2026-04-06T10:26:21.353;113;2,0
2026-04-06T10:26:22.308;114;1,9
2026-04-06T10:26:23.748;114;1,8
2026-04-06T10:26:24.714;113;1,8
2026-04-06T10:26:25.672;113;1,8
2026-04-06T10:26:27.111;113;1,8
2026-04-06T10:26:29.037;113;1,8
2026-04-06T10:26:29.037;113;1,7
2026-04-06T10:26:29.996;113;1,8
2026-04-06T10:26:30.952;113;1,8
2026-04-06T10:26:31.442;114;2,0
2026-04-06T10:26:32.397;115;2,0
2026-04-06T10:26:33.352;116;1,9
2026-04-06T10:26:34.311;116;1,7
2026-04-06T10:26:36.229;117;1,7
2026-04-06T10:26:36.667;117;1,7
2026-04-06T10:26:37.665;117;1,7
2026-04-06T10:26:38.641;118;1,7
2026-04-06T10:26:40.083;118;1,5
2026-04-06T10:26:40.510;119;1,6
2026-04-06T10:26:41.509;119;1,6
2026-04-06T10:26:42.468;120;1,7
2026-04-06T10:26:43.427;120;1,7
2026-04-06T10:26:44.391;121;1,7
2026-04-06T10:26:45.350;121;1,7
2026-04-06T10:26:46.314;121;1,5
2026-04-06T10:26:48.233;121;1,4
2026-04-06T10:26:48.714;121;1,4
2026-04-06T10:26:49.674;121;1,3
2026-04-06T10:26:50.635;121;1,3
2026-04-06T10:26:52.555;121;1,5
2026-04-06T10:26:52.555;121;1,8
2026-04-06T10:26:53.993;122;1,8
2026-04-06T10:26:54.430;122;1,8
2026-04-06T10:26:55.428;123;1,8
2026-04-06T10:26:56.389;123;1,8
2026-04-06T10:26:57.348;124;1,7
2026-04-06T10:26:58.790;124;1,7
2026-04-06T10:26:59.277;124;1,8
2026-04-06T10:27:00.712;124;1,7
2026-04-06T10:27:01.671;125;1,8
2026-04-06T10:27:02.633;124;1,8
2026-04-06T10:27:03.583;124;1,8
2026-04-06T10:27:04.552;124;1,9
2026-04-06T10:27:06.469;124;1,7
2026-04-06T10:27:07.428;124;1,4
2026-04-06T10:27:07.428;124;1,4
2026-04-06T10:27:08.390;124;1,4
2026-04-06T10:27:09.350;123;1,4
2026-04-06T10:27:10.308;123;1,4
2026-04-06T10:27:11.753;123;1,4
2026-04-06T10:27:13.192;123;1,4
2026-04-06T10:27:14.151;123;1,2
2026-04-06T10:27:16.070;122;1,3
2026-04-06T10:27:16.511;122;1,4
2026-04-06T10:27:16.514;122;1,4
2026-04-06T10:27:17.510;122;1,4
2026-04-06T10:27:18.469;122;1,5
2026-04-06T10:27:19.434;122;1,5
2026-04-06T10:27:20.400;122;1,5
2026-04-06T10:27:21.352;122;1,5
2026-04-06T10:27:22.314;122;1,7
2026-04-06T10:27:23.272;122;1,6
2026-04-06T10:27:24.714;123;1,6
2026-04-06T10:27:25.669;123;1,5
2026-04-06T10:27:26.629;123;1,6
2026-04-06T10:27:27.587;124;1,7
2026-04-06T10:27:28.560;124;1,6
2026-04-06T10:27:29.521;124;1,5
2026-04-06T10:27:30.475;124;1,4
2026-04-06T10:27:31.440;124;1,4
2026-04-06T10:27:32.411;124;1,3
2026-04-06T10:27:33.354;124;1,3
2026-04-06T10:27:34.314;124;1,3
2026-04-06T10:27:35.271;124;1,4
2026-04-06T10:27:37.195;123;1,4
2026-04-06T10:27:37.632;122;1,5
2026-04-06T10:27:38.631;121;1,6
2026-04-06T10:27:39.598;121;1,7
2026-04-06T10:27:40.550;120;1,6
2026-04-06T10:27:41.513;120;1,5
2026-04-06T10:27:43.432;119;1,8
2026-04-06T10:27:43.433;118;1,8
2026-04-06T10:27:44.393;118;1,8
2026-04-06T10:27:45.353;116;2,3
2026-04-06T10:27:46.321;116;2,3
2026-04-06T10:27:47.754;116;2,2
2026-04-06T10:27:48.721;115;2,2
2026-04-06T10:27:49.674;116;2,2
2026-04-06T10:27:50.633;116;2,2
2026-04-06T10:27:51.596;116;2,1
2026-04-06T10:27:52.554;115;2,0
2026-04-06T10:27:53.512;115;2,1
2026-04-06T10:27:54.473;115;2,0
2026-04-06T10:27:56.390;115;2,0
2026-04-06T10:27:56.882;115;2,0
2026-04-06T10:27:57.310;115;1,8
2026-04-06T10:27:58.310;115;1,8
2026-04-06T10:27:59.748;116;1,9
2026-04-06T10:28:00.722;117;1,8
2026-04-06T10:28:01.674;118;1,8
2026-04-06T10:28:02.633;118;1,8
2026-04-06T10:28:03.595;119;1,9
2026-04-06T10:28:04.549;120;2,1
2026-04-06T10:28:05.992;121;2,0
2026-04-06T10:28:06.476;121;2,1
2026-04-06T10:28:07.445;122;2,0
2026-04-06T10:28:09.837;122;2,0
2026-04-06T10:28:09.838;122;1,9
2026-04-06T10:28:10.317;122;2,0
2026-04-06T10:28:12.226;122;2,1
2026-04-06T10:28:13.668;122;2,1
2026-04-06T10:28:13.669;122;1,9
2026-04-06T10:28:15.589;122;1,6
2026-04-06T10:28:16.028;122;1,6
2026-04-06T10:28:17.028;122;1,5
2026-04-06T10:28:17.515;122;1,4
2026-04-06T10:28:18.467;122;1,2
2026-04-06T10:28:19.436;121;1,3
2026-04-06T10:28:20.869;121;1,4
2026-04-06T10:28:21.302;120;1,3
2026-04-06T10:28:22.309;120;1,3
2026-04-06T10:28:23.712;120;1,3
2026-04-06T10:28:24.662;119;1,3
2026-04-06T10:28:25.669;119;1,3
2026-04-06T10:28:26.635;119;1,0
2026-04-06T10:28:27.591;119;1,2
2026-04-06T10:28:28.565;120;1,1
2026-04-06T10:28:29.514;120;1,2
2026-04-06T10:28:31.440;120;1,3
2026-04-06T10:28:31.441;121;1,4
2026-04-06T10:28:32.390;121;1,4
2026-04-06T10:28:33.831;122;1,4
2026-04-06T10:28:34.790;122;1,4
2026-04-06T10:28:35.272;123;1,3
2026-04-06T10:28:36.710;124;1,4
2026-04-06T10:28:37.668;125;1,7
2026-04-06T10:28:38.634;126;1,8
2026-04-06T10:28:39.593;127;2,1
2026-04-06T10:28:40.556;128;2,1
2026-04-06T10:28:42.480;130;2,4
2026-04-06T10:28:42.910;132;2,4
2026-04-06T10:28:44.392;133;2,4
2026-04-06T10:28:44.393;134;2,5
2026-04-06T10:28:45.827;135;2,4
2026-04-06T10:28:46.316;135;2,4
2026-04-06T10:28:47.270;136;2,4
2026-04-06T10:28:49.190;137;2,6
2026-04-06T10:28:51.593;138;2,6
2026-04-06T10:28:51.594;138;2,5
2026-04-06T10:28:51.595;139;2,4
2026-04-06T10:28:52.557;139;2,1
2026-04-06T10:28:53.514;139;2,1
2026-04-06T10:28:54.472;139;1,7
2026-04-06T10:28:55.431;139;1,7
2026-04-06T10:28:56.389;139;1,8
2026-04-06T10:28:57.831;139;1,7
2026-04-06T10:28:59.234;139;1,7
2026-04-06T10:28:59.237;139;1,7
2026-04-06T10:29:01.634;139;1,6
2026-04-06T10:29:03.073;140;1,3
2026-04-06T10:29:04.031;140;1,2
2026-04-06T10:29:04.032;140;1,2
2026-04-06T10:29:04.563;140;1,2
2026-04-06T10:29:05.506;141;1,3
2026-04-06T10:29:06.467;141;1,3
2026-04-06T10:29:07.430;142;1,4
2026-04-06T10:29:08.392;142;1,2
2026-04-06T10:29:09.355;142;1,1
2026-04-06T10:29:10.303;142;1,1
2026-04-06T10:29:11.754;142;1,1
2026-04-06T10:29:12.711;142;1,1
2026-04-06T10:29:13.676;143;0,9
2026-04-06T10:29:14.631;143;0,9
2026-04-06T10:29:15.593;143;0,8
2026-04-06T10:29:16.543;143;0,8
2026-04-06T10:29:17.509;143;0,9
2026-04-06T10:29:18.942;143;0,8
2026-04-06T10:29:19.432;143;1,2
2026-04-06T10:29:20.390;144;1,2
2026-04-06T10:29:22.312;144;1,3
2026-04-06T10:29:22.313;144;1,3
2026-04-06T10:29:23.275;144;1,4
2026-04-06T10:29:25.190;144;1,3
2026-04-06T10:29:25.629;145;1,4
2026-04-06T10:29:26.641;145;1,4
2026-04-06T10:29:27.603;145;1,4
2026-04-06T10:29:28.560;145;1,7
2026-04-06T10:29:29.519;145;1,7
2026-04-06T10:29:30.469;145;1,7
2026-04-06T10:29:31.432;145;1,4
2026-04-06T10:29:32.393;144;1,3
2026-04-06T10:29:33.365;145;1,3
2026-04-06T10:29:34.311;144;1,3
2026-04-06T10:29:35.272;144;1,2
2026-04-06T10:29:37.194;144;1,2
2026-04-06T10:29:37.634;144;1,2
2026-04-06T10:29:38.638;143;1,2
2026-04-06T10:29:39.592;143;1,3
2026-04-06T10:29:40.557;143;0,8
2026-04-06T10:29:42.474;143;0,8
2026-04-06T10:29:42.476;143;1,0
2026-04-06T10:29:43.433;142;1,3
2026-04-06T10:29:44.390;142;1,4
2026-04-06T10:29:46.274;142;1,4
2026-04-06T10:29:46.752;141;1,5
2026-04-06T10:29:47.248;141;1,6
2026-04-06T10:29:48.722;141;1,7
2026-04-06T10:29:49.632;141;1,9
2026-04-06T10:29:50.594;141;1,9
2026-04-06T10:29:52.556;141;1,9
2026-04-06T10:29:52.557;141;1,8
2026-04-06T10:29:53.509;140;1,9
2026-04-06T10:29:54.473;139;2,0
2026-04-06T10:29:55.929;138;2,1
2026-04-06T10:29:56.393;136;2,0
2026-04-06T10:30:00.233;135;2,0
2026-04-06T10:30:00.234;135;2,0
2026-04-06T10:30:00.234;134;2,0
2026-04-06T10:30:01.153;134;2,0
2026-04-06T10:30:01.634;133;2,0
2026-04-06T10:30:03.586;133;1,8
2026-04-06T10:30:03.587;133;1,8
2026-04-06T10:30:04.557;132;2,4
2026-04-06T10:30:05.515;131;2,4
2026-04-06T10:30:06.481;130;2,4
2026-04-06T10:30:07.912;129;2,2
2026-04-06T10:30:08.347;128;2,6
2026-04-06T10:30:09.345;127;2,5
2026-04-06T10:30:10.324;126;2,5
2026-04-06T10:30:11.270;126;2,5
2026-04-06T10:30:12.712;125;2,6
2026-04-06T10:30:13.678;125;2,6
2026-04-06T10:30:15.588;126;2,4
2026-04-06T10:30:15.590;126;2,5
2026-04-06T10:30:17.474;125;2,6
2026-04-06T10:30:17.953;124;2,9
2026-04-06T10:30:18.430;123;2,6
2026-04-06T10:30:19.873;123;2,6
2026-04-06T10:30:21.301;123;2,6
2026-04-06T10:30:21.304;123;2,7
2026-04-06T10:30:22.255;124;2,3
2026-04-06T10:30:24.178;124;2,3
2026-04-06T10:30:24.672;123;2,6
2026-04-06T10:30:26.097;123;2,7
2026-04-06T10:30:26.576;121;3,0
2026-04-06T10:30:27.538;119;4,4
2026-04-06T10:30:28.977;118;4,4
2026-04-06T10:30:29.454;116;4,6
2026-04-06T10:30:30.898;114;4,6
2026-04-06T10:30:31.374;113;4,6
2026-04-06T10:30:32.336;113;4,3
2026-04-06T10:30:33.295;113;4,3
2026-04-06T10:30:35.217;113;4,3
2026-04-06T10:30:35.220;112;4,3
2026-04-06T10:30:36.662;112;4,2
2026-04-06T10:30:37.633;112;4,3
2026-04-06T10:30:38.593;112;4,4
2026-04-06T10:30:40.034;112;4,3
2026-04-06T10:30:40.514;112;4,3
2026-04-06T10:30:41.474;112;4,1
2026-04-06T10:30:44.353;112;4,2
2026-04-06T10:30:44.355;113;2,9
2026-04-06T10:30:44.831;113;2,9
2026-04-06T10:30:46.274;113;2,6
2026-04-06T10:30:46.276;113;2,5
2026-04-06T10:30:47.233;112;3,1
2026-04-06T10:30:48.674;113;3,2
2026-04-06T10:30:49.634;114;3,2
2026-04-06T10:30:50.594;114;3,2
2026-04-06T10:30:52.548;114;3,2
2026-04-06T10:30:52.549;115;3,3
2026-04-06T10:30:54.469;116;3,2
2026-04-06T10:30:54.470;118;3,4
2026-04-06T10:30:55.427;119;3,4
2026-04-06T10:30:57.351;121;3,6
2026-04-06T10:30:57.352;122;3,6
2026-04-06T10:30:58.314;123;3,3
2026-04-06T10:30:59.268;125;3,6
2026-04-06T10:31:01.194;127;3,7
2026-04-06T10:31:02.148;128;3,5
2026-04-06T10:31:02.633;130;3,4
2026-04-06T10:31:03.601;131;3,3
2026-04-06T10:31:06.953;132;3,2
2026-04-06T10:31:06.954;132;3,2
2026-04-06T10:31:06.955;132;3,2
2026-04-06T10:31:07.923;133;3,1
2026-04-06T10:31:08.396;133;2,7
2026-04-06T10:31:09.348;133;2,1
2026-04-06T10:31:11.272;133;2,1
2026-04-06T10:31:11.273;133;2,0
2026-04-06T10:31:12.717;133;2,0
2026-04-06T10:31:14.158;133;1,2
2026-04-06T10:31:15.114;133;1,0
2026-04-06T10:31:15.590;133;0,6
2026-04-06T10:31:16.553;133;0,6
2026-04-06T10:31:17.512;134;1,0
2026-04-06T10:31:21.353;135;1,0
2026-04-06T10:31:21.354;135;1,0
2026-04-06T10:31:21.355;136;1,0
2026-04-06T10:31:21.356;136;1,1
2026-04-06T10:31:22.791;137;1,1
2026-04-06T10:31:23.749;137;1,1
2026-04-06T10:31:24.714;137;1,1
2026-04-06T10:31:26.634;138;1,6
2026-04-06T10:31:26.635;138;1,6
2026-04-06T10:31:27.592;138;1,6
2026-04-06T10:31:28.980;138;1,6
2026-04-06T10:31:29.456;138;1,6
2026-04-06T10:31:30.423;138;1,4
2026-04-06T10:31:31.432;138;1,4
2026-04-06T10:31:32.393;138;1,3
2026-04-06T10:31:33.313;138;1,4
2026-04-06T10:31:34.314;138;1,3
2026-04-06T10:31:35.218;138;1,3
2026-04-06T10:31:36.713;138;1,3
2026-04-06T10:31:38.152;138;0,9
2026-04-06T10:31:38.642;138;0,9
2026-04-06T10:31:39.586;139;0,9
2026-04-06T10:31:40.558;139;0,9
2026-04-06T10:31:42.000;139;0,9
2026-04-06T10:31:42.431;140;0,9
2026-04-06T10:31:43.914;141;1,0
2026-04-06T10:31:44.352;141;1,5
2026-04-06T10:31:45.828;141;1,5
2026-04-06T10:31:47.748;142;1,5
2026-04-06T10:31:47.749;142;1,5
2026-04-06T10:31:48.716;142;1,5
2026-04-06T10:31:49.677;143;1,4
2026-04-06T10:31:50.635;143;1,4
2026-04-06T10:31:51.604;143;1,4
2026-04-06T10:31:53.514;143;1,4
2026-04-06T10:31:53.954;144;1,4
2026-04-06T10:31:54.479;144;1,4
2026-04-06T10:31:55.437;144;1,4
2026-04-06T10:31:56.874;144;0,8
2026-04-06T10:31:57.309;144;0,8
2026-04-06T10:31:58.315;145;0,7
2026-04-06T10:31:59.714;144;0,7
2026-04-06T10:32:00.674;144;0,7
2026-04-06T10:32:01.685;144;0,6
2026-04-06T10:32:02.633;144;0,6
2026-04-06T10:32:04.069;144;0,6
2026-04-06T10:32:04.518;143;0,7
2026-04-06T10:32:05.515;142;0,8
2026-04-06T10:32:06.477;142;0,8
2026-04-06T10:32:07.424;141;0,8
2026-04-06T10:32:08.393;141;0,9
2026-04-06T10:32:09.832;140;0,9
2026-04-06T10:32:11.269;140;0,9
2026-04-06T10:32:11.269;140;1,0
2026-04-06T10:32:12.716;140;1,1
2026-04-06T10:32:15.114;140;1,2
2026-04-06T10:32:15.115;140;1,6
2026-04-06T10:32:16.076;141;1,7
2026-04-06T10:32:16.555;141;1,6
2026-04-06T10:32:17.516;141;1,6
2026-04-06T10:32:19.436;141;1,6
2026-04-06T10:32:19.914;141;1,6
2026-04-06T10:32:20.354;141;1,6
2026-04-06T10:32:21.359;141;1,6
2026-04-06T10:32:22.311;141;1,7
2026-04-06T10:32:23.275;141;1,7
2026-04-06T10:32:24.716;141;1,6
2026-04-06T10:32:25.672;140;1,5
2026-04-06T10:32:26.632;140;1,5
2026-04-06T10:32:27.593;139;1,1
2026-04-06T10:32:28.556;139;1,2
2026-04-06T10:32:29.516;138;1,2
2026-04-06T10:32:30.950;138;1,2
2026-04-06T10:32:31.436;138;1,2
2026-04-06T10:32:32.395;138;1,2
2026-04-06T10:32:33.832;137;1,1
2026-04-06T10:32:34.314;137;0,9
2026-04-06T10:32:37.193;137;1,0
2026-04-06T10:32:37.194;137;1,0
2026-04-06T10:32:37.632;137;1,0
2026-04-06T10:32:38.634;138;1,1
2026-04-06T10:32:39.595;138;0,9
2026-04-06T10:32:40.555;138;0,9
2026-04-06T10:32:41.515;137;0,8
2026-04-06T10:32:42.475;137;0,7
2026-04-06T10:32:43.433;137;0,7
2026-04-06T10:32:44.401;137;0,7
2026-04-06T10:32:45.838;138;0,9
2026-04-06T10:32:46.793;137;1,0
2026-04-06T10:32:47.231;137;1,2
2026-04-06T10:32:49.153;137;1,1
2026-04-06T10:32:49.630;137;1,1
2026-04-06T10:32:50.577;137;1,1
2026-04-06T10:32:51.551;137;1,1
2026-04-06T10:32:52.513;136;1,1
2026-04-06T10:32:53.458;136;1,1
2026-04-06T10:32:54.416;137;1,1
2026-04-06T10:32:55.857;137;1,1
2026-04-06T10:32:56.336;137;1,1
2026-04-06T10:32:57.313;137;1,1
2026-04-06T10:32:58.312;137;1,0
2026-04-06T10:33:00.231;138;0,6
2026-04-06T10:33:01.192;138;0,6
2026-04-06T10:33:01.666;138;0,8
2026-04-06T10:33:02.625;137;0,8
2026-04-06T10:33:04.541;137;0,9
2026-04-06T10:33:04.542;137;0,8
2026-04-06T10:33:05.512;137;0,9
2026-04-06T10:33:08.890;136;1,1
2026-04-06T10:33:10.327;137;1,1
2026-04-06T10:33:10.328;136;1,1
2026-04-06T10:33:10.757;137;1,1
2026-04-06T10:33:11.256;137;1,2
2026-04-06T10:33:12.727;137;1,6
2026-04-06T10:33:12.728;137;2,0
2026-04-06T10:33:13.679;138;2,0
2026-04-06T10:33:14.634;138;1,9
2026-04-06T10:33:15.595;139;1,9
2026-04-06T10:33:16.555;140;2,0
2026-04-06T10:33:17.516;140;2,0
2026-04-06T10:33:18.476;141;2,0
2026-04-06T10:33:19.434;141;1,9
2026-04-06T10:33:20.875;141;1,9
2026-04-06T10:33:21.356;141;2,0
2026-04-06T10:33:22.318;141;2,0
2026-04-06T10:33:23.285;141;2,0
2026-04-06T10:33:24.711;141;1,4
2026-04-06T10:33:25.636;141;1,4
2026-04-06T10:33:26.594;141;1,4
2026-04-06T10:33:27.594;141;1,3
2026-04-06T10:33:28.554;141;1,2
2026-04-06T10:33:29.513;141;1,2
2026-04-06T10:33:30.478;141;1,2
2026-04-06T10:33:31.922;141;1,1
2026-04-06T10:33:32.354;141;1,1
2026-04-06T10:33:33.354;140;1,1
2026-04-06T10:33:34.314;141;0,9
2026-04-06T10:33:36.233;140;0,9
2026-04-06T10:33:37.678;141;0,9
2026-04-06T10:33:37.679;141;1,0
2026-04-06T10:33:39.119;141;1,1
2026-04-06T10:33:41.996;141;1,2
2026-04-06T10:33:42.424;141;1,2
2026-04-06T10:33:42.427;141;1,2
2026-04-06T10:33:42.430;141;1,3
2026-04-06T10:33:43.911;142;1,3
2026-04-06T10:33:44.356;142;1,3
2026-04-06T10:33:45.354;142;1,4
2026-04-06T10:33:46.313;141;1,3
2026-04-06T10:33:47.274;141;1,3
2026-04-06T10:33:48.708;141;1,4
2026-04-06T10:33:50.158;140;1,3
2026-04-06T10:33:50.636;140;1,1
2026-04-06T10:33:51.593;140;1,1
2026-04-06T10:33:52.557;140;1,1
2026-04-06T10:33:53.513;140;1,1
2026-04-06T10:33:54.475;139;1,1
2026-04-06T10:33:55.434;139;1,1
2026-04-06T10:33:56.397;139;1,2
2026-04-06T10:33:57.358;139;1,1
2026-04-06T10:33:58.315;139;1,1
2026-04-06T10:33:59.271;138;1,1
2026-04-06T10:34:00.715;138;1,2
2026-04-06T10:34:01.671;138;1,1
2026-04-06T10:34:02.630;138;1,2
2026-04-06T10:34:03.596;138;1,7
2026-04-06T10:34:05.033;138;1,8
2026-04-06T10:34:05.473;138;1,8
2026-04-06T10:34:06.954;138;1,8
2026-04-06T10:34:07.439;138;1,7
2026-04-06T10:34:08.397;138;1,6
2026-04-06T10:34:10.312;137;1,6
2026-04-06T10:34:10.313;137;1,7
2026-04-06T10:34:11.279;137;1,6
2026-04-06T10:34:13.676;137;1,7
2026-04-06T10:34:13.677;137;1,6
2026-04-06T10:34:14.638;137;1,5
2026-04-06T10:34:15.602;137;1,1
2026-04-06T10:34:16.547;137;0,9
2026-04-06T10:34:17.515;137;0,7
2026-04-06T10:34:18.477;137;0,7
2026-04-06T10:34:19.436;137;0,7
2026-04-06T10:34:20.406;137;0,8
2026-04-06T10:34:21.358;137;0,7
2026-04-06T10:34:22.796;136;0,7
2026-04-06T10:34:23.276;136;0,8
2026-04-06T10:34:24.713;136;0,8
2026-04-06T10:34:25.636;135;1,2
2026-04-06T10:34:26.620;134;1,2
2026-04-06T10:34:27.595;134;1,2
2026-04-06T10:34:28.550;133;1,3
2026-04-06T10:34:29.510;132;1,3
2026-04-06T10:34:30.953;132;1,5
2026-04-06T10:34:31.396;131;1,4
2026-04-06T10:34:32.393;130;1,7
2026-04-06T10:34:33.353;129;1,8
2026-04-06T10:34:34.314;128;1,8
2026-04-06T10:34:35.755;127;2,7
2026-04-06T10:34:37.680;125;2,7
2026-04-06T10:34:37.681;124;3,4
2026-04-06T10:34:39.117;123;3,5
2026-04-06T10:34:39.553;122;3,4
2026-04-06T10:34:40.558;122;3,4
2026-04-06T10:34:41.471;121;3,4
2026-04-06T10:34:42.480;121;3,5
2026-04-06T10:34:43.433;121;3,5
2026-04-06T10:34:44.873;121;3,4
2026-04-06T10:34:45.315;121;3,9
2026-04-06T10:34:46.316;121;4,9
2026-04-06T10:34:48.232;120;4,8
2026-04-06T10:34:49.675;120;4,8
2026-04-06T10:34:49.676;120;4,7
2026-04-06T10:34:50.634;121;4,5
2026-04-06T10:34:52.557;121;4,6
2026-04-06T10:34:52.558;122;4,1
2026-04-06T10:34:53.509;123;4,1
2026-04-06T10:34:54.476;123;4,1
2026-04-06T10:34:55.432;123;4,2
2026-04-06T10:34:56.397;123;4,1
2026-04-06T10:34:57.836;123;4,2
2026-04-06T10:34:58.273;123;4,2
2026-04-06T10:34:59.278;123;3,8
2026-04-06T10:35:00.716;123;2,4
2026-04-06T10:35:01.677;123;2,4
2026-04-06T10:35:02.635;124;2,4
2026-04-06T10:35:03.601;123;2,7
2026-04-06T10:35:04.557;122;3,1
2026-04-06T10:35:05.514;121;2,9
2026-04-06T10:35:06.479;120;2,9
2026-04-06T10:35:07.434;120;3,0
2026-04-06T10:35:08.390;120;2,9
2026-04-06T10:35:09.353;120;2,9
2026-04-06T10:35:10.311;120;3,1
2026-04-06T10:35:11.757;121;3,0
2026-04-06T10:35:12.710;122;3,0
2026-04-06T10:35:14.155;123;3,3
2026-04-06T10:35:15.123;124;3,4
2026-04-06T10:35:15.602;125;3,4
2026-04-06T10:35:17.517;126;3,4
2026-04-06T10:35:17.953;127;3,3
2026-04-06T10:35:20.878;128;2,8
2026-04-06T10:35:20.879;128;2,8
2026-04-06T10:35:20.880;128;2,8
2026-04-06T10:35:21.363;128;2,6
2026-04-06T10:35:22.323;127;2,6
2026-04-06T10:35:23.284;127;2,4
2026-04-06T10:35:24.714;128;2,3
2026-04-06T10:35:25.674;129;2,3
2026-04-06T10:35:26.627;129;1,9
2026-04-06T10:35:28.075;130;2,0
2026-04-06T10:35:29.046;130;1,9
2026-04-06T10:35:29.524;130;1,8
2026-04-06T10:35:30.501;131;1,5
2026-04-06T10:35:31.430;131;1,5
2026-04-06T10:35:33.344;131;1,5
2026-04-06T10:35:33.795;132;1,5
2026-04-06T10:35:34.314;133;1,7
2026-04-06T10:35:35.752;133;1,7
2026-04-06T10:35:36.664;134;1,8
2026-04-06T10:35:37.672;134;1,8
2026-04-06T10:35:38.647;134;1,7
2026-04-06T10:35:41.043;135;1,6
2026-04-06T10:35:41.515;135;1,7
2026-04-06T10:35:41.516;135;1,9
2026-04-06T10:35:42.474;136;2,1
2026-04-06T10:35:43.434;136;2,4
2026-04-06T10:35:44.395;137;2,3
2026-04-06T10:35:45.353;137;2,4
2026-04-06T10:35:46.310;138;2,4
2026-04-06T10:35:47.747;138;2,2
2026-04-06T10:35:48.713;139;2,2
2026-04-06T10:35:50.151;139;2,2
2026-04-06T10:35:50.593;139;2,2
2026-04-06T10:35:52.554;140;2,2
2026-04-06T10:35:53.038;140;2,2
2026-04-06T10:35:53.475;140;1,8
2026-04-06T10:35:54.436;140;1,8
2026-04-06T10:35:55.442;141;1,3
2026-04-06T10:35:56.398;141;1,0
2026-04-06T10:35:57.362;141;0,9
2026-04-06T10:35:58.314;141;0,9
2026-04-06T10:35:59.272;141;0,9
2026-04-06T10:36:00.726;141;0,9
2026-04-06T10:36:01.674;142;0,9
2026-04-06T10:36:02.639;141;0,8
2026-04-06T10:36:03.602;141;0,8
2026-04-06T10:36:05.517;141;0,7
2026-04-06T10:36:05.518;141;0,7
2026-04-06T10:36:06.477;141;0,6
2026-04-06T10:36:07.441;141;0,6
2026-04-06T10:36:08.391;141;0,7
2026-04-06T10:36:09.358;140;0,8
2026-04-06T10:36:10.319;139;0,8
2026-04-06T10:36:11.269;139;0,9
2026-04-06T10:36:12.717;138;1,0
2026-04-06T10:36:13.682;138;1,1
2026-04-06T10:36:15.126;137;1,1
2026-04-06T10:36:15.599;137;1,3
2026-04-06T10:36:16.553;136;1,2
2026-04-06T10:36:17.516;136;1,3
2026-04-06T10:36:18.478;135;1,4
2026-04-06T10:36:19.436;134;1,6
2026-04-06T10:36:20.397;133;1,7
2026-04-06T10:36:22.316;132;1,9
2026-04-06T10:36:22.317;131;2,0
2026-04-06T10:36:23.276;131;2,1
2026-04-06T10:36:25.687;131;2,1
2026-04-06T10:36:25.687;130;2,4
2026-04-06T10:36:27.594;129;2,4
2026-04-06T10:36:27.595;128;2,4
2026-04-06T10:36:28.558;126;2,4
2026-04-06T10:36:29.986;125;2,7
2026-04-06T10:36:30.478;124;2,7
2026-04-06T10:36:31.912;123;2,8
2026-04-06T10:36:32.398;123;2,7
2026-04-06T10:36:33.358;124;2,6
2026-04-06T10:36:34.787;124;2,7
2026-04-06T10:36:35.757;125;2,7
2026-04-06T10:36:36.726;126;2,6
2026-04-06T10:36:37.678;126;2,6
2026-04-06T10:36:38.653;126;2,7
2026-04-06T10:36:39.599;127;2,5
2026-04-06T10:36:40.557;127;2,5
2026-04-06T10:36:41.982;128;2,6
2026-04-06T10:36:42.439;128;2,6
2026-04-06T10:36:43.433;128;2,2
2026-04-06T10:36:44.836;128;2,2
2026-04-06T10:36:45.836;128;2,3
2026-04-06T10:36:46.271;127;2,3
2026-04-06T10:36:47.278;126;2,6
2026-04-06T10:36:48.717;126;2,5
2026-04-06T10:36:50.117;126;2,2
2026-04-06T10:36:51.115;126;2,3
2026-04-06T10:36:53.517;126;2,2
2026-04-06T10:36:53.518;127;2,5
2026-04-06T10:36:53.519;127;2,4
2026-04-06T10:36:54.475;128;2,4
2026-04-06T10:36:55.915;128;2,2
2026-04-06T10:36:56.354;128;2,2
2026-04-06T10:36:57.349;129;2,2
2026-04-06T10:36:58.307;129;2,2
2026-04-06T10:37:00.243;129;2,1
2026-04-06T10:37:00.676;130;2,2
2026-04-06T10:37:01.679;131;2,0
2026-04-06T10:37:02.664;132;2,1
2026-04-06T10:37:03.607;133;2,0
2026-04-06T10:37:04.565;133;2,0
2026-04-06T10:37:05.995;133;1,5
2026-04-06T10:37:06.437;134;1,5
2026-04-06T10:37:07.441;134;1,5
2026-04-06T10:37:08.404;134;1,6
2026-04-06T10:37:09.354;135;1,5
2026-04-06T10:37:10.306;135;1,6
2026-04-06T10:37:11.285;135;1,6
2026-04-06T10:37:12.722;135;1,5
2026-04-06T10:37:13.675;135;1,4
2026-04-06T10:37:14.641;135;1,3
2026-04-06T10:37:15.598;136;1,2
2026-04-06T10:37:17.997;136;1,2
2026-04-06T10:37:17.997;136;1,3
2026-04-06T10:37:18.435;137;1,4
2026-04-06T10:37:19.875;137;1,4
2026-04-06T10:37:20.355;138;1,3
2026-04-06T10:37:21.318;139;1,4
2026-04-06T10:37:22.276;139;1,3
2026-04-06T10:37:23.237;140;1,2
2026-04-06T10:37:24.677;140;1,2
2026-04-06T10:37:26.117;141;1,2
2026-04-06T10:37:27.077;141;1,2
2026-04-06T10:37:27.557;141;1,2
2026-04-06T10:37:28.517;142;1,2
2026-04-06T10:37:29.474;142;1,0
2026-04-06T10:37:30.961;142;1,0
2026-04-06T10:37:31.442;142;1,0
2026-04-06T10:37:32.384;142;0,9
2026-04-06T10:37:33.352;142;0,9
2026-04-06T10:37:34.322;141;0,9
2026-04-06T10:37:35.270;140;1,0
2026-04-06T10:37:36.725;140;0,9
2026-04-06T10:37:37.678;139;1,0
2026-04-06T10:37:38.632;139;1,0
2026-04-06T10:37:40.077;138;1,0
2026-04-06T10:37:40.516;138;1,1
2026-04-06T10:37:41.518;137;1,1
2026-04-06T10:37:42.472;137;1,3
2026-04-06T10:37:43.446;137;1,3
2026-04-06T10:37:44.399;136;1,3
2026-04-06T10:37:45.358;136;1,4
2026-04-06T10:37:46.321;136;1,4
2026-04-06T10:37:47.276;137;1,3
2026-04-06T10:37:48.712;137;1,2
2026-04-06T10:37:49.677;137;1,2
2026-04-06T10:37:50.628;137;1,1
2026-04-06T10:37:51.597;137;1,1
2026-04-06T10:37:52.559;138;1,1
2026-04-06T10:37:53.998;137;1,0
2026-04-06T10:37:54.435;137;0,9
2026-04-06T10:37:55.397;137;0,8
2026-04-06T10:37:56.395;137;0,8
2026-04-06T10:37:57.353;137;0,8
2026-04-06T10:37:58.306;136;0,8
2026-04-06T10:37:59.274;136;0,8
2026-04-06T10:38:00.710;135;1,0
2026-04-06T10:38:01.665;135;0,9
2026-04-06T10:38:02.629;133;2,0
2026-04-06T10:38:04.075;132;2,1
2026-04-06T10:38:04.555;131;2,2
2026-04-06T10:38:05.520;129;2,3
2026-04-06T10:38:06.478;128;2,4
2026-04-06T10:38:07.441;127;2,3
2026-04-06T10:38:08.406;127;2,4
2026-04-06T10:38:09.353;126;2,5
2026-04-06T10:38:10.319;125;2,7
2026-04-06T10:38:11.716;123;3,0
2026-04-06T10:38:13.198;122;3,0
2026-04-06T10:38:14.117;120;3,3
2026-04-06T10:38:15.116;120;3,3
2026-04-06T10:38:15.601;119;3,2
2026-04-06T10:38:16.561;119;2,9
2026-04-06T10:38:17.510;119;2,8
2026-04-06T10:38:18.469;120;2,7
2026-04-06T10:38:19.429;118;4,1
2026-04-06T10:38:20.391;116;4,6
2026-04-06T10:38:21.836;114;4,7
2026-04-06T10:38:22.275;113;4,7
2026-04-06T10:38:23.761;112;4,7
2026-04-06T10:38:24.729;112;4,7
2026-04-06T10:38:26.160;112;4,6
2026-04-06T10:38:28.561;112;4,4
2026-04-06T10:38:28.562;112;4,4
2026-04-06T10:38:28.997;113;6,1
2026-04-06T10:38:29.517;114;6,1
2026-04-06T10:38:30.477;115;6,1
2026-04-06T10:38:31.918;117;6,1
2026-04-06T10:38:32.355;117;6,2
2026-04-06T10:38:34.325;117;6,2
2026-04-06T10:38:34.755;117;5,3
2026-04-06T10:38:35.757;117;5,0
2026-04-06T10:38:36.712;117;5,0
2026-04-06T10:38:37.678;117;5,0
2026-04-06T10:38:38.638;118;5,1
2026-04-06T10:38:40.550;118;5,1
2026-04-06T10:38:40.551;118;5,1
2026-04-06T10:38:42.478;118;5,1
2026-04-06T10:38:42.479;119;5,1
2026-04-06T10:38:43.439;119;2,6
2026-04-06T10:38:44.391;119;2,9
2026-04-06T10:38:45.354;120;2,9
2026-04-06T10:38:46.321;121;3,0
2026-04-06T10:38:47.761;122;2,8
2026-04-06T10:38:49.200;122;2,9
2026-04-06T10:38:50.156;123;2,9
2026-04-06T10:38:51.121;123;2,4
2026-04-06T10:38:51.544;123;2,4
2026-04-06T10:38:52.568;123;2,4
2026-04-06T10:38:53.518;122;2,4
2026-04-06T10:38:54.474;121;2,4
2026-04-06T10:38:56.396;121;2,4
2026-04-06T10:38:56.397;120;2,4
2026-04-06T10:38:57.362;121;2,3
2026-04-06T10:38:58.319;121;2,4
2026-04-06T10:38:59.273;121;2,0
2026-04-06T10:39:01.678;122;2,2
2026-04-06T10:39:01.679;123;2,2
2026-04-06T10:39:03.128;124;2,2
2026-04-06T10:39:03.553;124;2,2
2026-04-06T10:39:05.524;125;2,5
2026-04-06T10:39:05.525;125;2,5
2026-04-06T10:39:06.482;125;2,5
2026-04-06T10:39:07.432;125;2,3
2026-04-06T10:39:08.405;125;2,3
2026-04-06T10:39:09.358;125;2,2
2026-04-06T10:39:10.321;125;2,2
2026-04-06T10:39:12.248;125;2,1
2026-04-06T10:39:12.677;125;2,2
2026-04-06T10:39:13.691;125;2,2
2026-04-06T10:39:14.634;125;1,7
2026-04-06T10:39:15.593;125;1,6
2026-04-06T10:39:16.558;125;1,7
2026-04-06T10:39:17.518;124;1,9
2026-04-06T10:39:18.484;123;1,6
2026-04-06T10:39:19.453;123;1,6
2026-04-06T10:39:21.836;122;1,6
2026-04-06T10:39:21.837;122;1,5
2026-04-06T10:39:22.317;121;1,7
2026-04-06T10:39:23.280;121;2,1
2026-04-06T10:39:24.716;120;2,4
2026-04-06T10:39:25.675;119;2,4
2026-04-06T10:39:26.633;118;2,7
2026-04-06T10:39:27.597;117;3,1
2026-04-06T10:39:28.565;116;3,1
2026-04-06T10:39:29.531;115;3,2
2026-04-06T10:39:30.481;115;3,3
2026-04-06T10:39:31.439;115;3,3
2026-04-06T10:39:32.400;115;3,3
2026-04-06T10:39:33.355;115;3,3
2026-04-06T10:39:34.318;115;3,3
2026-04-06T10:39:35.277;115;3,4
2026-04-06T10:39:36.716;113;3,8
2026-04-06T10:39:37.679;112;3,8
2026-04-06T10:39:39.120;112;4,2
2026-04-06T10:39:40.553;111;4,2
2026-04-06T10:39:40.554;111;4,2
2026-04-06T10:39:41.997;110;4,3
2026-04-06T10:39:42.438;110;4,2
2026-04-06T10:39:43.435;109;4,2
2026-04-06T10:39:44.406;110;4,4
2026-04-06T10:39:45.375;111;4,3
2026-04-06T10:39:46.321;112;4,8
2026-04-06T10:39:47.746;114;4,7
2026-04-06T10:39:48.723;114;4,7
2026-04-06T10:39:49.677;115;4,8
2026-04-06T10:39:51.604;116;4,8
2026-04-06T10:39:52.036;116;4,4
2026-04-06T10:39:52.569;117;4,4
2026-04-06T10:39:53.513;117;4,4
2026-04-06T10:39:54.476;117;3,6
2026-04-06T10:39:55.929;118;3,6
2026-04-06T10:39:56.355;118;3,5
2026-04-06T10:39:57.353;118;3,5
2026-04-06T10:39:59.762;119;3,6
2026-04-06T10:39:59.763;120;3,3
2026-04-06T10:40:01.675;120;3,0
2026-04-06T10:40:01.676;120;2,3
2026-04-06T10:40:03.057;120;2,3
2026-04-06T10:40:03.553;120;2,2
2026-04-06T10:40:04.994;119;1,9
2026-04-06T10:40:05.500;120;2,0
2026-04-06T10:40:06.501;119;2,1
2026-04-06T10:40:07.397;119;2,2
2026-04-06T10:40:08.878;118;2,1
2026-04-06T10:40:09.357;118;2,2
2026-04-06T10:40:10.314;117;2,1
2026-04-06T10:40:11.281;117;2,1
2026-04-06T10:40:12.715;118;2,2
2026-04-06T10:40:13.681;119;2,4
2026-04-06T10:40:15.121;120;2,4
2026-04-06T10:40:15.557;120;2,2
2026-04-06T10:40:16.555;122;2,6
2026-04-06T10:40:17.519;123;2,6
2026-04-06T10:40:18.478;124;2,6
2026-04-06T10:40:19.435;124;2,6
2026-04-06T10:40:20.410;125;2,6
2026-04-06T10:40:21.839;126;2,5
2026-04-06T10:40:22.792;127;2,7
2026-04-06T10:40:23.277;128;2,8
2026-04-06T10:40:24.721;129;2,8
2026-04-06T10:40:27.117;130;2,9
2026-04-06T10:40:27.118;131;2,5
2026-04-06T10:40:27.607;131;2,2
2026-04-06T10:40:28.575;131;2,3
2026-04-06T10:40:29.523;131;2,2
2026-04-06T10:40:30.483;130;1,8
2026-04-06T10:40:31.450;130;1,8
2026-04-06T10:40:32.398;130;1,7
2026-04-06T10:40:33.372;129;1,8
2026-04-06T10:40:34.318;129;1,8
2026-04-06T10:40:35.279;128;1,6
2026-04-06T10:40:36.716;128;1,4
2026-04-06T10:40:37.672;129;1,6
2026-04-06T10:40:38.650;129;1,7
2026-04-06T10:40:39.597;130;1,8
2026-04-06T10:40:40.531;130;1,8
2026-04-06T10:40:42.484;131;1,9
2026-04-06T10:40:42.486;131;1,9
2026-04-06T10:40:43.440;132;1,9
2026-04-06T10:40:44.394;132;1,9
2026-04-06T10:40:48.232;132;1,9
2026-04-06T10:40:48.719;133;1,9
2026-04-06T10:40:48.720;133;2,0
2026-04-06T10:40:48.721;133;2,1
2026-04-06T10:40:49.676;133;2,1
2026-04-06T10:40:52.501;133;2,1
2026-04-06T10:40:53.466;134;2,0
2026-04-06T10:40:53.944;134;1,8
2026-04-06T10:40:53.945;134;1,9
2026-04-06T10:40:54.426;135;1,8
2026-04-06T10:40:55.438;135;1,8
2026-04-06T10:40:57.793;135;1,8
2026-04-06T10:40:57.795;135;1,8
2026-04-06T10:40:59.700;135;1,8
2026-04-06T10:40:59.703;135;1,6
2026-04-06T10:41:02.580;135;1,6
2026-04-06T10:41:03.550;135;1,5
2026-04-06T10:41:04.019;135;1,1
2026-04-06T10:41:04.020;135;1,0
2026-04-06T10:41:04.499;135;0,8
2026-04-06T10:41:05.461;135;0,8
2026-04-06T10:41:07.380;135;0,8
2026-04-06T10:41:08.341;135;1,5
2026-04-06T10:41:08.343;135;1,5
2026-04-06T10:41:09.300;135;1,5
2026-04-06T10:41:10.310;134;1,6
2026-04-06T10:41:12.714;135;1,6
2026-04-06T10:41:12.715;135;1,6
2026-04-06T10:41:13.687;135;1,7
2026-04-06T10:41:14.581;135;1,8
2026-04-06T10:41:15.559;136;1,8
2026-04-06T10:41:17.992;136;1,8
2026-04-06T10:41:17.993;136;1,9
2026-04-06T10:41:18.480;136;1,9
2026-04-06T10:41:19.436;136;1,9
2026-04-06T10:41:20.393;136;1,6
2026-04-06T10:41:21.837;136;1,4
2026-04-06T10:41:22.277;136;1,4
2026-04-06T10:41:24.231;136;1,3
2026-04-06T10:41:24.679;136;1,3
2026-04-06T10:41:25.674;136;1,3
2026-04-06T10:41:27.595;136;1,3
2026-04-06T10:41:28.078;136;1,0
2026-04-06T10:41:28.518;136;1,0
2026-04-06T10:41:29.519;136;1,0
2026-04-06T10:41:30.959;136;1,0
2026-04-06T10:41:31.441;136;1,1
2026-04-06T10:41:33.355;136;1,1
2026-04-06T10:41:34.315;136;1,1
2026-04-06T10:41:34.791;137;1,0
2026-04-06T10:41:35.238;136;1,0
2026-04-06T10:41:36.715;137;1,0
2026-04-06T10:41:37.640;137;1,1
2026-04-06T10:41:38.598;136;1,5
2026-04-06T10:41:39.610;135;1,6
2026-04-06T10:41:40.555;134;1,5
2026-04-06T10:41:41.514;134;1,6
2026-04-06T10:41:42.962;133;1,5
2026-04-06T10:41:43.397;133;1,5
2026-04-06T10:41:44.400;133;1,7
2026-04-06T10:41:45.356;133;1,8
2026-04-06T10:41:46.796;132;1,8
2026-04-06T10:41:47.240;131;2,1
2026-04-06T10:41:48.721;131;2,1
2026-04-06T10:41:49.678;131;2,1
2026-04-06T10:41:50.641;130;2,1
2026-04-06T10:41:51.599;129;2,1
2026-04-06T10:41:53.038;128;2,0
2026-04-06T10:41:53.517;128;2,0
2026-04-06T10:41:54.481;127;2,1
2026-04-06T10:41:55.441;127;2,4
2026-04-06T10:41:56.344;126;2,5
2026-04-06T10:41:57.786;126;2,5
2026-04-06T10:41:58.265;126;2,3
2026-04-06T10:41:59.755;125;2,4
2026-04-06T10:42:00.667;125;2,5
2026-04-06T10:42:01.639;124;2,3
2026-04-06T10:42:03.126;124;2,2
2026-04-06T10:42:03.595;124;2,2
2026-04-06T10:42:04.564;123;2,2
2026-04-06T10:42:05.512;123;2,1
2026-04-06T10:42:07.398;123;2,1
2026-04-06T10:42:07.400;123;2,1
2026-04-06T10:42:08.396;124;1,9
2026-04-06T10:42:09.358;124;1,6
2026-04-06T10:42:11.275;125;1,7
2026-04-06T10:42:11.276;125;1,5
2026-04-06T10:42:13.680;126;1,4
2026-04-06T10:42:13.681;126;1,2
2026-04-06T10:42:14.642;126;1,6
2026-04-06T10:42:15.592;127;1,5
2026-04-06T10:42:16.560;127;1,5
2026-04-06T10:42:17.522;128;1,5
2026-04-06T10:42:18.474;128;1,6
2026-04-06T10:42:19.444;128;1,6
2026-04-06T10:42:20.400;128;1,6
2026-04-06T10:42:21.359;129;1,6
2026-04-06T10:42:22.311;129;1,6
2026-04-06T10:42:23.757;129;1,6
2026-04-06T10:42:24.724;129;1,4
2026-04-06T10:42:26.158;129;1,4
2026-04-06T10:42:26.599;129;1,4
2026-04-06T10:42:27.600;129;0,9
2026-04-06T10:42:28.557;128;0,9
2026-04-06T10:42:29.998;128;0,9
2026-04-06T10:42:30.427;128;0,9
2026-04-06T10:42:31.399;128;0,9
2026-04-06T10:42:32.360;128;0,9
2026-04-06T10:42:33.360;128;1,0
2026-04-06T10:42:34.317;129;0,9
2026-04-06T10:42:35.720;129;0,9
2026-04-06T10:42:36.725;129;1,1
2026-04-06T10:42:38.160;130;1,1
2026-04-06T10:42:38.595;129;1,1
2026-04-06T10:42:40.080;128;1,8
2026-04-06T10:42:40.512;128;2,0
2026-04-06T10:42:41.507;127;2,1
2026-04-06T10:42:42.959;127;2,1
2026-04-06T10:42:43.396;127;2,1
2026-04-06T10:42:44.379;127;2,1
2026-04-06T10:42:46.279;127;2,1
2026-04-06T10:42:46.281;127;2,1
2026-04-06T10:42:47.238;127;2,1
2026-04-06T10:42:49.142;126;2,3
2026-04-06T10:42:49.624;125;3,5
2026-04-06T10:42:50.586;123;3,5
2026-04-06T10:42:52.503;122;3,6
2026-04-06T10:42:52.506;120;3,6
2026-04-06T10:42:53.959;120;3,5
2026-04-06T10:42:54.475;119;3,2
2026-04-06T10:42:55.433;119;3,1
2026-04-06T10:42:56.398;118;3,1
2026-04-06T10:42:58.313;118;3,2
2026-04-06T10:42:58.314;117;3,2
2026-04-06T10:42:59.224;117;3,2
2026-04-06T10:43:00.716;117;3,2
2026-04-06T10:43:02.156;116;3,4
2026-04-06T10:43:03.598;116;3,4
2026-04-06T10:43:03.599;114;3,6
2026-04-06T10:43:04.559;113;2,8
2026-04-06T10:43:05.513;113;2,9
2026-04-06T10:43:06.958;112;2,7
2026-04-06T10:43:07.399;112;2,7
2026-04-06T10:43:08.403;113;2,7
2026-04-06T10:43:09.354;112;2,8
2026-04-06T10:43:10.811;112;2,7
2026-04-06T10:43:11.239;112;2,7
2026-04-06T10:43:12.722;113;2,8
2026-04-06T10:43:13.635;114;3,2
2026-04-06T10:43:15.076;115;3,4
2026-04-06T10:43:15.556;116;3,4
2026-04-06T10:43:17.477;117;3,4
2026-04-06T10:43:17.479;118;3,3
2026-04-06T10:43:18.436;119;3,0
2026-04-06T10:43:19.397;120;2,7
2026-04-06T10:43:20.360;120;2,5
2026-04-06T10:43:21.319;121;2,5
2026-04-06T10:43:22.279;121;2,5
2026-04-06T10:43:23.240;121;2,5
2026-04-06T10:43:26.121;122;2,5
2026-04-06T10:43:26.124;122;2,5
2026-04-06T10:43:26.597;122;2,5
2026-04-06T10:43:27.558;123;2,0
2026-04-06T10:43:29.480;123;2,0
2026-04-06T10:43:29.963;124;1,6
2026-04-06T10:43:31.399;124;1,7
2026-04-06T10:43:31.401;124;1,7
2026-04-06T10:43:32.839;124;1,4
2026-04-06T10:43:33.318;124;1,6
2026-04-06T10:43:34.278;125;1,6
2026-04-06T10:43:35.229;126;1,8
2026-04-06T10:43:37.160;127;1,8
2026-04-06T10:43:37.625;127;1,9
2026-04-06T10:43:38.582;128;2,0
2026-04-06T10:43:40.039;129;2,0
2026-04-06T10:43:40.519;130;2,2
2026-04-06T10:43:42.441;131;2,1
2026-04-06T10:43:42.443;131;2,1
2026-04-06T10:43:43.400;132;2,1
2026-04-06T10:43:45.355;132;1,9
2026-04-06T10:43:45.356;132;1,9
2026-04-06T10:43:46.799;133;1,8
2026-04-06T10:43:47.239;133;1,8
2026-04-06T10:43:49.198;133;1,6
2026-04-06T10:43:49.680;133;1,6
2026-04-06T10:43:50.642;133;1,5
2026-04-06T10:43:51.560;134;1,3
2026-04-06T10:43:52.570;134;1,5
2026-04-06T10:43:54.002;134;1,1
2026-04-06T10:43:54.438;135;1,2
2026-04-06T10:43:55.438;136;1,2
2026-04-06T10:43:56.876;136;1,2
2026-04-06T10:43:57.358;137;1,3
2026-04-06T10:43:58.803;137;1,3
2026-04-06T10:43:59.280;138;1,3
2026-04-06T10:44:03.117;139;1,4
2026-04-06T10:44:03.118;139;1,4
2026-04-06T10:44:03.118;140;1,4
2026-04-06T10:44:03.556;141;1,4
2026-04-06T10:44:04.556;141;1,4
2026-04-06T10:44:05.518;141;1,2
2026-04-06T10:44:06.482;141;1,3
2026-04-06T10:44:07.388;141;1,3
2026-04-06T10:44:08.398;141;1,3
2026-04-06T10:44:09.369;141;1,2
2026-04-06T10:44:11.752;141;1,1
2026-04-06T10:44:12.188;141;1,5
2026-04-06T10:44:12.660;141;1,7
2026-04-06T10:44:13.622;142;1,7
2026-04-06T10:44:14.601;142;1,7
2026-04-06T10:44:15.600;142;1,6
2026-04-06T10:44:16.551;142;1,6
2026-04-06T10:44:17.517;142;1,6
2026-04-06T10:44:18.479;142;1,7
2026-04-06T10:44:19.442;141;1,6
2026-04-06T10:44:20.405;142;1,6
2026-04-06T10:44:21.359;141;1,6
2026-04-06T10:44:23.282;141;1,6
2026-04-06T10:44:23.716;141;1,4
2026-04-06T10:44:24.712;141;1,2
2026-04-06T10:44:25.685;141;0,9
2026-04-06T10:44:27.608;141;0,6
2026-04-06T10:44:27.609;141;0,6
2026-04-06T10:44:29.037;141;0,6
2026-04-06T10:44:29.480;140;0,7
2026-04-06T10:44:30.478;140;0,7
2026-04-06T10:44:32.398;140;0,7
2026-04-06T10:44:32.400;140;0,7
2026-04-06T10:44:33.354;140;0,9
2026-04-06T10:44:34.316;140;0,8
2026-04-06T10:44:35.277;140;0,9
2026-04-06T10:44:36.719;140;0,9
2026-04-06T10:44:37.682;140;1,0
2026-04-06T10:44:38.646;140;1,0
2026-04-06T10:44:40.088;140;1,0
2026-04-06T10:44:40.559;140;1,8
2026-04-06T10:44:41.463;139;2,7
2026-04-06T10:44:42.440;138;2,8
2026-04-06T10:44:43.400;138;2,7
2026-04-06T10:44:44.358;137;2,7
2026-04-06T10:44:45.800;136;2,8
2026-04-06T10:44:46.760;136;2,8
2026-04-06T10:44:47.255;135;3,0
2026-04-06T10:44:48.677;133;3,1
2026-04-06T10:44:49.683;131;3,4
2026-04-06T10:44:50.639;130;3,4
2026-04-06T10:44:52.559;128;3,8
2026-04-06T10:44:52.560;128;3,8
2026-04-06T10:44:53.515;127;3,5
2026-04-06T10:44:54.480;126;3,1
2026-04-06T10:44:55.439;125;3,0
2026-04-06T10:44:56.394;125;3,1
2026-04-06T10:44:57.359;124;3,1
2026-04-06T10:44:58.324;122;3,6
2026-04-06T10:44:59.274;121;3,5
2026-04-06T10:45:00.679;120;3,5
2026-04-06T10:45:01.676;119;3,9
2026-04-06T10:45:02.639;118;3,8
2026-04-06T10:45:03.603;117;3,5
2026-04-06T10:45:04.562;114;5,2
2026-04-06T10:45:05.502;110;4,9
2026-04-06T10:45:06.482;111;5,8
2026-04-06T10:45:07.439;113;6,9
2026-04-06T10:45:08.401;116;6,9
2026-04-06T10:45:10.321;116;6,9
2026-04-06T10:45:10.322;116;7,0
2026-04-06T10:45:11.763;116;7,0
2026-04-06T10:45:13.206;115;7,3
2026-04-06T10:45:13.639;113;7,2
2026-04-06T10:45:14.640;113;7,1
2026-04-06T10:45:15.601;112;7,1
2026-04-06T10:45:16.556;112;6,9
2026-04-06T10:45:17.999;111;6,9
2026-04-06T10:45:18.437;112;7,0
2026-04-06T10:45:19.454;112;6,9
2026-04-06T10:45:20.396;112;5,8
2026-04-06T10:45:21.361;113;5,8
2026-04-06T10:45:22.321;113;3,2
2026-04-06T10:45:23.281;113;3,2
2026-04-06T10:45:24.727;113;3,7
2026-04-06T10:45:25.684;115;3,6
2026-04-06T10:45:26.640;115;3,5
2026-04-06T10:45:27.588;116;2,8
2026-04-06T10:45:28.563;117;2,9
2026-04-06T10:45:29.523;118;2,8
2026-04-06T10:45:30.488;118;2,8
2026-04-06T10:45:31.440;118;2,9
2026-04-06T10:45:32.403;117;3,0
2026-04-06T10:45:33.359;115;4,1
2026-04-06T10:45:34.797;113;4,2
2026-04-06T10:45:35.765;112;4,2
2026-04-06T10:45:36.723;111;4,2
2026-04-06T10:45:37.690;111;4,2
2026-04-06T10:45:38.651;110;4,3
2026-04-06T10:45:39.606;110;4,2
2026-04-06T10:45:40.574;110;3,7
2026-04-06T10:45:41.527;110;3,7
2026-04-06T10:45:42.482;110;3,7
2026-04-06T10:45:43.445;110;3,7
2026-04-06T10:45:44.406;110;3,6
2026-04-06T10:45:45.370;110;3,6
2026-04-06T10:45:46.332;110;3,6
2026-04-06T10:45:47.283;109;3,6
2026-04-06T10:45:48.718;109;3,9
2026-04-06T10:45:49.681;108;2,4
2026-04-06T10:45:51.130;108;2,2
2026-04-06T10:45:51.560;108;2,2
2026-04-06T10:45:52.560;108;2,2
2026-04-06T10:45:54.003;108;2,2
2026-04-06T10:45:54.440;108;2,0
2026-04-06T10:45:55.445;108;2,2
2026-04-06T10:45:57.362;107;2,2
2026-04-06T10:45:57.836;107;2,2
2026-04-06T10:45:58.279;107;2,2
2026-04-06T10:45:59.281;107;2,2
2026-04-06T10:46:00.724;106;2,6
2026-04-06T10:46:01.692;106;2,6
2026-04-06T10:46:02.583;106;2,6
2026-04-06T10:46:03.545;105;2,5
2026-04-06T10:46:04.520;105;2,0
2026-04-06T10:46:05.953;106;2,0
2026-04-06T10:46:06.439;106;2,3
2026-04-06T10:46:07.388;107;2,3
2026-04-06T10:46:08.361;107;2,3
2026-04-06T10:46:09.320;107;2,3
2026-04-06T10:46:10.280;107;2,3
2026-04-06T10:46:11.241;107;2,3
2026-04-06T10:46:12.679;108;2,1
2026-04-06T10:46:14.121;108;2,3
2026-04-06T10:46:14.601;108;2,3
2026-04-06T10:46:16.041;109;2,3
2026-04-06T10:46:17.000;109;2,3
2026-04-06T10:46:17.479;109;1,9
2026-04-06T10:46:18.433;108;2,0
2026-04-06T10:46:19.401;108;2,1
2026-04-06T10:46:20.360;107;2,1
2026-04-06T10:46:21.321;107;2,0
2026-04-06T10:46:22.282;107;1,6
2026-04-06T10:46:23.721;108;1,9
2026-04-06T10:46:24.682;109;2,3
2026-04-06T10:46:25.641;110;2,4
2026-04-06T10:46:26.601;110;2,4
2026-04-06T10:46:27.560;110;2,5
2026-04-06T10:46:28.520;109;3,9
2026-04-06T10:46:29.481;103;7,9
2026-04-06T10:46:30.440;100;13,0
2026-04-06T10:46:31.400;97;13,0
2026-04-06T10:46:32.361;97;14,9
2026-04-06T10:46:33.321;99;15,4
2026-04-06T10:46:34.281;102;15,5
2026-04-06T10:46:35.240;103;15,5
2026-04-06T10:46:36.682;105;15,6
2026-04-06T10:46:37.641;106;15,6
2026-04-06T10:46:38.602;108;15,6
2026-04-06T10:46:39.561;108;15,6
2026-04-06T10:46:40.520;108;15,6
2026-04-06T10:46:41.463;108;15,6
2026-04-06T10:46:42.440;108;15,5
2026-04-06T10:46:44.362;107;15,5
2026-04-06T10:46:44.365;107;15,2
2026-04-06T10:46:45.321;107;15,2
2026-04-06T10:46:46.281;108;8,8
2026-04-06T10:46:47.241;108;8,9
2026-04-06T10:46:48.681;108;5,1
2026-04-06T10:46:49.642;108;3,6
2026-04-06T10:46:50.600;108;3,2
2026-04-06T10:46:52.521;106;3,7
2026-04-06T10:46:53.000;105;3,4
2026-04-06T10:46:53.480;105;3,3
2026-04-06T10:46:54.918;105;3,7
2026-04-06T10:46:55.402;106;3,9
2026-04-06T10:46:56.346;107;3,9
2026-04-06T10:46:57.307;108;4,0
2026-04-06T10:46:58.280;108;4,0
2026-04-06T10:46:59.238;108;4,0
2026-04-06T10:47:01.155;107;5,7
2026-04-06T10:47:01.639;106;6,7
2026-04-06T10:47:02.600;105;24,3
2026-04-06T10:47:03.560;104;24,3
2026-04-06T10:47:04.521;101;25,6
2026-04-06T10:47:05.481;102;28,5
2026-04-06T10:47:06.921;104;28,7
2026-04-06T10:47:07.879;106;28,6
2026-04-06T10:47:08.360;106;28,6
2026-04-06T10:47:09.321;107;28,6
2026-04-06T10:47:10.281;108;28,6
2026-04-06T10:47:11.242;109;28,5
2026-04-06T10:47:12.681;110;28,5
2026-04-06T10:47:13.642;111;28,5
2026-04-06T10:47:14.602;111;28,5
2026-04-06T10:47:16.042;111;28,5
2026-04-06T10:47:16.521;112;28,4
2026-04-06T10:47:17.481;111;28,0
2026-04-06T10:47:18.441;111;15,3
2026-04-06T10:47:19.401;111;14,7
2026-04-06T10:47:20.362;111;6,2
2026-04-06T10:47:22.282;112;2,6
2026-04-06T10:47:22.285;112;2,6
2026-04-06T10:47:23.240;113;2,5
2026-04-06T10:47:24.682;113;2,4
2026-04-06T10:47:26.122;113;2,4
2026-04-06T10:47:27.081;114;2,4
2026-04-06T10:47:28.521;114;2,6
2026-04-06T10:47:29.001;115;2,6
2026-04-06T10:47:29.482;115;2,5
2026-04-06T10:47:31.401;116;2,5
2026-04-06T10:47:32.362;116;2,6
2026-04-06T10:47:32.839;116;2,6
2026-04-06T10:47:33.319;117;2,4
2026-04-06T10:47:34.281;117;2,4
2026-04-06T10:47:35.721;118;2,5
2026-04-06T10:47:36.681;118;2,4
2026-04-06T10:47:37.641;119;2,3
2026-04-06T10:47:38.602;120;2,3
2026-04-06T10:47:39.561;120;2,3
2026-04-06T10:47:40.521;121;2,3
2026-04-06T10:47:42.441;121;2,1
2026-04-06T10:47:42.444;121;2,0
2026-04-06T10:47:43.879;121;2,0
2026-04-06T10:47:44.361;121;2,0
2026-04-06T10:47:45.321;122;1,9
2026-04-06T10:47:46.282;122;1,9
2026-04-06T10:47:47.242;122;1,8
2026-04-06T10:47:48.683;123;1,8
2026-04-06T10:47:49.642;123;1,8
2026-04-06T10:47:50.602;123;1,1
2026-04-06T10:47:52.043;123;1,3
2026-04-06T10:47:52.522;123;1,3
2026-04-06T10:47:53.961;123;1,3
2026-04-06T10:47:55.402;123;1,3
2026-04-06T10:47:55.877;123;1,2
2026-04-06T10:47:56.363;123;1,2
2026-04-06T10:47:57.322;123;1,3
2026-04-06T10:47:58.282;122;1,5
2026-04-06T10:48:00.202;121;1,7
2026-04-06T10:48:01.641;120;2,5
2026-04-06T10:48:02.123;117;3,5
2026-04-06T10:48:05.002;115;3,5
2026-04-06T10:48:05.004;115;3,8
2026-04-06T10:48:05.006;116;4,4
2026-04-06T10:48:06.921;117;4,5
2026-04-06T10:48:09.322;119;4,7
2026-04-06T10:48:12.684;121;4,7
2026-04-06T10:48:12.687;122;5,4
2026-04-06T10:48:12.690;126;5,5
2026-04-06T10:48:12.691;126
2026-04-06T10:48:12.691;127;5,5
2026-04-06T10:48:12.695;130;5,5
2026-04-06T10:48:13.642;132;5,7
