Phone timestamp;HR [bpm];HRV [ms];Breathing interval [rpm];
2026-03-19T10:03:28.759;76
2026-03-19T10:03:30.209;79
2026-03-19T10:03:31.170;80
2026-03-19T10:03:32.133;83;8,2
2026-03-19T10:03:33.091;87;7,3
2026-03-19T10:03:34.051;88;6,8
2026-03-19T10:03:35.011;90;6,6
2026-03-19T10:03:35.967;90;6,3
2026-03-19T10:03:36.930;91;6,3
2026-03-19T10:03:37.889;91;6,1
2026-03-19T10:03:39.332;92;5,7
2026-03-19T10:03:39.811;92;5,6
2026-03-19T10:03:40.769;91;5,8
2026-03-19T10:03:42.210;91;5,8
2026-03-19T10:03:43.172;91;5,6
2026-03-19T10:03:44.131;90;5,5
2026-03-19T10:03:45.092;90;5,3
2026-03-19T10:03:46.040;89;5,2
2026-03-19T10:03:47.010;89;5,2
2026-03-19T10:03:47.958;88;6,2
2026-03-19T10:03:48.920;87;7,4
2026-03-19T10:03:49.873;86;7,2
2026-03-19T10:03:50.849;86;7,4
2026-03-19T10:03:51.810;86;8,6
2026-03-19T10:03:52.772;87;9,1
2026-03-19T10:03:54.213;88;9,1
2026-03-19T10:03:55.161;88;9,0
2026-03-19T10:03:56.121;88;9,5
2026-03-19T10:03:57.079;87;9,9
2026-03-19T10:03:58.042;86;13,0
2026-03-19T10:03:59.013;83;17,4
2026-03-19T10:03:59.972;82;17,4
2026-03-19T10:04:00.933;81;20,5
2026-03-19T10:04:02.357;82;21,5
2026-03-19T10:04:02.848;83;21,8
2026-03-19T10:04:03.811;84;21,9
2026-03-19T10:04:04.771;85;21,9
2026-03-19T10:04:06.212;85;21,9
2026-03-19T10:04:07.156;85;21,9
2026-03-19T10:04:08.131;86;21,9
2026-03-19T10:04:09.074;86;21,6
2026-03-19T10:04:10.052;86;21,2
2026-03-19T10:04:11.012;86;21,2
2026-03-19T10:04:11.973;87;20,7
2026-03-19T10:04:12.913;88;20,6
2026-03-19T10:04:13.875;88;20,6
2026-03-19T10:04:14.834;90;20,8
2026-03-19T10:04:15.815;92;20,8
2026-03-19T10:04:16.771;93;19,0
2026-03-19T10:04:18.196;95;15,1
2026-03-19T10:04:19.161;96;15,1
2026-03-19T10:04:20.134;97;10,4
2026-03-19T10:04:21.093;97;8,0
2026-03-19T10:04:22.052;97;6,9
2026-03-19T10:04:23.013;97;6,9
2026-03-19T10:04:24.933;97;6,7
2026-03-19T10:04:24.935;97;6,8
2026-03-19T10:04:25.891;98;6,9
2026-03-19T10:04:26.851;98;6,9
2026-03-19T10:04:27.813;99;6,9
2026-03-19T10:04:28.775;99;6,9
2026-03-19T10:04:30.196;97;7,4
2026-03-19T10:04:31.171;95;13,5
2026-03-19T10:04:32.115;91;13,9
2026-03-19T10:04:33.093;90;13,8
2026-03-19T10:04:34.037;88;13,0
2026-03-19T10:04:35.012;88;13,7
2026-03-19T10:04:35.973;89;15,3
2026-03-19T10:04:36.932;90;15,3
2026-03-19T10:04:37.893;91;15,4
2026-03-19T10:04:39.814;92;15,3
2026-03-19T10:04:39.816;92;15,5
2026-03-19T10:04:40.776;91;16,0
2026-03-19T10:04:42.197;89;16,9
2026-03-19T10:04:43.154;89;16,9
2026-03-19T10:04:44.132;89;17,3
2026-03-19T10:04:45.076;89;17,3
2026-03-19T10:04:46.052;89;17,2
2026-03-19T10:04:47.001;89;17,3
2026-03-19T10:04:47.973;89;17,3
2026-03-19T10:04:49.893;88;17,2
2026-03-19T10:04:49.896;89;17,2
2026-03-19T10:04:50.851;89;12,2
2026-03-19T10:04:51.812;89;12,0
2026-03-19T10:04:52.772;90;12,1
2026-03-19T10:04:54.195;90;11,4
2026-03-19T10:04:55.171;91;9,5
2026-03-19T10:04:56.133;92;9,1
2026-03-19T10:04:57.092;92;9,0
2026-03-19T10:04:58.039;93;9,0
2026-03-19T10:04:59.013;93;8,8
2026-03-19T10:04:59.957;93;8,1
2026-03-19T10:05:00.933;93;5,7
2026-03-19T10:05:01.877;93;5,7
2026-03-19T10:05:02.850;93;4,3
2026-03-19T10:05:03.799;93;4,3
2026-03-19T10:05:04.772;93;4,4
2026-03-19T10:05:06.196;92;4,9
2026-03-19T10:05:07.173;91;4,9
2026-03-19T10:05:08.133;90;5,0
2026-03-19T10:05:09.564;90;4,2
2026-03-19T10:05:10.054;90;4,4
2026-03-19T10:05:11.013;90;4,4
2026-03-19T10:05:11.973;90;4,4
2026-03-19T10:05:12.932;89;4,4
2026-03-19T10:05:14.850;89;4,1
2026-03-19T10:05:14.851;89;4,1
2026-03-19T10:05:15.811;89;4,1
2026-03-19T10:05:17.252;89;4,1
2026-03-19T10:05:18.212;88;5,5
2026-03-19T10:05:19.173;86;8,6
2026-03-19T10:05:20.124;85;9,5
2026-03-19T10:05:21.092;84;9,5
2026-03-19T10:05:22.053;84;14,1
2026-03-19T10:05:23.012;84;14,1
2026-03-19T10:05:23.973;84;14,1
2026-03-19T10:05:24.933;84;14,1
2026-03-19T10:05:25.892;84;13,9
2026-03-19T10:05:26.851;84;13,8
2026-03-19T10:05:27.813;84;13,8
2026-03-19T10:05:28.773;84;13,8
2026-03-19T10:05:30.213;84;13,8
2026-03-19T10:05:31.173;84;13,8
2026-03-19T10:05:32.612;84;13,8
2026-03-19T10:05:33.093;84;13,7
2026-03-19T10:05:35.014;84;13,7
2026-03-19T10:05:35.492;85;13,8
2026-03-19T10:05:35.974;86;14,1
2026-03-19T10:05:36.928;86;14,1
2026-03-19T10:05:37.893;87;13,7
2026-03-19T10:05:40.293;88;12,7
2026-03-19T10:05:40.296;89;11,4
2026-03-19T10:05:41.253;91;11,4
2026-03-19T10:05:42.212;91;4,8
2026-03-19T10:05:44.135;92;4,9
2026-03-19T10:05:44.137;92;4,9
2026-03-19T10:05:45.093;92;4,9
2026-03-19T10:05:46.055;92;4,9
2026-03-19T10:05:47.013;92;4,9
2026-03-19T10:05:47.973;92;5,0
2026-03-19T10:05:49.414;92;4,9
2026-03-19T10:05:49.892;93;4,9
2026-03-19T10:05:50.852;93;4,9
2026-03-19T10:05:51.813;93;4,9
2026-03-19T10:05:52.777;92;4,9
2026-03-19T10:05:54.213;92;5,5
2026-03-19T10:05:55.173;91;4,6
2026-03-19T10:05:56.133;91;4,6
2026-03-19T10:05:57.093;90;4,5
2026-03-19T10:05:58.052;90;3,8
2026-03-19T10:05:59.013;90;3,8
2026-03-19T10:05:59.973;90;3,7
2026-03-19T10:06:01.414;90;3,7
2026-03-19T10:06:01.892;90;4,1
2026-03-19T10:06:02.848;91;5,1
2026-03-19T10:06:03.815;91;5,1
2026-03-19T10:06:04.775;92;5,1
2026-03-19T10:06:06.214;92;5,1
2026-03-19T10:06:07.174;92;5,5
2026-03-19T10:06:08.131;91;7,2
2026-03-19T10:06:09.094;88;10,4
2026-03-19T10:06:10.053;87;10,5
2026-03-19T10:06:11.013;86;10,5
2026-03-19T10:06:11.973;86;11,7
2026-03-19T10:06:12.933;85;11,8
2026-03-19T10:06:13.894;86;12,1
2026-03-19T10:06:15.334;86;12,0
2026-03-19T10:06:15.814;87;12,0
2026-03-19T10:06:16.773;87;11,9
2026-03-19T10:06:18.693;87;11,9
2026-03-19T10:06:19.172;88;12,0
2026-03-19T10:06:20.133;88;12,0
2026-03-19T10:06:21.574;88;12,0
2026-03-19T10:06:23.494;88;11,9
2026-03-19T10:06:23.496;88;11,5
2026-03-19T10:06:24.454;89;11,6
2026-03-19T10:06:24.922;90;11,6
2026-03-19T10:06:25.879;90;11,7
2026-03-19T10:06:26.851;90;11,4
2026-03-19T10:06:27.812;90;10,5
2026-03-19T10:06:28.768;88;9,8
2026-03-19T10:06:30.201;88;9,7
2026-03-19T10:06:31.650;87;9,8
2026-03-19T10:06:32.123;85;9,7
2026-03-19T10:06:33.093;84;9,5
2026-03-19T10:06:34.053;84;9,5
2026-03-19T10:06:35.016;83;9,3
2026-03-19T10:06:35.960;83;9,4
2026-03-19T10:06:36.920;84;10,1
2026-03-19T10:06:37.882;84;10,3
2026-03-19T10:06:40.277;85;10,2
2026-03-19T10:06:40.279;85;10,6
2026-03-19T10:06:40.755;84;10,7
2026-03-19T10:06:42.694;84;10,8
2026-03-19T10:06:43.651;84;10,8
2026-03-19T10:06:44.124;84;10,6
2026-03-19T10:06:45.075;84;10,6
2026-03-19T10:06:46.533;84;10,9
2026-03-19T10:06:47.014;84;10,8
2026-03-19T10:06:47.974;85;10,8
2026-03-19T10:06:48.934;85;10,7
2026-03-19T10:06:50.361;84;9,0
2026-03-19T10:06:50.838;84;9,2
2026-03-19T10:06:51.813;83;9,1
2026-03-19T10:06:52.776;82;9,6
2026-03-19T10:06:54.212;81;9,6
2026-03-19T10:06:55.170;81;9,6
2026-03-19T10:06:56.135;80;9,6
2026-03-19T10:06:57.095;81;10,1
2026-03-19T10:06:59.013;81;10,0
2026-03-19T10:06:59.015;81;9,9
2026-03-19T10:06:59.974;81;10,3
2026-03-19T10:07:01.893;81;11,4
2026-03-19T10:07:01.896;79;12,1
2026-03-19T10:07:02.851;79;12,1
2026-03-19T10:07:03.813;79;16,7
2026-03-19T10:07:04.776;80;17,4
2026-03-19T10:07:06.214;81;18,1
2026-03-19T10:07:07.175;83;18,0
2026-03-19T10:07:08.133;83;18,0
2026-03-19T10:07:09.094;84;18,0
2026-03-19T10:07:10.052;84;18,3
2026-03-19T10:07:11.014;85;18,1
2026-03-19T10:07:11.973;85;18,0
2026-03-19T10:07:12.933;85;18,0
2026-03-19T10:07:14.853;85;17,3
2026-03-19T10:07:14.855;85;17,3
2026-03-19T10:07:15.814;86;17,3
2026-03-19T10:07:16.774;86;17,0
2026-03-19T10:07:18.215;86;16,4
2026-03-19T10:07:19.173;86;16,5
2026-03-19T10:07:20.132;86;16,7
2026-03-19T10:07:21.094;85;15,6
2026-03-19T10:07:22.054;85;14,6
2026-03-19T10:07:23.014;85;14,6
2026-03-19T10:07:23.974;85;9,0
2026-03-19T10:07:24.933;85;9,0
2026-03-19T10:07:25.892;85;7,6
2026-03-19T10:07:26.852;84;9,5
2026-03-19T10:07:27.813;83;11,0
2026-03-19T10:07:28.774;82;11,0
2026-03-19T10:07:30.213;80;11,1
2026-03-19T10:07:31.174;80;10,7
2026-03-19T10:07:32.134;80;10,7
2026-03-19T10:07:33.094;80;10,7
2026-03-19T10:07:34.054;79;10,6
2026-03-19T10:07:35.014;78;11,8
2026-03-19T10:07:35.973;77;12,0
2026-03-19T10:07:36.933;77;12,0
2026-03-19T10:07:38.375;76;12,6
2026-03-19T10:07:39.332;76;14,5
2026-03-19T10:07:39.814;77;14,5
2026-03-19T10:07:40.772;78;15,1
2026-03-19T10:07:42.214;78;14,9
2026-03-19T10:07:43.173;79;14,9
2026-03-19T10:07:44.135;79;14,9
2026-03-19T10:07:45.093;80;14,9
2026-03-19T10:07:46.055;81;15,1
2026-03-19T10:07:47.494;81;15,1
2026-03-19T10:07:47.972;82;15,1
2026-03-19T10:07:49.894;82;14,7
2026-03-19T10:07:49.897;81;16,6
2026-03-19T10:07:50.854;80;16,6
2026-03-19T10:07:51.814;79;16,6
2026-03-19T10:07:52.775;80;18,5
2026-03-19T10:07:54.215;80;18,5
2026-03-19T10:07:55.174;81;18,5
2026-03-19T10:07:56.133;81;18,5
2026-03-19T10:07:57.091;82;17,6
2026-03-19T10:07:58.055;82;17,6
2026-03-19T10:07:59.974;82;17,5
2026-03-19T10:07:59.977;82;15,7
2026-03-19T10:08:00.934;82;15,7
2026-03-19T10:08:01.895;82;15,2
2026-03-19T10:08:02.853;82;15,0
2026-03-19T10:08:03.813;81;15,9
2026-03-19T10:08:04.773;81;15,9
2026-03-19T10:08:06.214;81;17,1
2026-03-19T10:08:07.170;81;17,1
2026-03-19T10:08:08.130;81;17,1
2026-03-19T10:08:09.095;81;17,1
2026-03-19T10:08:10.053;82;17,1
2026-03-19T10:08:11.974;82;16,6
2026-03-19T10:08:11.977;82;12,4
2026-03-19T10:08:12.933;82;12,5
2026-03-19T10:08:14.851;82;11,5
2026-03-19T10:08:14.852;82;9,7
2026-03-19T10:08:15.815;81;9,6
2026-03-19T10:08:16.774;81;9,9
2026-03-19T10:08:18.216;80;9,8
2026-03-19T10:08:19.652;80;10,5
2026-03-19T10:08:20.132;81;10,6
2026-03-19T10:08:21.574;81;10,8
2026-03-19T10:08:22.043;82;10,8
2026-03-19T10:08:23.014;82;10,8
2026-03-19T10:08:23.971;81;12,6
2026-03-19T10:08:24.933;81;12,6
2026-03-19T10:08:25.893;80;12,4
2026-03-19T10:08:26.852;80;12,4
2026-03-19T10:08:27.811;80;10,9
2026-03-19T10:08:29.254;79;10,7
2026-03-19T10:08:30.215;79;10,7
2026-03-19T10:08:31.174;79;10,8
2026-03-19T10:08:32.135;79;10,8
2026-03-19T10:08:33.095;79;11,4
2026-03-19T10:08:34.054;79;11,4
2026-03-19T10:08:35.013;79;11,3
2026-03-19T10:08:35.975;79;11,2
2026-03-19T10:08:36.934;79;11,1
2026-03-19T10:08:37.894;79;11,1
2026-03-19T10:08:39.815;79;11,3
2026-03-19T10:08:39.817;80;11,3
2026-03-19T10:08:41.253;80;10,7
2026-03-19T10:08:42.214;80;10,5
2026-03-19T10:08:43.174;80;10,3
2026-03-19T10:08:44.134;80;10,2
2026-03-19T10:08:45.095;80;10,2
2026-03-19T10:08:46.054;80;7,9
2026-03-19T10:08:47.014;80;6,6
2026-03-19T10:08:47.974;80;6,3
2026-03-19T10:08:48.934;81;6,3
2026-03-19T10:08:50.373;81;5,9
2026-03-19T10:08:50.851;81;5,8
2026-03-19T10:08:51.814;80;6,0
2026-03-19T10:08:52.778;80;6,1
2026-03-19T10:08:54.214;79;7,4
2026-03-19T10:08:55.652;78;9,0
2026-03-19T10:08:56.134;77;9,0
2026-03-19T10:08:57.093;77;10,0
2026-03-19T10:08:58.055;77;10,2
2026-03-19T10:08:59.013;77;10,6
2026-03-19T10:08:59.974;77;11,0
2026-03-19T10:09:00.934;78;10,7
2026-03-19T10:09:01.896;78;10,6
2026-03-19T10:09:02.852;78;10,5
2026-03-19T10:09:03.815;78;10,4
2026-03-19T10:09:05.256;78;10,5
2026-03-19T10:09:07.652;79;10,5
2026-03-19T10:09:07.653;79;10,7
2026-03-19T10:09:08.134;79;10,8
2026-03-19T10:09:09.096;80;10,8
2026-03-19T10:09:10.056;81;11,1
2026-03-19T10:09:11.493;81;11,2
2026-03-19T10:09:11.974;82;11,1
2026-03-19T10:09:13.894;83;11,1
2026-03-19T10:09:13.897;83;10,9
2026-03-19T10:09:14.852;83;10,0
2026-03-19T10:09:15.815;84;8,2
2026-03-19T10:09:17.239;85;8,2
2026-03-19T10:09:19.654;85;7,1
2026-03-19T10:09:20.135;86;6,5
2026-03-19T10:09:20.137;87;6,2
2026-03-19T10:09:21.096;87;5,5
2026-03-19T10:09:22.055;87;5,5
2026-03-19T10:09:23.015;88;6,3
2026-03-19T10:09:23.974;88;6,3
2026-03-19T10:09:26.376;89;6,2
2026-03-19T10:09:28.295;90;6,0
2026-03-19T10:09:28.297;90;5,8
2026-03-19T10:09:28.299;90;5,6
2026-03-19T10:09:28.774;91;5,2
2026-03-19T10:09:30.695;92;5,4
2026-03-19T10:09:32.135;93;5,7
2026-03-19T10:09:32.137;94;5,8
2026-03-19T10:09:33.096;95;5,9
2026-03-19T10:09:34.535;96;5,9
2026-03-19T10:09:35.015;97;5,1
2026-03-19T10:09:36.454;97;5,2
2026-03-19T10:09:37.895;97;5,2
2026-03-19T10:09:37.898;96;5,2
2026-03-19T10:09:39.816;96;5,4
2026-03-19T10:09:39.818;95;5,2
2026-03-19T10:09:40.774;95;5,2
2026-03-19T10:09:42.695;95;4,1
2026-03-19T10:09:43.175;94;4,2
2026-03-19T10:09:44.135;94;4,3
2026-03-19T10:09:45.575;95;4,4
2026-03-19T10:09:46.055;95;4,4
2026-03-19T10:09:47.016;96;4,3
2026-03-19T10:09:47.976;96;4,4
2026-03-19T10:09:49.894;97;4,1
2026-03-19T10:09:50.376;96;5,9
2026-03-19T10:09:50.852;95;5,8
2026-03-19T10:09:52.775;95;5,8
2026-03-19T10:09:53.240;95;6,1
2026-03-19T10:09:54.215;95;6,1
2026-03-19T10:09:55.177;96;6,1
2026-03-19T10:09:56.132;96;6,1
2026-03-19T10:09:57.095;96;7,1
2026-03-19T10:09:58.054;96;7,1
2026-03-19T10:09:59.013;95;7,3
2026-03-19T10:10:01.416;95;7,3
2026-03-19T10:10:01.418;95;7,3
2026-03-19T10:10:01.893;94;7,2
2026-03-19T10:10:02.853;94;7,2
2026-03-19T10:10:03.815;94;7,2
2026-03-19T10:10:04.773;94;7,2
2026-03-19T10:10:06.216;94;7,0
2026-03-19T10:10:07.176;95;6,9
2026-03-19T10:10:08.134;95;5,4
2026-03-19T10:10:09.096;96;5,5
2026-03-19T10:10:10.055;96;5,5
2026-03-19T10:10:11.016;95;5,3
2026-03-19T10:10:11.975;95;5,2
2026-03-19T10:10:12.935;95;5,4
2026-03-19T10:10:13.896;94;5,5
2026-03-19T10:10:14.852;94;5,1
2026-03-19T10:10:16.297;94;4,1
2026-03-19T10:10:16.776;94;3,9
2026-03-19T10:10:18.216;95;3,9
2026-03-19T10:10:19.175;96;4,3
2026-03-19T10:10:20.136;96;4,6
2026-03-19T10:10:21.094;97;4,6
2026-03-19T10:10:22.056;98;4,6
2026-03-19T10:10:23.015;98;4,6
2026-03-19T10:10:25.415;99;4,4
2026-03-19T10:10:25.894;98;4,3
2026-03-19T10:10:25.896;98;4,3
2026-03-19T10:10:26.853;98;4,2
2026-03-19T10:10:27.815;98;4,1
2026-03-19T10:10:29.256;99;4,0
2026-03-19T10:10:30.214;99;4,1
2026-03-19T10:10:31.175;99;3,6
2026-03-19T10:10:32.135;100;3,5
2026-03-19T10:10:33.098;100;3,4
2026-03-19T10:10:34.055;100;3,4
2026-03-19T10:10:35.016;99;3,5
2026-03-19T10:10:36.935;97;6,9
2026-03-19T10:10:36.938;95;6,7
2026-03-19T10:10:39.335;95;6,6
2026-03-19T10:10:39.338;94;6,6
2026-03-19T10:10:40.776;93;6,6
2026-03-19T10:10:40.779;92;6,6
2026-03-19T10:10:42.216;92;6,8
2026-03-19T10:10:43.653;92;6,8
2026-03-19T10:10:44.136;93;7,1
2026-03-19T10:10:45.093;94;7,3
2026-03-19T10:10:46.056;95;7,3
2026-03-19T10:10:47.496;95;7,4
2026-03-19T10:10:47.974;95;7,5
2026-03-19T10:10:48.936;95;7,8
2026-03-19T10:10:49.897;93;9,1
2026-03-19T10:10:51.335;92;9,1
2026-03-19T10:10:51.816;91;9,1
2026-03-19T10:10:52.776;91;9,1
2026-03-19T10:10:54.216;91;8,9
2026-03-19T10:10:55.175;90;6,6
2026-03-19T10:10:56.136;90;6,6
2026-03-19T10:10:57.097;90;6,4
2026-03-19T10:10:58.053;91;6,5
2026-03-19T10:10:59.496;91;6,5
2026-03-19T10:10:59.972;91;6,5
2026-03-19T10:11:00.936;91;6,4
2026-03-19T10:11:02.384;91;6,3
2026-03-19T10:11:02.854;91;6,0
2026-03-19T10:11:03.796;91;5,8
2026-03-19T10:11:04.757;91;5,9
2026-03-19T10:11:06.695;91;5,8
2026-03-19T10:11:08.136;91;5,6
2026-03-19T10:11:08.139;91;5,1
2026-03-19T10:11:09.098;91;2,3
2026-03-19T10:11:10.055;91;2,3
2026-03-19T10:11:11.000;92;3,0
2026-03-19T10:11:11.976;93;4,4
2026-03-19T10:11:12.936;94;4,3
2026-03-19T10:11:13.897;95;4,3
2026-03-19T10:11:14.853;95;4,7
2026-03-19T10:11:15.816;95;4,8
2026-03-19T10:11:16.773;92;8,8
2026-03-19T10:11:18.695;91;11,2
2026-03-19T10:11:19.174;88;11,2
2026-03-19T10:11:20.135;88;11,2
2026-03-19T10:11:21.577;87;11,7
2026-03-19T10:11:22.054;88;11,7
2026-03-19T10:11:23.015;88;12,1
2026-03-19T10:11:23.975;89;12,0
2026-03-19T10:11:25.897;89;12,1
2026-03-19T10:11:25.899;89;12,1
2026-03-19T10:11:26.854;90;12,2
2026-03-19T10:11:27.815;91;12,2
2026-03-19T10:11:28.777;91;12,2
2026-03-19T10:11:31.653;91;12,1
2026-03-19T10:11:31.654;91;12,1
2026-03-19T10:11:32.135;91;11,7
2026-03-19T10:11:33.097;91;11,8
2026-03-19T10:11:35.016;91;11,8
2026-03-19T10:11:35.019;91;11,7
2026-03-19T10:11:35.976;91;9,0
2026-03-19T10:11:37.415;92;5,8
2026-03-19T10:11:37.895;92;5,9
2026-03-19T10:11:38.853;93;5,9
2026-03-19T10:11:39.817;93;4,9
2026-03-19T10:11:40.776;94;4,9
2026-03-19T10:11:43.177;94;3,8
2026-03-19T10:11:43.179;94;3,8
2026-03-19T10:11:45.577;94;3,7
2026-03-19T10:11:46.535;93;3,6
2026-03-19T10:11:46.537;93;3,6
2026-03-19T10:11:47.014;92;3,6
2026-03-19T10:11:47.976;91;5,4
2026-03-19T10:11:49.895;90;5,4
2026-03-19T10:11:50.853;89;5,0
2026-03-19T10:11:50.854;89;5,0
2026-03-19T10:11:51.817;89;5,8
2026-03-19T10:11:54.217;90;6,7
2026-03-19T10:11:54.696;91;6,7
2026-03-19T10:11:55.175;92;6,7
2026-03-19T10:11:56.135;93;6,8
2026-03-19T10:11:58.056;94;6,7
2026-03-19T10:11:59.497;94;6,6
2026-03-19T10:11:59.499;93;8,9
2026-03-19T10:11:59.974;92;11,3
2026-03-19T10:12:00.919;90;11,4
2026-03-19T10:12:01.893;87;12,6
2026-03-19T10:12:02.851;86;12,6
2026-03-19T10:12:08.615;86;13,7
2026-03-19T10:12:09.575;86;13,8
2026-03-19T10:12:09.578;88;15,0
2026-03-19T10:12:10.055;88;14,7
2026-03-19T10:12:10.535;90;14,6
2026-03-19T10:12:10.537;91;14,7
2026-03-19T10:12:12.937;92;14,7
2026-03-19T10:12:12.939;92;14,9
2026-03-19T10:12:14.854;90;15,8
2026-03-19T10:12:14.855;90;15,9
2026-03-19T10:12:14.856;88;15,9
2026-03-19T10:12:14.856;88;16,0
2026-03-19T10:12:15.817;88;16,0
2026-03-19T10:12:16.778;88;16,1
2026-03-19T10:12:18.217;89;16,3
2026-03-19T10:12:19.176;89;15,1
2026-03-19T10:12:20.135;90;13,4
2026-03-19T10:12:21.096;90;12,3
2026-03-19T10:12:22.056;91;12,3
2026-03-19T10:12:23.017;90;13,5
2026-03-19T10:12:23.974;89;13,0
2026-03-19T10:12:24.936;87;13,7
2026-03-19T10:12:25.893;84;13,9
2026-03-19T10:12:26.855;83;13,9
2026-03-19T10:12:27.818;83;14,8
2026-03-19T10:12:29.256;83;15,8
2026-03-19T10:12:30.699;85;16,3
2026-03-19T10:12:31.174;85;15,9
2026-03-19T10:12:32.138;86;14,5
2026-03-19T10:12:33.085;86;14,4
2026-03-19T10:12:34.057;87;14,4
2026-03-19T10:12:35.016;88;14,2
2026-03-19T10:12:36.456;88;14,2
2026-03-19T10:12:36.934;89;14,1
2026-03-19T10:12:37.897;90;14,1
2026-03-19T10:12:38.854;90;14,1
2026-03-19T10:12:39.817;91;14,0
2026-03-19T10:12:41.256;91;14,0
2026-03-19T10:12:42.216;92;13,9
2026-03-19T10:12:43.176;92;12,9
2026-03-19T10:12:44.614;92;11,2
2026-03-19T10:12:45.577;92;9,3
2026-03-19T10:12:46.056;92;9,3
2026-03-19T10:12:47.017;93;7,6
2026-03-19T10:12:49.417;94;5,2
2026-03-19T10:12:49.897;94;3,4
2026-03-19T10:12:49.899;93;5,2
2026-03-19T10:12:52.297;93;5,3
2026-03-19T10:12:52.299;92;7,0
2026-03-19T10:12:52.776;91;7,0
2026-03-19T10:12:54.216;90;7,0
2026-03-19T10:12:55.177;90;7,0
2026-03-19T10:12:56.613;90;8,3
2026-03-19T10:12:57.091;91;8,2
2026-03-19T10:12:58.053;91;8,2
2026-03-19T10:12:59.017;91;8,2
2026-03-19T10:13:00.937;91;8,2
2026-03-19T10:13:00.940;91;8,5
2026-03-19T10:13:02.376;91;8,6
2026-03-19T10:13:02.854;90;8,7
2026-03-19T10:13:05.245;89;8,7
2026-03-19T10:13:05.247;89;8,8
2026-03-19T10:13:06.217;87;9,6
2026-03-19T10:13:07.176;87;9,5
2026-03-19T10:13:08.121;86;9,6
2026-03-19T10:13:09.083;85;10,3
2026-03-19T10:13:10.056;84;9,5
2026-03-19T10:13:11.016;83;9,5
2026-03-19T10:13:11.977;82;8,4
2026-03-19T10:13:12.936;82;8,4
2026-03-19T10:13:15.336;81;8,3
2026-03-19T10:13:15.338;81;8,4
2026-03-19T10:13:16.297;80;8,5
2026-03-19T10:13:16.777;80;7,3
2026-03-19T10:13:18.217;80;7,2
2026-03-19T10:13:19.640;80;7,4
2026-03-19T10:13:20.617;79;7,4
2026-03-19T10:13:21.096;78;8,6
2026-03-19T10:13:22.538;78;8,7
2026-03-19T10:13:23.018;77;8,6
2026-03-19T10:13:23.977;76;8,4
2026-03-19T10:13:25.897;76;8,3
2026-03-19T10:13:26.856;76;8,3
2026-03-19T10:13:27.335;77;10,9
2026-03-19T10:13:27.814;77;10,7
2026-03-19T10:13:28.776;77;10,1
2026-03-19T10:13:30.216;78;10,1
2026-03-19T10:13:31.178;78;10,1
2026-03-19T10:13:32.136;78;9,5
2026-03-19T10:13:33.097;77;9,4
2026-03-19T10:13:34.055;77;9,3
2026-03-19T10:13:35.016;78;9,3
2026-03-19T10:13:36.457;78;9,3
2026-03-19T10:13:36.938;78;9,6
2026-03-19T10:13:37.894;78;9,5
2026-03-19T10:13:39.818;78;9,4
2026-03-19T10:13:39.821;78;9,6
2026-03-19T10:13:40.777;78;9,4
2026-03-19T10:13:42.696;78;9,4
2026-03-19T10:13:43.175;79;9,2
2026-03-19T10:13:44.137;79;9,3
2026-03-19T10:13:45.096;80;9,2
2026-03-19T10:13:46.057;80;9,2
2026-03-19T10:13:47.498;81;9,2
2026-03-19T10:13:47.963;81;6,1
2026-03-19T10:13:50.360;82;5,7
2026-03-19T10:13:50.361;82;5,7
2026-03-19T10:13:50.854;82;5,8
2026-03-19T10:13:51.815;82;6,2
2026-03-19T10:13:53.736;82;7,1
2026-03-19T10:13:54.700;81;7,7
2026-03-19T10:13:55.176;81;7,7
2026-03-19T10:13:56.616;81;7,7
2026-03-19T10:13:57.096;81;7,7
2026-03-19T10:13:58.057;80;7,4
2026-03-19T10:13:59.498;80;7,4
2026-03-19T10:13:59.976;80;7,5
2026-03-19T10:14:01.898;80;7,4
2026-03-19T10:14:01.900;80;7,4
2026-03-19T10:14:02.854;80;8,7
2026-03-19T10:14:04.297;80;8,6
2026-03-19T10:14:04.777;80;7,8
2026-03-19T10:14:06.218;81;8,2
2026-03-19T10:14:09.577;81;8,2
2026-03-19T10:14:09.579;81;8,1
2026-03-19T10:14:09.581;81;8,3
2026-03-19T10:14:13.415;81;8,6
2026-03-19T10:14:13.417;81;8,9
2026-03-19T10:14:13.419;81;8,9
2026-03-19T10:14:13.420;81;8,9
2026-03-19T10:14:14.854;80;8,6
2026-03-19T10:14:14.855;80;7,3
2026-03-19T10:14:15.815;80;7,3
2026-03-19T10:14:16.777;81;7,4
2026-03-19T10:14:18.216;81;7,5
2026-03-19T10:14:20.136;81;7,4
2026-03-19T10:14:20.139;81;7,4
2026-03-19T10:14:21.577;81;7,3
2026-03-19T10:14:22.537;81;7,3
2026-03-19T10:14:24.458;81;7,2
2026-03-19T10:14:24.460;81;6,9
2026-03-19T10:14:24.936;81;5,6
2026-03-19T10:14:25.885;81;5,6
2026-03-19T10:14:26.842;81;5,2
2026-03-19T10:14:27.818;81;4,7
2026-03-19T10:14:28.776;80;4,8
2026-03-19T10:14:30.203;80;5,4
2026-03-19T10:14:31.654;80;5,2
2026-03-19T10:14:33.578;79;4,7
2026-03-19T10:14:33.580;79;4,4
2026-03-19T10:14:34.055;80;4,6
2026-03-19T10:14:35.019;80;6,0
2026-03-19T10:14:35.974;81;6,0
2026-03-19T10:14:37.418;82;7,8
2026-03-19T10:14:37.897;83;8,0
2026-03-19T10:14:38.856;85;8,5
2026-03-19T10:14:39.818;87;8,5
2026-03-19T10:14:40.779;88;8,5
2026-03-19T10:14:42.698;89;8,4
2026-03-19T10:14:43.176;90;8,4
2026-03-19T10:14:45.578;90;8,8
2026-03-19T10:14:45.580;90;8,8
2026-03-19T10:14:46.057;90;8,8
2026-03-19T10:14:47.018;90;8,7
2026-03-19T10:14:47.978;89;8,8
2026-03-19T10:14:49.418;89;8,5
2026-03-19T10:14:50.377;88;8,5
2026-03-19T10:14:50.855;88;8,5
2026-03-19T10:14:52.780;88;8,5
2026-03-19T10:14:52.783;88;8,6
2026-03-19T10:14:54.218;88;8,5
2026-03-19T10:14:55.655;89;7,9
2026-03-19T10:14:56.136;89;6,9
2026-03-19T10:14:57.098;88;8,1
2026-03-19T10:14:58.537;87;10,5
2026-03-19T10:14:59.497;85;12,2
2026-03-19T10:15:00.458;83;14,2
2026-03-19T10:15:00.938;80;15,6
2026-03-19T10:15:01.897;79;15,6
2026-03-19T10:15:02.855;79;16,1
2026-03-19T10:15:03.816;78;16,4
2026-03-19T10:15:05.738;78;16,4
2026-03-19T10:15:06.216;77;16,2
2026-03-19T10:15:07.178;76;16,2
2026-03-19T10:15:08.137;75;19,5
2026-03-19T10:15:09.577;74;19,5
2026-03-19T10:15:10.057;74;19,5
2026-03-19T10:15:11.017;73;19,4
2026-03-19T10:15:12.457;73;19,4
2026-03-19T10:15:12.935;73;19,8
2026-03-19T10:15:15.338;73;19,8
2026-03-19T10:15:15.818;71;22,0
2026-03-19T10:15:15.820;71;22,0
2026-03-19T10:15:16.778;70;22,0
2026-03-19T10:15:18.698;70;21,9
2026-03-19T10:15:19.656;70;21,8
2026-03-19T10:15:20.137;70;22,1
2026-03-19T10:15:21.577;70;23,3
2026-03-19T10:15:22.537;70;22,8
2026-03-19T10:15:23.017;70;21,7
2026-03-19T10:15:23.976;70;20,6
2026-03-19T10:15:24.938;71;19,2
2026-03-19T10:15:26.378;70;18,0
2026-03-19T10:15:28.298;70;18,0
2026-03-19T10:15:28.300;70;17,6
2026-03-19T10:15:28.778;72;20,4
2026-03-19T10:15:30.217;73;21,1
2026-03-19T10:15:31.178;75;21,9
2026-03-19T10:15:33.097;77;19,2
2026-03-19T10:15:33.578;79;19,2
2026-03-19T10:15:34.057;80;19,2
2026-03-19T10:15:35.018;82;18,8
2026-03-19T10:15:35.977;83;18,8
2026-03-19T10:15:36.938;84;16,1
2026-03-19T10:15:37.898;85;16,2
2026-03-19T10:15:39.817;85;16,2
2026-03-19T10:15:39.819;85;16,8
2026-03-19T10:15:40.779;85;16,5
2026-03-19T10:15:42.218;84;14,8
2026-03-19T10:15:43.178;84;14,8
2026-03-19T10:15:44.138;84;14,8
2026-03-19T10:15:45.579;84;14,8
2026-03-19T10:15:46.056;84;14,8
2026-03-19T10:15:47.019;84;14,9
2026-03-19T10:15:47.978;84;14,9
2026-03-19T10:15:50.378;84;13,1
2026-03-19T10:15:50.855;84;8,9
2026-03-19T10:15:51.338;85;7,7
2026-03-19T10:15:52.298;85;7,2
2026-03-19T10:15:52.778;86;7,2
2026-03-19T10:15:54.219;86;7,1
2026-03-19T10:15:55.655;86;7,2
2026-03-19T10:15:56.138;87;7,1
2026-03-19T10:15:57.086;87;7,1
2026-03-19T10:15:58.043;87;7,1
2026-03-19T10:15:59.000;87;7,1
2026-03-19T10:15:59.977;87;6,6
2026-03-19T10:16:00.939;88;5,2
2026-03-19T10:16:02.380;87;5,2
2026-03-19T10:16:03.339;86;6,6
2026-03-19T10:16:04.297;86;6,9
2026-03-19T10:16:04.776;85;7,3
2026-03-19T10:16:06.219;84;7,3
2026-03-19T10:16:07.177;84;7,2
2026-03-19T10:16:08.138;84;8,1
2026-03-19T10:16:10.058;84;8,3
2026-03-19T10:16:10.060;84;8,4
2026-03-19T10:16:11.498;85;7,5
2026-03-19T10:16:11.976;85;7,5
2026-03-19T10:16:12.938;85;7,5
2026-03-19T10:16:13.898;85;8,3
2026-03-19T10:16:14.853;84;8,7
2026-03-19T10:16:15.817;83;9,0
2026-03-19T10:16:18.699;83;8,9
2026-03-19T10:16:18.704;83;9,1
2026-03-19T10:16:19.656;83;9,4
2026-03-19T10:16:20.136;83;9,4
2026-03-19T10:16:21.099;84;10,3
2026-03-19T10:16:22.056;84;10,3
2026-03-19T10:16:23.016;84;9,7
2026-03-19T10:16:23.978;85;9,3
2026-03-19T10:16:24.938;85;8,7
2026-03-19T10:16:25.897;86;8,8
2026-03-19T10:16:26.856;87;9,1
2026-03-19T10:16:27.816;87;8,3
2026-03-19T10:16:28.778;88;8,1
2026-03-19T10:16:30.220;88;8,1
2026-03-19T10:16:31.178;88;8,5
2026-03-19T10:16:32.139;87;10,6
2026-03-19T10:16:33.098;85;18,7
2026-03-19T10:16:34.060;82;19,3
2026-03-19T10:16:35.498;81;19,0
2026-03-19T10:16:35.978;81;21,6
2026-03-19T10:16:36.939;81;22,1
2026-03-19T10:16:38.855;81;22,1
2026-03-19T10:16:38.856;81;22,0
2026-03-19T10:16:39.818;81;22,1
2026-03-19T10:16:40.778;81;22,1
2026-03-19T10:16:42.221;79;23,6
2026-03-19T10:16:43.178;78;24,9
2026-03-19T10:16:44.138;77;24,9
2026-03-19T10:16:45.099;76;25,8
2026-03-19T10:16:46.058;76;27,6
2026-03-19T10:16:47.017;78;28,9
2026-03-19T10:16:47.978;79;29,1
2026-03-19T10:16:48.939;81;29,5
2026-03-19T10:16:49.895;82;29,5
2026-03-19T10:16:51.818;83;29,5
2026-03-19T10:16:51.820;84;29,8
2026-03-19T10:16:52.778;83;29,9
2026-03-19T10:16:54.218;83;29,8
2026-03-19T10:16:55.656;82;25,7
2026-03-19T10:16:56.139;81;25,7
2026-03-19T10:16:57.578;81;25,7
2026-03-19T10:16:58.060;81;23,8
2026-03-19T10:16:59.499;81;23,4
2026-03-19T10:16:59.978;82;23,4
2026-03-19T10:17:00.939;81;23,4
2026-03-19T10:17:01.900;80;24,5
2026-03-19T10:17:02.856;80;23,7
2026-03-19T10:17:04.777;79;23,1
2026-03-19T10:17:04.780;78;21,6
2026-03-19T10:17:07.656;78;23,1
2026-03-19T10:17:07.657;78;22,5
2026-03-19T10:17:08.137;79;20,2
2026-03-19T10:17:09.099;79;18,8
2026-03-19T10:17:10.059;78;18,3
2026-03-19T10:17:11.498;78;17,8
2026-03-19T10:17:12.939;78;17,7
2026-03-19T10:17:12.942;78;17,8
2026-03-19T10:17:14.857;78;17,9
2026-03-19T10:17:14.858;79;17,7
2026-03-19T10:17:15.818;80;16,6
2026-03-19T10:17:16.777;81;16,7
2026-03-19T10:17:18.219;84;17,1
2026-03-19T10:17:21.100;87;16,9
2026-03-19T10:17:21.102;88;17,1
2026-03-19T10:17:21.105;91;17,2
2026-03-19T10:17:22.540;94;15,3
2026-03-19T10:17:23.019;95;14,7
2026-03-19T10:17:23.979;98;14,7
2026-03-19T10:17:24.939;99;12,1
2026-03-19T10:17:25.899;100;11,5
2026-03-19T10:17:26.853;101;11,5
2026-03-19T10:17:27.819;102;10,9
2026-03-19T10:17:28.779;103;10,6
2026-03-19T10:17:30.219;104;10,6
2026-03-19T10:17:32.138;105;10,2
2026-03-19T10:17:32.141;105;9,1
2026-03-19T10:17:33.099;105;7,6
2026-03-19T10:17:34.059;104;8,5
2026-03-19T10:17:35.018;102;8,5
2026-03-19T10:17:35.979;96;13,0
2026-03-19T10:17:37.899;88;17,4
2026-03-19T10:17:37.902;87;17,3
2026-03-19T10:17:38.856;86;17,3
2026-03-19T10:17:39.818;84;17,2
2026-03-19T10:17:40.777;84;17,2
2026-03-19T10:17:42.221;84;17,6
2026-03-19T10:17:43.178;84;17,7
2026-03-19T10:17:44.139;86;19,1
2026-03-19T10:17:45.098;87;19,2
2026-03-19T10:17:46.540;88;19,1
2026-03-19T10:17:47.017;89;19,1
2026-03-19T10:17:47.979;89;19,1
2026-03-19T10:17:48.939;90;19,1
2026-03-19T10:17:50.378;90;19,1
2026-03-19T10:17:50.855;91;19,3
2026-03-19T10:17:52.298;91;19,3
2026-03-19T10:17:52.779;92;19,3
2026-03-19T10:17:54.219;92;18,8
2026-03-19T10:17:55.180;92;15,5
2026-03-19T10:17:56.139;92;9,3
2026-03-19T10:17:57.098;93;9,3
2026-03-19T10:17:59.021;94;9,4
2026-03-19T10:17:59.023;95;9,6
2026-03-19T10:17:59.965;96;9,3
2026-03-19T10:18:00.926;96;8,7
2026-03-19T10:18:02.379;96;6,2
2026-03-19T10:18:02.857;96;5,1
2026-03-19T10:18:03.818;95;5,2
2026-03-19T10:18:04.781;95;5,2
2026-03-19T10:18:06.218;95;5,1
2026-03-19T10:18:07.181;95;5,3
2026-03-19T10:18:08.139;95;5,3
2026-03-19T10:18:09.566;95;4,9
2026-03-19T10:18:10.044;96;5,2
2026-03-19T10:18:11.019;98;5,3
2026-03-19T10:18:11.963;98;5,3
2026-03-19T10:18:13.420;99;5,3
2026-03-19T10:18:13.898;98;6,0
2026-03-19T10:18:14.856;97;5,8
2026-03-19T10:18:15.819;97;5,5
2026-03-19T10:18:16.779;97;5,2
2026-03-19T10:18:18.220;97;5,2
2026-03-19T10:18:19.179;97;5,1
2026-03-19T10:18:20.140;97;5,2
2026-03-19T10:18:21.099;94;8,4
2026-03-19T10:18:22.060;93;8,2
2026-03-19T10:18:23.018;87;13,5
2026-03-19T10:18:23.979;84;17,6
2026-03-19T10:18:24.938;83;17,6
2026-03-19T10:18:25.898;82;18,2
2026-03-19T10:18:26.858;82;19,5
2026-03-19T10:18:27.818;84;20,2
2026-03-19T10:18:29.736;84;20,3
2026-03-19T10:18:30.218;85;20,3
2026-03-19T10:18:31.181;87;20,3
2026-03-19T10:18:32.139;86;20,3
2026-03-19T10:18:33.099;86;22,1
2026-03-19T10:18:34.060;84;23,2
2026-03-19T10:18:35.018;83;23,2
2026-03-19T10:18:35.979;83;23,3
2026-03-19T10:18:36.940;82;23,4
2026-03-19T10:18:37.895;83;23,8
2026-03-19T10:18:38.857;84;24,4
2026-03-19T10:18:40.298;84;24,6
2026-03-19T10:18:40.777;86;24,2
2026-03-19T10:18:42.698;86;23,7
2026-03-19T10:18:43.178;87;23,7
2026-03-19T10:18:45.100;86;18,0
2026-03-19T10:18:45.102;86;19,2
2026-03-19T10:18:46.060;84;19,0
2026-03-19T10:18:47.018;84;18,9
2026-03-19T10:18:47.980;83;17,7
2026-03-19T10:18:48.938;83;17,1
2026-03-19T10:18:49.899;84;17,0
2026-03-19T10:18:50.857;85;17,8
2026-03-19T10:18:51.820;86;17,8
2026-03-19T10:18:53.260;87;15,6
2026-03-19T10:18:54.218;88;13,6
2026-03-19T10:18:55.180;88;13,6
2026-03-19T10:18:56.140;88;13,5
2026-03-19T10:18:57.100;88;13,3
2026-03-19T10:18:59.020;89;11,8
2026-03-19T10:18:59.022;89;12,1
2026-03-19T10:18:59.980;90;11,7
2026-03-19T10:19:00.939;91;12,1
2026-03-19T10:19:01.899;93;12,1
2026-03-19T10:19:02.858;95;11,9
2026-03-19T10:19:03.816;95;9,7
2026-03-19T10:19:05.260;96;9,1
2026-03-19T10:19:06.220;97;8,9
2026-03-19T10:19:07.178;97;8,8
2026-03-19T10:19:08.618;97;8,1
2026-03-19T10:19:09.099;97;6,0
2026-03-19T10:19:10.060;98;5,9
2026-03-19T10:19:11.022;98;6,0
2026-03-19T10:19:11.979;99;5,8
2026-03-19T10:19:12.940;99;5,7
2026-03-19T10:19:13.900;100;5,7
2026-03-19T10:19:14.855;100;5,4
2026-03-19T10:19:16.780;100;5,1
2026-03-19T10:19:16.782;100;4,5
2026-03-19T10:19:18.221;100;2,7
2026-03-19T10:19:19.178;100;2,8
2026-03-19T10:19:20.140;99;2,7
2026-03-19T10:19:21.101;99;2,5
2026-03-19T10:19:22.059;99;2,5
2026-03-19T10:19:23.980;99;2,5
2026-03-19T10:19:24.458;100;2,8
2026-03-19T10:19:25.419;100;2,8
2026-03-19T10:19:25.904;101;2,9
2026-03-19T10:19:26.858;102;2,8
2026-03-19T10:19:27.817;102;2,7
2026-03-19T10:19:28.779;102;2,7
2026-03-19T10:19:30.220;102;2,7
2026-03-19T10:19:31.180;102;2,4
2026-03-19T10:19:32.140;102;2,4
2026-03-19T10:19:33.101;102;2,4
2026-03-19T10:19:34.060;102;2,2
2026-03-19T10:19:35.493;103;2,2
2026-03-19T10:19:36.459;103;2,2
2026-03-19T10:19:36.939;104;2,3
2026-03-19T10:19:37.904;105;2,3
2026-03-19T10:19:38.857;105;2,3
2026-03-19T10:19:39.818;106;2,3
2026-03-19T10:19:40.766;106;1,9
2026-03-19T10:19:42.219;106;1,9
2026-03-19T10:19:43.179;105;1,8
2026-03-19T10:19:44.141;105;1,8
2026-03-19T10:19:45.102;106;1,9
2026-03-19T10:19:46.060;106;1,8
2026-03-19T10:19:47.500;106;1,8
2026-03-19T10:19:47.978;106;1,8
2026-03-19T10:19:49.902;106;1,8
2026-03-19T10:19:50.378;106;1,7
2026-03-19T10:19:51.821;106;1,7
2026-03-19T10:19:51.823;106;1,7
2026-03-19T10:19:53.251;105;2,0
2026-03-19T10:19:54.206;104;2,0
2026-03-19T10:19:55.163;104;2,2
2026-03-19T10:19:56.124;102;3,0
2026-03-19T10:19:57.564;101;3,6
2026-03-19T10:19:58.042;99;3,9
2026-03-19T10:20:00.443;98;3,9
2026-03-19T10:20:00.445;98;3,9
2026-03-19T10:20:00.922;98;5,0
2026-03-19T10:20:01.881;99;5,0
2026-03-19T10:20:03.323;99;5,0
2026-03-19T10:20:03.802;98;5,1
2026-03-19T10:20:06.701;98;5,1
2026-03-19T10:20:06.704;97;5,2
2026-03-19T10:20:07.180;97;5,2
2026-03-19T10:20:08.139;97;5,2
2026-03-19T10:20:09.101;96;5,2
2026-03-19T10:20:11.487;96;5,8
2026-03-19T10:20:11.489;94;7,4
2026-03-19T10:20:11.978;93;8,1
2026-03-19T10:20:12.941;86;16,6
2026-03-19T10:20:13.900;84;16,6
2026-03-19T10:20:15.341;83;16,5
2026-03-19T10:20:15.820;83;17,5
2026-03-19T10:20:16.780;83;17,7
2026-03-19T10:20:18.221;83;17,7
2026-03-19T10:20:19.657;83;17,7
2026-03-19T10:20:20.139;83;17,7
2026-03-19T10:20:21.100;83;17,5
2026-03-19T10:20:22.541;82;17,7
2026-03-19T10:20:23.020;82;17,9
2026-03-19T10:20:24.942;81;17,8
2026-03-19T10:20:24.944;81;17,9
2026-03-19T10:20:25.900;81;17,9
2026-03-19T10:20:27.341;82;18,9
2026-03-19T10:20:28.300;83;19,0
2026-03-19T10:20:29.261;84;19,0
2026-03-19T10:20:30.204;84;19,0
2026-03-19T10:20:32.140;84;19,5
2026-03-19T10:20:32.619;83;19,7
2026-03-19T10:20:33.098;83;21,2
2026-03-19T10:20:36.941;81;20,9
2026-03-19T10:20:36.944;80;16,4
2026-03-19T10:20:37.417;80;18,2
2026-03-19T10:20:38.381;81;21,8
2026-03-19T10:20:38.384;85;21,5
2026-03-19T10:20:39.340;87;21,5
2026-03-19T10:20:39.819;89;21,7
2026-03-19T10:20:41.741;92;21,8
2026-03-19T10:20:42.218;92
2026-03-19T10:20:43.658;94;21,6
2026-03-19T10:20:44.138;96;21,5
2026-03-19T10:20:45.100;97;21,5
2026-03-19T10:20:46.542;99;21,4
2026-03-19T10:20:47.020;100;20,6
2026-03-19T10:20:49.417;100;20,4
2026-03-19T10:20:49.899;101;20,4
2026-03-19T10:20:50.857;102;19,9
2026-03-19T10:20:50.859;103;17,4
2026-03-19T10:20:51.820;103;17,4
2026-03-19T10:20:52.780;104;16,2
2026-03-19T10:20:54.221;105;11,6
2026-03-19T10:20:55.658;106;4,2
2026-03-19T10:20:56.142;107;4,2
2026-03-19T10:20:57.100;107;3,8
2026-03-19T10:20:58.060;108;3,0
2026-03-19T10:20:59.500;107;2,8
2026-03-19T10:21:00.461;107;3,1
2026-03-19T10:21:01.900;107;3,1
2026-03-19T10:21:01.904;106;2,9
2026-03-19T10:21:02.858;106;2,8
2026-03-19T10:21:03.820;105;2,8
2026-03-19T10:21:05.261;106;2,8
2026-03-19T10:21:06.220;106
2026-03-19T10:21:07.658;106;3,0
2026-03-19T10:21:08.138;107;3,0
2026-03-19T10:21:09.581;108;2,9
2026-03-19T10:21:10.060;108;2,9
2026-03-19T10:21:11.020;108;2,9
2026-03-19T10:21:11.981;108;2,7
2026-03-19T10:21:12.941;109;2,7
2026-03-19T10:21:15.342;109;2,5
2026-03-19T10:21:15.346;109;2,5
2026-03-19T10:21:16.780;109;2,3
2026-03-19T10:21:16.783;110;1,9
2026-03-19T10:21:18.701;110;1,9
2026-03-19T10:21:19.179;110;1,9
2026-03-19T10:21:20.141;110;2,0
2026-03-19T10:21:21.101;111;2,0
2026-03-19T10:21:22.061;111;2,1
2026-03-19T10:21:23.501;112;1,7
2026-03-19T10:21:24.940;112;1,5
2026-03-19T10:21:24.943;111;2,0
2026-03-19T10:21:26.858;110;2,3
2026-03-19T10:21:26.859;110;2,2
2026-03-19T10:21:28.781;109;2,2
2026-03-19T10:21:28.784;109;2,1
2026-03-19T10:21:30.700;109;2,2
2026-03-19T10:21:31.658;110;2,3
2026-03-19T10:21:32.140;110;2,6
2026-03-19T10:21:33.102;111;2,5
2026-03-19T10:21:35.021;112;2,6
2026-03-19T10:21:35.024;112;2,6
2026-03-19T10:21:36.461;112;2,6
2026-03-19T10:21:36.941;111;2,5
2026-03-19T10:21:37.899;111;2,5
2026-03-19T10:21:39.824;111;2,5
2026-03-19T10:21:39.828;111;2,4
2026-03-19T10:21:40.780;112;2,3
2026-03-19T10:21:42.705;112;2,2
2026-03-19T10:21:43.658;113;2,6
2026-03-19T10:21:44.141;113;2,6
2026-03-19T10:21:45.102;114;2,8
2026-03-19T10:21:46.060;115;2,7
2026-03-19T10:21:47.005;116;2,6
2026-03-19T10:21:47.980;117;2,6
2026-03-19T10:21:48.936;118;2,8
2026-03-19T10:21:50.364;119;2,8
2026-03-19T10:21:50.843;119;2,7
2026-03-19T10:21:51.821;120;2,7
2026-03-19T10:21:53.263;120;2,7
2026-03-19T10:21:54.221;120;2,6
2026-03-19T10:21:55.659;121;2,6
2026-03-19T10:21:56.141;121;2,6
2026-03-19T10:21:57.582;122;2,7
2026-03-19T10:21:58.061;122;2,3
2026-03-19T10:21:59.982;122;2,4
2026-03-19T10:22:00.461;122;2,1
2026-03-19T10:22:00.940;123;2,0
2026-03-19T10:22:02.366;123;1,9
2026-03-19T10:22:02.858;123;1,9
2026-03-19T10:22:03.818;124;1,6
2026-03-19T10:22:04.780;123;1,6
2026-03-19T10:22:06.689;124;1,6
2026-03-19T10:22:08.142;124;1,8
2026-03-19T10:22:08.145;124;1,8
2026-03-19T10:22:09.101;124;1,8
2026-03-19T10:22:10.062;124;1,7
2026-03-19T10:22:11.023;123;1,6
2026-03-19T10:22:12.462;123;1,6
2026-03-19T10:22:12.941;123;1,4
2026-03-19T10:22:13.901;123;1,4
2026-03-19T10:22:14.859;123;1,5
2026-03-19T10:22:15.821;124;1,5
2026-03-19T10:22:16.782;124;1,5
2026-03-19T10:22:18.222;124;1,6
2026-03-19T10:22:20.618;125;1,6
2026-03-19T10:22:20.620;125;1,5
2026-03-19T10:22:21.100;125;1,3
2026-03-19T10:22:22.062;124;1,3
2026-03-19T10:22:23.501;124;1,1
2026-03-19T10:22:23.980;124;1,1
2026-03-19T10:22:24.942;124;1,1
2026-03-19T10:22:26.381;124;1,1
2026-03-19T10:22:26.859;124;1,2
2026-03-19T10:22:27.821;123;1,2
2026-03-19T10:22:29.261;123;1,0
2026-03-19T10:22:30.221;123;1,0
2026-03-19T10:22:31.658;123;1,1
2026-03-19T10:22:32.142;122;0,9
2026-03-19T10:22:33.581;122;0,9
2026-03-19T10:22:34.541;122;1,2
2026-03-19T10:22:35.021;121;1,9
2026-03-19T10:22:36.462;120;2,0
2026-03-19T10:22:36.941;119;2,1
2026-03-19T10:22:38.384;117;2,1
2026-03-19T10:22:38.848;117;2,1
2026-03-19T10:22:40.768;117;2,1
2026-03-19T10:22:40.771;116;2,1
2026-03-19T10:22:42.701;116;2,1
2026-03-19T10:22:43.181;116;2,1
2026-03-19T10:22:44.142;116;2,1
2026-03-19T10:22:46.061;116;2,1
2026-03-19T10:22:46.065;116;2,1
2026-03-19T10:22:48.462;116;2,2
2026-03-19T10:22:48.465;115;2,3
2026-03-19T10:22:48.940;114;2,4
2026-03-19T10:22:49.895;114;2,3
2026-03-19T10:22:51.341;114;2,3
2026-03-19T10:22:52.302;113;2,1
2026-03-19T10:22:52.781;113;2,1
2026-03-19T10:22:54.705;114;2,5
2026-03-19T10:22:55.178;114;2,5
2026-03-19T10:22:56.138;115;2,5
2026-03-19T10:22:57.098;115;2,7
2026-03-19T10:22:58.058;116;3,0
2026-03-19T10:22:59.017;116;3,0
2026-03-19T10:22:59.982;116;3,0
2026-03-19T10:23:00.943;116;3,0
2026-03-19T10:23:01.898;116;2,9
2026-03-19T10:23:03.823;117;2,8
2026-03-19T10:23:03.825;117;2,7
2026-03-19T10:23:05.262;117;2,4
2026-03-19T10:23:06.221;117;2,4
2026-03-19T10:23:07.660;118;2,4
2026-03-19T10:23:08.137;118;2,1
2026-03-19T10:23:09.103;118;2,2
2026-03-19T10:23:10.061;119;2,2
2026-03-19T10:23:11.022;119;2,2
2026-03-19T10:23:11.982;119;1,8
2026-03-19T10:23:12.942;120;1,6
2026-03-19T10:23:13.902;120;1,6
2026-03-19T10:23:15.344;120;1,6
2026-03-19T10:23:16.781;120;1,5
2026-03-19T10:23:16.784;120;1,6
2026-03-19T10:23:18.223;120;1,6
2026-03-19T10:23:19.182;120;1,5
2026-03-19T10:23:20.142;120;1,4
2026-03-19T10:23:21.102;121;1,4
2026-03-19T10:23:23.982;121;1,5
2026-03-19T10:23:23.984;121;1,5
2026-03-19T10:23:23.986;120;2,0
2026-03-19T10:23:25.422;118;2,3
2026-03-19T10:23:26.859;117;2,6
2026-03-19T10:23:27.344;116;2,8
2026-03-19T10:23:27.823;115;2,9
2026-03-19T10:23:31.660;115;3,1
2026-03-19T10:23:31.662;115;3,1
2026-03-19T10:23:31.663;115;3,2
2026-03-19T10:23:32.140;115;3,2
2026-03-19T10:23:33.101;115;3,2
2026-03-19T10:23:34.062;115;3,5
2026-03-19T10:23:36.464;114;3,5
2026-03-19T10:23:36.467;113;3,5
2026-03-19T10:23:36.941;112;3,6
2026-03-19T10:23:37.902;112;3,6
2026-03-19T10:23:40.303;112;3,6
2026-03-19T10:23:40.307;112;3,5
2026-03-19T10:23:40.778;113;3,3
2026-03-19T10:23:42.223;112;3,4
2026-03-19T10:23:43.183;112;3,6
2026-03-19T10:23:44.143;112;3,4
2026-03-19T10:23:45.103;112;3,4
2026-03-19T10:23:46.062;111;3,5
2026-03-19T10:23:47.024;112;3,4
2026-03-19T10:23:47.982;112;3,4
2026-03-19T10:23:49.404;112;3,4
2026-03-19T10:23:49.887;112;3,5
2026-03-19T10:23:50.843;113;3,4
2026-03-19T10:23:52.290;113;3,3
2026-03-19T10:23:52.782;113;3,3
2026-03-19T10:23:54.223;114;3,3
2026-03-19T10:23:56.126;114;3,1
2026-03-19T10:23:56.603;114;3,3
2026-03-19T10:23:57.084;114;3,2
2026-03-19T10:23:58.062;115;2,7
2026-03-19T10:23:59.022;115;2,7
2026-03-19T10:24:00.462;116;2,6
2026-03-19T10:24:00.943;116;2,5
2026-03-19T10:24:02.860;116;2,7
2026-03-19T10:24:02.862;115;2,7
2026-03-19T10:24:04.303;115;2,7
2026-03-19T10:24:04.782;114;2,9
2026-03-19T10:24:06.222;114;2,9
2026-03-19T10:24:07.182;113;2,9
2026-03-19T10:24:08.144;113;3,0
2026-03-19T10:24:09.103;113;3,0
2026-03-19T10:24:10.061;114;2,9
2026-03-19T10:24:11.022;114;2,6
2026-03-19T10:24:11.982;113;2,7
2026-03-19T10:24:12.943;113;2,7
2026-03-19T10:24:13.900;112;2,7
2026-03-19T10:24:15.343;112;2,7
2026-03-19T10:24:15.822;112;2,7
2026-03-19T10:24:17.262;112;2,7
2026-03-19T10:24:18.224;111;2,6
2026-03-19T10:24:19.182;111;2,7
2026-03-19T10:24:20.139;110;2,9
2026-03-19T10:24:21.103;109;2,2
2026-03-19T10:24:22.062;109;2,3
2026-03-19T10:24:23.022;108;2,3
2026-03-19T10:24:23.981;107;2,7
2026-03-19T10:24:24.942;107;2,7
2026-03-19T10:24:25.903;105;4,1
2026-03-19T10:24:27.822;104;4,1
2026-03-19T10:24:27.825;103;4,0
2026-03-19T10:24:28.781;103;4,1
2026-03-19T10:24:30.224;103;4,0
2026-03-19T10:24:31.661;103;4,0
2026-03-19T10:24:33.102;103;4,0
2026-03-19T10:24:33.105;102;4,0
2026-03-19T10:24:34.063;103;4,0
2026-03-19T10:24:35.015;102;4,0
2026-03-19T10:24:35.983;102;3,9
2026-03-19T10:24:36.942;102;3,8
2026-03-19T10:24:37.902;101;3,9
2026-03-19T10:24:38.860;101;4,1
2026-03-19T10:24:41.742;100;4,1
2026-03-19T10:24:42.222;100;4,1
2026-03-19T10:24:42.707;101;4,2
2026-03-19T10:24:43.180;102;2,9
2026-03-19T10:24:45.579;101;3,0
2026-03-19T10:24:45.580;101;3,1
2026-03-19T10:24:47.019;101;3,0
2026-03-19T10:24:47.020;100;3,7
2026-03-19T10:24:48.461;100;3,6
2026-03-19T10:24:49.419;100;3,9
2026-03-19T10:24:49.899;101;4,6
2026-03-19T10:24:51.339;103;4,8
2026-03-19T10:24:51.819;103;4,8
2026-03-19T10:24:53.260;105;5,1
2026-03-19T10:24:54.222;107;5,3
2026-03-19T10:24:55.182;109;5,1
2026-03-19T10:24:56.142;110;5,2
2026-03-19T10:24:57.584;111;5,1
2026-03-19T10:24:58.062;111;4,7
2026-03-19T10:24:59.502;111;4,7
2026-03-19T10:24:59.982;111;4,7
2026-03-19T10:25:00.942;111;4,7
2026-03-19T10:25:01.907;111;4,7
2026-03-19T10:25:02.861;112;4,3
2026-03-19T10:25:04.767;112;4,3
2026-03-19T10:25:04.772;113;4,0
2026-03-19T10:25:06.224;114;3,2
2026-03-19T10:25:07.183;114;3,1
2026-03-19T10:25:08.142;115;2,8
2026-03-19T10:25:09.104;116;2,4
2026-03-19T10:25:10.063;117;2,3
2026-03-19T10:25:11.022;117;2,2
2026-03-19T10:25:11.983;118;2,2
2026-03-19T10:25:12.944;118;2,3
2026-03-19T10:25:14.860;119;2,4
2026-03-19T10:25:14.861;119;2,5
2026-03-19T10:25:15.823;119;2,5
2026-03-19T10:25:16.783;119;2,4
2026-03-19T10:25:18.223;119;2,3
2026-03-19T10:25:19.661;120;2,3
2026-03-19T10:25:21.105;120;2,3
2026-03-19T10:25:21.108;121;2,2
2026-03-19T10:25:22.063;121;2,2
2026-03-19T10:25:23.023;122;2,1
2026-03-19T10:25:23.983;123;2,1
2026-03-19T10:25:24.943;123;2,1
2026-03-19T10:25:25.902;124;2,1
2026-03-19T10:25:26.860;125;2,1
2026-03-19T10:25:27.823;125;2,0
2026-03-19T10:25:28.781;126;1,8
2026-03-19T10:25:30.224;127;1,6
2026-03-19T10:25:31.183;127;1,7
2026-03-19T10:25:32.143;127;1,7
2026-03-19T10:25:33.103;127;1,7
2026-03-19T10:25:34.063;127;1,7
2026-03-19T10:25:35.019;128;1,7
2026-03-19T10:25:35.982;128;1,5
2026-03-19T10:25:36.944;129;1,7
2026-03-19T10:25:37.906;129;1,7
2026-03-19T10:25:39.822;129;1,6
2026-03-19T10:25:39.824;129;1,6
2026-03-19T10:25:40.782;129;1,5
2026-03-19T10:25:44.144;129;1,5
2026-03-19T10:25:44.147;129;1,5
2026-03-19T10:25:44.151;129;1,5
2026-03-19T10:25:45.103;129;1,4
2026-03-19T10:25:46.063;130;1,4
2026-03-19T10:25:47.024;129;1,3
2026-03-19T10:25:47.983;129;1,2
2026-03-19T10:25:48.943;129;1,3
2026-03-19T10:25:49.906;129;1,0
2026-03-19T10:25:50.860;128;0,9
2026-03-19T10:25:52.783;128;0,9
2026-03-19T10:25:52.786;128;0,9
2026-03-19T10:25:54.225;129;0,9
2026-03-19T10:25:55.176;129;1,0
2026-03-19T10:25:56.143;129;1,0
2026-03-19T10:25:57.105;129;1,0
2026-03-19T10:25:59.024;129;1,0
2026-03-19T10:25:59.027;129;1,1
2026-03-19T10:26:00.465;129;1,0
2026-03-19T10:26:01.423;129;1,0
2026-03-19T10:26:02.382;128;1,0
2026-03-19T10:26:02.860;128;0,9
2026-03-19T10:26:04.304;128;0,9
2026-03-19T10:26:04.782;129;0,7
2026-03-19T10:26:06.224;129;0,8
2026-03-19T10:26:07.183;129;0,9
2026-03-19T10:26:08.144;129;1,0
2026-03-19T10:26:09.104;128;0,9
2026-03-19T10:26:10.063;128;1,0
2026-03-19T10:26:11.023;128;0,9
2026-03-19T10:26:11.983;127;1,0
2026-03-19T10:26:12.942;127;0,9
2026-03-19T10:26:14.862;128;0,9
2026-03-19T10:26:14.864;128;0,9
2026-03-19T10:26:15.825;128;0,9
2026-03-19T10:26:16.784;127;1,0
2026-03-19T10:26:18.223;128;1,1
2026-03-19T10:26:19.184;128;1,1
2026-03-19T10:26:20.144;128;1,1
2026-03-19T10:26:21.105;128;1,2
2026-03-19T10:26:22.062;128;1,2
2026-03-19T10:26:23.023;128;1,2
2026-03-19T10:26:25.422;127;1,2
2026-03-19T10:26:25.424;127;1,2
2026-03-19T10:26:26.382;127;1,2
2026-03-19T10:26:26.861;127;1,4
2026-03-19T10:26:27.823;127;1,4
2026-03-19T10:26:28.784;127;1,4
2026-03-19T10:26:29.742;127;1,4
2026-03-19T10:26:31.184;126;1,7
2026-03-19T10:26:32.143;125;1,9
2026-03-19T10:26:33.103;125;1,9
2026-03-19T10:26:34.063;124;1,9
2026-03-19T10:26:35.013;124;1,9
2026-03-19T10:26:35.965;123;1,8
2026-03-19T10:26:36.943;123;1,8
2026-03-19T10:26:38.382;124;1,7
2026-03-19T10:26:39.823;123;2,0
2026-03-19T10:26:39.826;124;2,0
2026-03-19T10:26:40.783;124;1,9
2026-03-19T10:26:42.225;125;1,9
2026-03-19T10:26:43.184;125;2,0
2026-03-19T10:26:44.143;126;2,0
2026-03-19T10:26:45.105;126;1,7
2026-03-19T10:26:46.063;126;1,5
2026-03-19T10:26:47.023;126;1,4
2026-03-19T10:26:48.465;126;1,3
2026-03-19T10:26:50.384;126;1,4
2026-03-19T10:26:50.859;125;1,5
2026-03-19T10:26:50.861;125;1,5
2026-03-19T10:26:51.822;125;1,5
2026-03-19T10:26:53.265;126;1,2
2026-03-19T10:26:53.742;126;1,1
2026-03-19T10:26:55.184;126;1,2
2026-03-19T10:26:56.142;126;1,1
2026-03-19T10:26:57.104;126;1,0
2026-03-19T10:26:58.064;126;1,0
2026-03-19T10:26:59.984;125;1,1
2026-03-19T10:26:59.987;124;1,2
2026-03-19T10:27:00.945;124;1,3
2026-03-19T10:27:02.862;124;1,4
2026-03-19T10:27:02.864;123;1,3
2026-03-19T10:27:03.823;124;1,3
2026-03-19T10:27:04.785;124;1,2
2026-03-19T10:27:05.744;124;1,2
2026-03-19T10:27:07.183;123;1,3
2026-03-19T10:27:08.143;123;1,4
2026-03-19T10:27:09.104;122;1,5
2026-03-19T10:27:10.064;122;1,5
2026-03-19T10:27:11.505;121;1,5
2026-03-19T10:27:11.983;121;1,5
2026-03-19T10:27:13.905;121;1,5
2026-03-19T10:27:13.910;121;1,4
2026-03-19T10:27:15.345;121;1,2
2026-03-19T10:27:15.821;122;1,1
2026-03-19T10:27:17.745;122;1,2
2026-03-19T10:27:18.222;122;1,2
2026-03-19T10:27:19.185;122;1,3
2026-03-19T10:27:20.145;122;1,4
2026-03-19T10:27:21.584;122;1,4
2026-03-19T10:27:22.063;122;1,2
2026-03-19T10:27:23.024;123;1,5
2026-03-19T10:27:24.944;123;1,5
2026-03-19T10:27:24.946;123;1,5
2026-03-19T10:27:25.906;123;1,5
2026-03-19T10:27:26.861;123;1,5
2026-03-19T10:27:27.823;123;1,5
2026-03-19T10:27:28.784;123;1,5
2026-03-19T10:27:29.744;122;1,6
2026-03-19T10:27:31.662;121;1,7
2026-03-19T10:27:32.143;121;1,7
2026-03-19T10:27:33.105;121;1,6
2026-03-19T10:27:34.543;121;1,6
2026-03-19T10:27:35.984;121;1,7
2026-03-19T10:27:35.988;121;1,7
2026-03-19T10:27:37.424;121;1,9
2026-03-19T10:27:40.304;121;1,8
2026-03-19T10:27:40.307;120;1,8
2026-03-19T10:27:40.309;120;1,8
2026-03-19T10:27:40.778;120;1,8
2026-03-19T10:27:41.743;120;1,9
2026-03-19T10:27:43.186;121;2,1
2026-03-19T10:27:44.624;121;2,1
2026-03-19T10:27:45.104;122;2,1
2026-03-19T10:27:46.064;122;2,2
2026-03-19T10:27:47.024;122;2,2
2026-03-19T10:27:48.943;122;2,2
2026-03-19T10:27:48.946;123;2,3
2026-03-19T10:27:49.904;122;2,2
2026-03-19T10:27:52.305;122;2,9
2026-03-19T10:27:52.785;122;2,7
2026-03-19T10:27:52.788;122;2,7
2026-03-19T10:27:53.744;122;2,7
2026-03-19T10:27:57.105;122;2,6
2026-03-19T10:27:57.109;122;2,6
2026-03-19T10:27:57.111;122;2,5
2026-03-19T10:27:58.545;123;2,4
2026-03-19T10:28:00.465;123;2,6
2026-03-19T10:28:00.942;122;2,6
2026-03-19T10:28:00.946;122;2,7
2026-03-19T10:28:02.862;121;2,7
2026-03-19T10:28:02.864;119;3,0
2026-03-19T10:28:05.265;119;3,0
2026-03-19T10:28:05.269;118;2,5
2026-03-19T10:28:06.213;118;2,4
2026-03-19T10:28:07.651;118;2,4
2026-03-19T10:28:08.620;118;2,5
2026-03-19T10:28:09.103;118;2,6
2026-03-19T10:28:10.064;118;6,5
2026-03-19T10:28:11.025;115;7,3
2026-03-19T10:28:12.465;111;7,3
2026-03-19T10:28:12.941;110;7,3
2026-03-19T10:28:14.862;108;7,3
2026-03-19T10:28:15.344;109;7,5
2026-03-19T10:28:15.822;110;7,7
2026-03-19T10:28:16.785;110;7,6
2026-03-19T10:28:17.744;111;7,6
2026-03-19T10:28:19.663;111;7,5
2026-03-19T10:28:20.144;110;7,6
2026-03-19T10:28:21.585;109;7,7
2026-03-19T10:28:22.063;109;7,7
2026-03-19T10:28:23.026;109;7,9
2026-03-19T10:28:24.943;110;7,9
2026-03-19T10:28:24.945;110;7,9
2026-03-19T10:28:25.904;111;5,2
2026-03-19T10:28:27.824;112;4,2
2026-03-19T10:28:27.826;113;4,2
2026-03-19T10:28:29.264;114;4,4
2026-03-19T10:28:30.221;115;4,2
2026-03-19T10:28:31.184;116;3,9
2026-03-19T10:28:32.145;117;3,7
2026-03-19T10:28:33.104;118;3,7
2026-03-19T10:28:36.464;119;3,8
2026-03-19T10:28:36.467;120;3,5
2026-03-19T10:28:36.469;121;3,3
2026-03-19T10:28:37.425;121;3,4
2026-03-19T10:28:38.386;122;2,9
2026-03-19T10:28:39.345;123;2,7
2026-03-19T10:28:40.784;123;2,6
2026-03-19T10:28:40.786;123;2,7
2026-03-19T10:28:43.662;124;2,7
2026-03-19T10:28:43.664;124;2,8
2026-03-19T10:28:44.142;125;2,4
2026-03-19T10:28:45.584;125;2,5
2026-03-19T10:28:46.064;126;2,2
2026-03-19T10:28:47.984;127;2,3
2026-03-19T10:28:48.465;128;2,1
2026-03-19T10:28:48.944;129;2,2
2026-03-19T10:28:50.384;130;2,2
2026-03-19T10:28:50.861;131;2,3
2026-03-19T10:28:51.824;132;2,2
2026-03-19T10:28:52.785;133;2,2
2026-03-19T10:28:53.745;133;2,1
2026-03-19T10:28:56.146;134;1,9
2026-03-19T10:28:56.149;134;1,9
2026-03-19T10:28:57.106;134;1,8
2026-03-19T10:28:58.064;134;1,8
2026-03-19T10:28:59.984;135;1,6
2026-03-19T10:28:59.988;135;1,5
2026-03-19T10:29:01.425;135;1,7
2026-03-19T10:29:01.903;135;1,6
2026-03-19T10:29:02.862;135;1,5
2026-03-19T10:29:03.824;135;1,3
2026-03-19T10:29:05.265;135;1,3
2026-03-19T10:29:05.745;135;1,4
2026-03-19T10:29:07.185;136;1,3
2026-03-19T10:29:08.145;136;1,2
2026-03-19T10:29:10.545;137;1,2
2026-03-19T10:29:11.024;137;1,2
2026-03-19T10:29:11.028;137;1,2
2026-03-19T10:29:11.985;137;1,2
2026-03-19T10:29:12.944;137;1,1
2026-03-19T10:29:13.905;138;0,8
2026-03-19T10:29:14.863;137;0,7
2026-03-19T10:29:16.304;138;0,7
2026-03-19T10:29:16.783;138;0,7
2026-03-19T10:29:17.746;138;0,9
2026-03-19T10:29:19.185;138;0,8
2026-03-19T10:29:20.626;138;0,9
2026-03-19T10:29:21.104;138;0,9
2026-03-19T10:29:22.065;138;0,9
2026-03-19T10:29:23.025;138;1,0
2026-03-19T10:29:23.985;138;1,0
2026-03-19T10:29:24.946;138;1,1
2026-03-19T10:29:25.906;138;1,1
2026-03-19T10:29:27.345;138;1,1
2026-03-19T10:29:27.827;138;1,1
2026-03-19T10:29:29.745;138;1,3
2026-03-19T10:29:29.748;138;1,3
2026-03-19T10:29:31.187;138;1,2
2026-03-19T10:29:32.145;139;1,2
2026-03-19T10:29:33.105;139;1,2
2026-03-19T10:29:34.545;139;1,4
2026-03-19T10:29:35.025;139;1,5
2026-03-19T10:29:35.985;140;1,6
2026-03-19T10:29:37.410;140;1,7
2026-03-19T10:29:38.383;140;1,8
2026-03-19T10:29:38.849;141;1,8
2026-03-19T10:29:40.785;141;1,8
2026-03-19T10:29:40.788;141;1,8
2026-03-19T10:29:41.743;141;1,7
2026-03-19T10:29:43.664;141;1,9
2026-03-19T10:29:44.144;141;1,9
2026-03-19T10:29:45.105;141;1,9
2026-03-19T10:29:46.547;141;1,8
2026-03-19T10:29:47.025;141;1,8
2026-03-19T10:29:47.984;141;1,6
2026-03-19T10:29:48.945;141;1,5
2026-03-19T10:29:49.904;141;1,4
2026-03-19T10:29:51.345;141;1,4
2026-03-19T10:29:52.307;140;1,3
2026-03-19T10:29:53.264;140;1,3
2026-03-19T10:29:53.745;139;1,3
2026-03-19T10:29:55.186;139;1,3
2026-03-19T10:29:56.625;139;1,0
2026-03-19T10:29:57.102;139;1,2
2026-03-19T10:29:58.067;139;1,3
2026-03-19T10:29:59.010;139;1,5
2026-03-19T10:29:59.983;139;1,5
2026-03-19T10:30:00.934;139;1,8
2026-03-19T10:30:02.860;139;2,0
2026-03-19T10:30:02.861;139;2,0
2026-03-19T10:30:03.806;139;2,0
2026-03-19T10:30:05.249;139;2,0
2026-03-19T10:30:05.734;139;112,6
2026-03-19T10:30:07.174;139;112,6
2026-03-19T10:30:08.607;140;112,6
2026-03-19T10:30:10.048;140;112,6
2026-03-19T10:30:10.052;140;112,6
2026-03-19T10:30:11.967;141;112,6
2026-03-19T10:30:11.971;141;112,6
2026-03-19T10:30:12.936;141;112,6
2026-03-19T10:30:13.910;142;112,6
2026-03-19T10:30:15.347;142;112,6
2026-03-19T10:30:15.824;143;112,6
2026-03-19T10:30:16.786;143;112,6
2026-03-19T10:30:17.745;143;3,0
2026-03-19T10:30:19.186;143;2,6
2026-03-19T10:30:20.624;143;1,9
2026-03-19T10:30:21.105;143;1,9
2026-03-19T10:30:22.065;143;1,9
2026-03-19T10:30:23.026;143;1,9
2026-03-19T10:30:24.465;143;1,7
2026-03-19T10:30:24.944;143;1,6
2026-03-19T10:30:26.864;143;1,5
2026-03-19T10:30:26.866;143;1,1
2026-03-19T10:30:28.306;143;1,1
2026-03-19T10:30:28.783;143;1,1
2026-03-19T10:30:30.709;144;1,0
2026-03-19T10:30:31.185;143;0,9
2026-03-19T10:30:32.624;143;0,9
2026-03-19T10:30:33.106;143;0,9
2026-03-19T10:30:34.067;143;0,9
2026-03-19T10:30:35.026;143;0,9
2026-03-19T10:30:35.985;143;0,9
2026-03-19T10:30:37.413;143;1,0
2026-03-19T10:30:39.823;143;1,1
2026-03-19T10:30:40.305;144;1,0
2026-03-19T10:30:40.308;144;1,0
2026-03-19T10:30:40.784;144;1,1
2026-03-19T10:30:42.226;144;1,6
2026-03-19T10:30:43.184;145;1,7
2026-03-19T10:30:45.107;144;1,7
2026-03-19T10:30:45.110;144;1,9
2026-03-19T10:30:46.067;144;2,1
2026-03-19T10:30:47.025;143;2,2
2026-03-19T10:30:47.985;143;2,2
2026-03-19T10:30:48.946;143;2,1
2026-03-19T10:30:51.346;143;2,1
2026-03-19T10:30:51.350;143;2,0
2026-03-19T10:30:52.306;144;2,0
2026-03-19T10:30:52.785;144;2,0
2026-03-19T10:30:55.189;144;1,5
2026-03-19T10:30:55.193;144;1,4
2026-03-19T10:30:56.625;143;1,4
2026-03-19T10:30:59.026;143;1,2
2026-03-19T10:30:59.029;143;1,0
2026-03-19T10:30:59.032;143;1,0
2026-03-19T10:31:00.465;143;1,0
2026-03-19T10:31:00.946;143;1,1
2026-03-19T10:31:01.901;143;1,1
2026-03-19T10:31:03.827;143;1,3
2026-03-19T10:31:03.830;143;1,3
2026-03-19T10:31:04.785;142;1,3
2026-03-19T10:31:05.746;143;1,3
2026-03-19T10:31:07.187;142;1,4
2026-03-19T10:31:08.139;142;1,5
2026-03-19T10:31:09.106;142;1,5
2026-03-19T10:31:10.057;141;1,4
2026-03-19T10:31:11.025;141;1,3
2026-03-19T10:31:11.986;141;1,3
2026-03-19T10:31:12.947;141;1,3
2026-03-19T10:31:13.910;141;1,3
2026-03-19T10:31:14.863;140;1,4
2026-03-19T10:31:15.829;139;1,5
2026-03-19T10:31:16.786;139;1,5
2026-03-19T10:31:17.746;138;1,5
2026-03-19T10:31:19.185;138;1,5
2026-03-19T10:31:20.147;137;1,3
2026-03-19T10:31:21.107;136;2,0
2026-03-19T10:31:22.066;134;2,0
2026-03-19T10:31:23.025;133;2,2
2026-03-19T10:31:23.986;132;2,3
2026-03-19T10:31:24.946;130;2,4
2026-03-19T10:31:25.910;130;2,6
2026-03-19T10:31:27.348;129;3,0
2026-03-19T10:31:27.822;129;3,0
2026-03-19T10:31:28.785;129;3,1
2026-03-19T10:31:29.746;128;3,1
2026-03-19T10:31:31.187;127;3,6
2026-03-19T10:31:32.146;125;3,6
2026-03-19T10:31:33.106;125;3,6
2026-03-19T10:31:34.066;124;3,6
2026-03-19T10:31:35.025;124;3,2
2026-03-19T10:31:35.986;124;3,2
2026-03-19T10:31:36.945;123;3,1
2026-03-19T10:31:37.907;122;3,6
2026-03-19T10:31:38.863;121;3,6
2026-03-19T10:31:40.787;121;3,4
2026-03-19T10:31:40.790;121;3,2
2026-03-19T10:31:41.746;121;3,3
2026-03-19T10:31:43.187;120;3,2
2026-03-19T10:31:44.146;120;3,2
2026-03-19T10:31:45.106;119;3,0
2026-03-19T10:31:46.065;119;2,5
2026-03-19T10:31:47.027;119;2,6
2026-03-19T10:31:47.986;119;2,5
2026-03-19T10:31:49.908;119;2,6
2026-03-19T10:31:50.382;117;3,9
2026-03-19T10:31:50.863;116;3,9
2026-03-19T10:31:51.825;114;4,1
2026-03-19T10:31:52.785;113;3,5
2026-03-19T10:31:53.746;112;3,5
2026-03-19T10:31:55.187;112;3,5
2026-03-19T10:31:56.146;112;3,9
2026-03-19T10:31:57.587;113;3,7
2026-03-19T10:31:58.065;113;3,7
2026-03-19T10:31:59.025;113;3,7
2026-03-19T10:31:59.985;113;3,7
2026-03-19T10:32:00.946;112;3,8
2026-03-19T10:32:01.906;111;5,2
2026-03-19T10:32:02.864;109;5,2
2026-03-19T10:32:03.822;109;5,2
2026-03-19T10:32:04.785;109;5,5
2026-03-19T10:32:05.746;109;4,8
2026-03-19T10:32:07.186;110;4,6
2026-03-19T10:32:08.146;109;4,7
2026-03-19T10:32:09.106;109;4,9
2026-03-19T10:32:10.066;108;4,9
2026-03-19T10:32:11.026;108;4,9
2026-03-19T10:32:11.986;109;4,8
2026-03-19T10:32:12.945;109;4,9
2026-03-19T10:32:14.864;110;5,0
2026-03-19T10:32:14.866;111;5,5
2026-03-19T10:32:16.306;113;5,5
2026-03-19T10:32:16.784;115;5,9
2026-03-19T10:32:18.226;117;4,7
2026-03-19T10:32:19.187;118;4,7
2026-03-19T10:32:20.146;119;4,5
2026-03-19T10:32:22.066;119;4,4
2026-03-19T10:32:22.069;120;4,4
2026-03-19T10:32:23.026;120;4,3
2026-03-19T10:32:25.427;120;4,1
2026-03-19T10:32:25.430;121;4,2
2026-03-19T10:32:25.905;122;4,1
2026-03-19T10:32:27.347;122;4,1
2026-03-19T10:32:27.827;122;4,0
2026-03-19T10:32:28.785;123;3,6
2026-03-19T10:32:29.743;123;3,2
2026-03-19T10:32:31.187;124;3,0
2026-03-19T10:32:32.626;125;2,3
2026-03-19T10:32:33.106;125;2,2
2026-03-19T10:32:34.067;126;2,0
2026-03-19T10:32:35.026;126;1,9
2026-03-19T10:32:35.983;127;2,1
2026-03-19T10:32:38.386;127;2,0
2026-03-19T10:32:38.389;128;1,9
2026-03-19T10:32:40.307;129;1,6
2026-03-19T10:32:40.309;129;1,6
2026-03-19T10:32:40.786;130;1,6
2026-03-19T10:32:42.707;130;1,6
2026-03-19T10:32:43.185;130;1,6
2026-03-19T10:32:44.145;131;1,6
2026-03-19T10:32:45.108;131;1,6
2026-03-19T10:32:46.066;131;1,6
2026-03-19T10:32:47.507;132;1,6
2026-03-19T10:32:47.986;132;1,7
2026-03-19T10:32:49.908;132;1,8
2026-03-19T10:32:49.913;132;1,7
2026-03-19T10:32:50.864;132;1,6
2026-03-19T10:32:51.824;132;1,7
2026-03-19T10:32:52.787;132;1,5
2026-03-19T10:32:54.227;132;1,5
2026-03-19T10:32:55.666;132;1,5
2026-03-19T10:32:56.126;132;1,5
2026-03-19T10:32:57.102;132;1,5
2026-03-19T10:32:58.063;132;1,5
2026-03-19T10:32:59.987;132;1,6
2026-03-19T10:32:59.990;132;1,5
2026-03-19T10:33:01.908;132;1,3
2026-03-19T10:33:01.911;131;1,1
2026-03-19T10:33:02.850;132;1,2
2026-03-19T10:33:03.812;132;1,2
2026-03-19T10:33:04.789;132;1,2
2026-03-19T10:33:05.746;132;1,3
2026-03-19T10:33:07.187;132;1,2
2026-03-19T10:33:08.146;132;1,3
2026-03-19T10:33:09.106;132;1,3
2026-03-19T10:33:10.069;131;1,3
2026-03-19T10:33:11.025;131;1,2
2026-03-19T10:33:11.985;131;1,4
2026-03-19T10:33:12.946;131;1,4
2026-03-19T10:33:14.386;131;1,4
2026-03-19T10:33:14.864;130;1,5
2026-03-19T10:33:15.827;130;1,5
2026-03-19T10:33:17.748;129;1,6
2026-03-19T10:33:17.752;128;1,8
2026-03-19T10:33:19.188;128;1,8
2026-03-19T10:33:20.147;127;1,9
2026-03-19T10:33:21.107;127;2,0
2026-03-19T10:33:22.066;126;2,1
2026-03-19T10:33:23.027;125;2,2
2026-03-19T10:33:23.985;124;2,3
2026-03-19T10:33:24.948;122;2,3
2026-03-19T10:33:25.908;121;2,3
2026-03-19T10:33:27.347;120;2,3
2026-03-19T10:33:27.826;120;2,5
2026-03-19T10:33:28.786;119;2,5
2026-03-19T10:33:29.748;118;2,5
2026-03-19T10:33:31.187;118;2,6
2026-03-19T10:33:32.147;119;2,5
2026-03-19T10:33:33.107;119;2,7
2026-03-19T10:33:34.548;120;2,8
2026-03-19T10:33:35.025;121;2,8
2026-03-19T10:33:35.987;122;2,7
2026-03-19T10:33:36.947;123;2,7
2026-03-19T10:33:37.910;124;2,6
2026-03-19T10:33:38.862;125;3,0
2026-03-19T10:33:39.827;127;2,9
2026-03-19T10:33:40.786;128;3,4
2026-03-19T10:33:41.748;128;3,3
2026-03-19T10:33:44.146;129;3,3
2026-03-19T10:33:44.150;129;3,3
2026-03-19T10:33:45.586;129;3,1
2026-03-19T10:33:46.066;129;3,0
2026-03-19T10:33:47.027;130;2,9
2026-03-19T10:33:47.987;130;2,8
2026-03-19T10:33:49.908;131;2,8
2026-03-19T10:33:49.911;131;2,8
2026-03-19T10:33:50.852;132;2,7
2026-03-19T10:33:51.826;132;2,2
2026-03-19T10:33:52.787;132;2,2
2026-03-19T10:33:53.746;133;2,2
2026-03-19T10:33:55.189;133;1,1
2026-03-19T10:33:56.626;133;1,2
2026-03-19T10:33:57.094;134;1,2
2026-03-19T10:33:58.545;134;1,2
2026-03-19T10:33:59.495;134;1,2
2026-03-19T10:33:59.971;134;1,1
2026-03-19T10:34:01.409;134;1,1
2026-03-19T10:34:01.893;135;1,3
2026-03-19T10:34:02.849;135;1,3
2026-03-19T10:34:03.828;136;1,3
2026-03-19T10:34:04.787;136;1,2
2026-03-19T10:34:05.747;136;1,3
2026-03-19T10:34:07.189;137;1,3
2026-03-19T10:34:08.135;137;1,3
2026-03-19T10:34:09.108;137;1,3
2026-03-19T10:34:10.067;138;1,2
2026-03-19T10:34:11.497;138;1,6
2026-03-19T10:34:11.986;139;1,6
2026-03-19T10:34:12.947;139;1,5
2026-03-19T10:34:13.909;140;1,5
2026-03-19T10:34:15.349;141;1,4
2026-03-19T10:34:15.826;141;1,4
2026-03-19T10:34:16.786;142;1,4
2026-03-19T10:34:17.749;143;1,5
2026-03-19T10:34:19.187;143;1,5
2026-03-19T10:34:20.147;143;1,6
2026-03-19T10:34:21.109;143;1,7
2026-03-19T10:34:22.067;143;1,6
2026-03-19T10:34:23.988;144;1,4
2026-03-19T10:34:23.991;143;1,4
2026-03-19T10:34:24.948;143;1,4
2026-03-19T10:34:25.908;143;1,4
2026-03-19T10:34:26.865;143;1,3
2026-03-19T10:34:27.827;143;1,3
2026-03-19T10:34:28.786;143;1,4
2026-03-19T10:34:30.227;142;1,5
2026-03-19T10:34:31.189;143;1,6
2026-03-19T10:34:32.148;143;1,5
2026-03-19T10:34:33.101;143;1,5
2026-03-19T10:34:34.068;143;1,6
2026-03-19T10:34:35.028;143;1,7
2026-03-19T10:34:35.988;143;1,6
2026-03-19T10:34:36.948;143;1,6
2026-03-19T10:34:37.907;144;1,8
2026-03-19T10:34:39.345;144;1,8
2026-03-19T10:34:39.824;144;1,8
2026-03-19T10:34:40.787;144;1,8
2026-03-19T10:34:41.747;144;1,7
2026-03-19T10:34:43.173;144;1,6
2026-03-19T10:34:44.149;144;1,5
2026-03-19T10:34:45.107;144;1,5
2026-03-19T10:34:47.509;144;1,4
2026-03-19T10:34:47.512;144;1,4
2026-03-19T10:34:47.986;144;1,5
2026-03-19T10:34:49.910;144;1,5
2026-03-19T10:34:49.915;144;1,6
2026-03-19T10:34:51.348;143;1,5
2026-03-19T10:34:52.309;143;1,5
2026-03-19T10:34:52.784;143;1,4
2026-03-19T10:34:54.228;142;1,5
2026-03-19T10:34:55.187;143;1,5
2026-03-19T10:34:56.149;142;1,5
2026-03-19T10:34:57.109;142;1,5
2026-03-19T10:34:59.028;142;1,5
2026-03-19T10:34:59.031;142;1,5
2026-03-19T10:34:59.988;142;1,2
2026-03-19T10:35:00.948;142;1,2
2026-03-19T10:35:02.386;141;1,1
2026-03-19T10:35:03.350;141;0,9
2026-03-19T10:35:03.826;141;0,9
2026-03-19T10:35:04.786;141;0,8
2026-03-19T10:35:05.747;141;0,8
2026-03-19T10:35:07.188;141;0,7
2026-03-19T10:35:08.146;141;0,8
2026-03-19T10:35:09.109;140;0,9
2026-03-19T10:35:10.068;140;1,0
2026-03-19T10:35:11.028;140;1,0
2026-03-19T10:35:12.468;140;1,0
2026-03-19T10:35:13.428;140;1,0
2026-03-19T10:35:14.865;140;1,0
2026-03-19T10:35:14.867;140;1,0
2026-03-19T10:35:16.307;141;1,0
2026-03-19T10:35:16.786;141;1,0
2026-03-19T10:35:17.747;141;1,1
2026-03-19T10:35:19.188;142;1,1
2026-03-19T10:35:21.109;141;1,7
2026-03-19T10:35:21.112;141;1,8
2026-03-19T10:35:22.548;141;1,7
2026-03-19T10:35:23.026;141;1,8
2026-03-19T10:35:24.469;141;1,8
2026-03-19T10:35:24.945;141;1,8
2026-03-19T10:35:25.892;141;1,8
2026-03-19T10:35:27.829;140;1,8
2026-03-19T10:35:28.307;140;1,8
2026-03-19T10:35:28.786;140;1,8
2026-03-19T10:35:30.229;140;1,8
2026-03-19T10:35:31.188;140;1,8
2026-03-19T10:35:33.588;140;1,5
2026-03-19T10:35:33.590;140;0,8
2026-03-19T10:35:34.062;140;1,0
2026-03-19T10:35:35.030;140;0,9
2026-03-19T10:35:35.986;140;0,9
2026-03-19T10:35:36.949;140;1,1
2026-03-19T10:35:37.911;140;1,5
2026-03-19T10:35:38.865;141;1,8
2026-03-19T10:35:39.828;141;1,8
2026-03-19T10:35:40.787;141;1,8
2026-03-19T10:35:41.747;141;1,8
2026-03-19T10:35:43.189;142;1,9
2026-03-19T10:35:44.148;142;1,9
2026-03-19T10:35:45.107;142;1,9
2026-03-19T10:35:46.069;142;1,9
2026-03-19T10:35:47.029;143;2,0
2026-03-19T10:35:47.988;143;2,0
2026-03-19T10:35:49.909;144;2,0
2026-03-19T10:35:49.912;144;1,6
2026-03-19T10:35:50.866;144;1,3
2026-03-19T10:35:51.828;144;2,1
2026-03-19T10:35:52.789;145;2,2
2026-03-19T10:35:53.749;145;2,2
2026-03-19T10:35:55.188;145;2,2
2026-03-19T10:35:56.150;144;2,1
2026-03-19T10:35:57.108;144;2,2
2026-03-19T10:35:58.067;143;2,1
2026-03-19T10:35:59.989;143;2,0
2026-03-19T10:35:59.992;143;2,1
2026-03-19T10:36:00.949;143;2,0
2026-03-19T10:36:02.387;143;2,0
2026-03-19T10:36:02.865;142;1,9
2026-03-19T10:36:03.827;142;1,2
2026-03-19T10:36:04.787;142;0,9
2026-03-19T10:36:05.746;141;1,1
2026-03-19T10:36:07.190;140;1,0
2026-03-19T10:36:08.148;140;1,0
2026-03-19T10:36:09.108;139;1,0
2026-03-19T10:36:10.070;139;0,9
2026-03-19T10:36:11.029;138;0,9
2026-03-19T10:36:11.989;138;1,1
2026-03-19T10:36:12.948;138;1,1
2026-03-19T10:36:15.350;137;1,1
2026-03-19T10:36:15.353;138;1,1
2026-03-19T10:36:15.827;138;1,1
2026-03-19T10:36:17.749;138;1,1
2026-03-19T10:36:18.226;138;1,6
2026-03-19T10:36:19.188;138;1,9
2026-03-19T10:36:20.149;139;1,9
2026-03-19T10:36:23.029;139;1,9
2026-03-19T10:36:23.032;139;1,9
2026-03-19T10:36:23.036;139;1,9
2026-03-19T10:36:23.988;139;2,0
2026-03-19T10:36:25.428;138;2,0
2026-03-19T10:36:25.910;138;2,1
2026-03-19T10:36:26.865;137;2,1
2026-03-19T10:36:27.829;135;2,3
2026-03-19T10:36:28.788;135;2,3
2026-03-19T10:36:30.710;134;2,3
2026-03-19T10:36:31.189;134;1,9
2026-03-19T10:36:32.148;133;1,8
2026-03-19T10:36:33.109;133;1,7
2026-03-19T10:36:34.068;133;1,7
2026-03-19T10:36:35.029;133;1,7
2026-03-19T10:36:35.988;133;1,7
2026-03-19T10:36:37.910;132;1,9
2026-03-19T10:36:37.915;131;2,3
2026-03-19T10:36:38.866;129;2,3
2026-03-19T10:36:41.269;128;2,5
2026-03-19T10:36:41.272;127;2,3
2026-03-19T10:36:41.748;126;2,3
2026-03-19T10:36:43.667;126;2,3
2026-03-19T10:36:44.149;126;2,3
2026-03-19T10:36:45.107;126;2,3
2026-03-19T10:36:47.029;126;2,3
2026-03-19T10:36:47.032;125;3,1
2026-03-19T10:36:47.988;123;3,1
2026-03-19T10:36:48.948;121;4,1
2026-03-19T10:36:49.912;119;4,1
2026-03-19T10:36:52.299;118;4,0
2026-03-19T10:36:52.302;118;4,0
2026-03-19T10:36:52.789;118;4,1
2026-03-19T10:36:54.213;118;4,4
2026-03-19T10:36:56.148;117;4,5
2026-03-19T10:36:56.150;116;5,0
2026-03-19T10:36:57.091;115;5,0
2026-03-19T10:36:58.066;114;5,0
2026-03-19T10:36:59.028;114;5,0
2026-03-19T10:36:59.974;114;5,1
2026-03-19T10:37:01.428;116;5,4
2026-03-19T10:37:01.908;116;5,0
2026-03-19T10:37:02.855;117;4,9
2026-03-19T10:37:05.254;118;4,2
2026-03-19T10:37:05.730;119;4,3
2026-03-19T10:37:05.733;119;4,3
2026-03-19T10:37:07.188;120;4,3
2026-03-19T10:37:08.138;121;4,0
2026-03-19T10:37:09.090;122;3,7
2026-03-19T10:37:11.028;122;3,6
2026-03-19T10:37:11.033;123;2,8
2026-03-19T10:37:11.988;124;3,0
2026-03-19T10:37:14.391;125;3,1
2026-03-19T10:37:14.395;126;3,2
2026-03-19T10:37:14.853;127;2,6
2026-03-19T10:37:16.308;128;2,6
2026-03-19T10:37:17.269;128;2,6
2026-03-19T10:37:18.230;128;2,7
2026-03-19T10:37:19.189;129;2,7
2026-03-19T10:37:20.148;128;2,7
2026-03-19T10:37:21.109;128;2,7
2026-03-19T10:37:22.069;127;2,7
2026-03-19T10:37:23.509;127;2,5
2026-03-19T10:37:23.989;126;2,6
2026-03-19T10:37:24.949;126;2,6
2026-03-19T10:37:25.911;125;2,2
2026-03-19T10:37:26.866;125;2,1
2026-03-19T10:37:27.827;126;2,1
2026-03-19T10:37:29.268;126;2,3
2026-03-19T10:37:29.746;127;2,4
2026-03-19T10:37:32.628;128;2,2
2026-03-19T10:37:32.630;129;2,2
2026-03-19T10:37:33.107;129;1,9
2026-03-19T10:37:34.071;130;2,0
2026-03-19T10:37:35.510;131;2,0
2026-03-19T10:37:35.986;132;2,0
2026-03-19T10:37:38.862;133;1,8
2026-03-19T10:37:38.865;134;1,8
2026-03-19T10:37:38.866;134;1,8
2026-03-19T10:37:40.785;134;1,9
2026-03-19T10:37:40.786;135;2,1
2026-03-19T10:37:42.229;136;2,0
2026-03-19T10:37:43.189;136;1,7
2026-03-19T10:37:44.149;137;1,7
2026-03-19T10:37:45.110;138;2,0
2026-03-19T10:37:47.509;138;2,0
2026-03-19T10:37:47.513;139;1,8
2026-03-19T10:37:47.986;140;1,8
2026-03-19T10:37:49.908;140;1,8
2026-03-19T10:37:51.828;141;1,7
2026-03-19T10:37:51.831;141;1,7
2026-03-19T10:37:51.833;141;1,8
2026-03-19T10:37:52.789;141;1,8
2026-03-19T10:37:54.230;142;1,4
2026-03-19T10:37:55.189;142;1,6
2026-03-19T10:37:56.150;142;1,7
2026-03-19T10:37:57.110;143;1,7
2026-03-19T10:37:58.071;143;1,4
2026-03-19T10:37:59.989;144;1,4
2026-03-19T10:37:59.992;144;1,5
2026-03-19T10:38:00.950;144;1,4
2026-03-19T10:38:01.912;145;1,4
2026-03-19T10:38:03.831;144;1,4
2026-03-19T10:38:03.833;145;1,4
2026-03-19T10:38:05.269;145;1,4
2026-03-19T10:38:06.229;145;1,4
2026-03-19T10:38:07.668;145;1,1
2026-03-19T10:38:09.110;144;1,0
2026-03-19T10:38:10.068;144;1,1
2026-03-19T10:38:10.549;144;1,0
2026-03-19T10:38:11.029;144;1,0
2026-03-19T10:38:12.470;144;1,0
2026-03-19T10:38:12.944;144;1,0
2026-03-19T10:38:14.866;144;1,2
2026-03-19T10:38:14.868;144;1,2
2026-03-19T10:38:15.828;144;1,2
2026-03-19T10:38:17.270;144;1,2
2026-03-19T10:38:17.748;144;1,1
2026-03-19T10:38:19.190;144;1,0
2026-03-19T10:38:21.110;144;1,0
2026-03-19T10:38:21.113;144;1,0
2026-03-19T10:38:22.069;144;1,0
2026-03-19T10:38:23.510;144;1,0
2026-03-19T10:38:24.949;145;1,0
2026-03-19T10:38:25.910;145;1,0
2026-03-19T10:38:25.914;144;0,7
2026-03-19T10:38:26.867;144;0,9
2026-03-19T10:38:29.267;144;0,9
2026-03-19T10:38:29.270;143;1,0
2026-03-19T10:38:31.186;143;1,0
2026-03-19T10:38:31.188;143;1,0
2026-03-19T10:38:33.107;143;1,0
2026-03-19T10:38:33.109;142;1,0
2026-03-19T10:38:35.027;142;0,9
2026-03-19T10:38:35.506;142;0,9
2026-03-19T10:38:35.984;142;1,0
2026-03-19T10:38:37.426;141;1,3
2026-03-19T10:38:38.386;141;1,3
2026-03-19T10:38:39.346;141;1,3
2026-03-19T10:38:40.307;139;1,5
2026-03-19T10:38:40.789;139;1,5
2026-03-19T10:38:41.747;138;1,5
2026-03-19T10:38:44.150;137;1,6
2026-03-19T10:38:44.153;136;1,5
2026-03-19T10:38:45.108;136;1,5
2026-03-19T10:38:46.056;136;1,5
2026-03-19T10:38:47.027;136;1,5
2026-03-19T10:38:47.987;136;1,6
2026-03-19T10:38:48.946;136;1,5
2026-03-19T10:38:49.907;137;1,3
2026-03-19T10:38:50.866;137;1,3
2026-03-19T10:38:51.826;137;1,4
2026-03-19T10:38:52.786;137;1,3
2026-03-19T10:38:53.751;136;1,2
2026-03-19T10:38:55.189;136;1,4
2026-03-19T10:38:56.627;136;1,4
2026-03-19T10:38:57.105;136;1,5
2026-03-19T10:38:58.546;135;1,5
2026-03-19T10:38:59.027;135;1,7
2026-03-19T10:38:59.986;134;1,7
2026-03-19T10:39:00.946;132;2,7
2026-03-19T10:39:01.905;130;2,7
2026-03-19T10:39:03.821;130;2,7
2026-03-19T10:39:03.823;129;2,7
2026-03-19T10:39:04.787;129;2,7
2026-03-19T10:39:05.748;128;2,6
2026-03-19T10:39:07.190;128;2,7
2026-03-19T10:39:08.149;127;2,8
2026-03-19T10:39:09.109;126;2,6
2026-03-19T10:39:10.068;126;2,6
2026-03-19T10:39:11.027;125;2,6
2026-03-19T10:39:12.469;125;2,6
2026-03-19T10:39:13.912;124;2,6
2026-03-19T10:39:13.915;123;2,7
2026-03-19T10:39:14.867;122;2,3
2026-03-19T10:39:15.828;120;2,5
2026-03-19T10:39:16.788;119;2,5
2026-03-19T10:39:17.749;118;2,5
2026-03-19T10:39:19.669;118;2,5
2026-03-19T10:39:20.149;118;3,1
2026-03-19T10:39:21.109;119;3,1
2026-03-19T10:39:23.511;120;3,0
2026-03-19T10:39:23.514;120;3,1
2026-03-19T10:39:23.988;120;3,1
2026-03-19T10:39:24.950;121;3,2
2026-03-19T10:39:26.388;122;3,4
2026-03-19T10:39:28.790;123;3,4
2026-03-19T10:39:28.793;124;3,4
2026-03-19T10:39:28.795;125;3,3
2026-03-19T10:39:29.750;126;2,7
2026-03-19T10:39:31.668;127;2,9
2026-03-19T10:39:32.147;127;2,9
2026-03-19T10:39:33.110;128;3,0
2026-03-19T10:39:34.069;128;2,3
2026-03-19T10:39:35.029;128;2,3
2026-03-19T10:39:36.471;129;2,2
2026-03-19T10:39:37.911;130;2,6
2026-03-19T10:39:37.914;131;2,5
2026-03-19T10:39:38.867;132;2,5
2026-03-19T10:39:40.310;134;2,2
2026-03-19T10:39:40.789;134;2,1
2026-03-19T10:39:41.750;134;2,1
2026-03-19T10:39:43.189;134;2,1
2026-03-19T10:39:44.627;134;2,1
2026-03-19T10:39:45.111;134;1,8
2026-03-19T10:39:46.069;134;1,6
2026-03-19T10:39:47.030;134;1,7
2026-03-19T10:39:50.867;134;1,6
2026-03-19T10:39:50.869;134;1,6
2026-03-19T10:39:51.349;134;1,0
2026-03-19T10:39:51.828;134;0,9
2026-03-19T10:39:51.830;134;0,7
2026-03-19T10:39:52.791;134;0,7
2026-03-19T10:39:53.750;134;1,0
2026-03-19T10:39:55.189;135;1,2
2026-03-19T10:39:56.149;135;1,5
2026-03-19T10:39:57.590;135;1,6
2026-03-19T10:39:58.071;135;1,9
2026-03-19T10:39:59.030;135;1,9
2026-03-19T10:39:59.990;135;1,9
2026-03-19T10:40:00.950;135;1,9
2026-03-19T10:40:02.393;135;2,1
2026-03-19T10:40:02.867;135;2,1
2026-03-19T10:40:04.310;135;2,1
2026-03-19T10:40:06.231;134;2,1
2026-03-19T10:40:06.235;134;2,1
2026-03-19T10:40:07.668;134;1,9
2026-03-19T10:40:08.628;134;1,8
2026-03-19T10:40:11.509;134;1,7
2026-03-19T10:40:11.513;134;1,6
2026-03-19T10:40:11.516;133;1,6
2026-03-19T10:40:12.949;133;1,6
2026-03-19T10:40:13.429;132;1,7
2026-03-19T10:40:14.867;131;1,8
2026-03-19T10:40:15.347;130;1,8
2026-03-19T10:40:15.839;130;1,8
2026-03-19T10:40:17.750;129;2,2
2026-03-19T10:40:17.754;128;2,2
2026-03-19T10:40:19.668;128;2,3
2026-03-19T10:40:20.149;127;2,3
2026-03-19T10:40:21.110;127;2,3
2026-03-19T10:40:23.024;126;2,3
2026-03-19T10:40:23.027;126;2,3
2026-03-19T10:40:26.390;126;2,2
2026-03-19T10:40:26.392;126;2,0
2026-03-19T10:40:26.868;126;2,0
2026-03-19T10:40:27.830;127;2,1
2026-03-19T10:40:28.309;127;2,0
2026-03-19T10:40:28.790;128;2,0
2026-03-19T10:40:32.151;128;2,2
2026-03-19T10:40:32.154;129;1,9
2026-03-19T10:40:32.629;130;2,0
2026-03-19T10:40:33.590;130;1,9
2026-03-19T10:40:34.068;129;2,6
2026-03-19T10:40:35.992;128;2,6
2026-03-19T10:40:36.469;128;2,7
2026-03-19T10:40:36.951;128;2,9
2026-03-19T10:40:38.868;128;2,9
2026-03-19T10:40:38.870;128;2,9
2026-03-19T10:40:39.830;129;2,9
2026-03-19T10:40:40.789;129;2,9
2026-03-19T10:40:41.750;130;2,9
2026-03-19T10:40:44.150;130;2,7
2026-03-19T10:40:44.154;130;2,9
2026-03-19T10:40:45.591;131;2,8
2026-03-19T10:40:46.068;132;2,8
2026-03-19T10:40:47.511;133;2,2
2026-03-19T10:40:47.988;133;2,2
2026-03-19T10:40:48.951;134;2,1
2026-03-19T10:40:50.868;135;1,9
2026-03-19T10:40:51.828;135;2,0
2026-03-19T10:40:52.310;136;2,1
2026-03-19T10:40:52.790;137;2,0
2026-03-19T10:40:53.750;137;2,0
2026-03-19T10:40:55.669;138;2,1
2026-03-19T10:40:56.614;138;2,3
2026-03-19T10:40:57.109;139;2,0
2026-03-19T10:40:58.070;139;2,0
2026-03-19T10:41:00.468;140;2,0
2026-03-19T10:41:00.473;140;1,9
2026-03-19T10:41:00.950;140;2,0
2026-03-19T10:41:02.869;140;2,0
2026-03-19T10:41:03.350;140;1,9
2026-03-19T10:41:04.311;140;1,8
2026-03-19T10:41:04.789;141;1,7
2026-03-19T10:41:07.192;140;1,7
2026-03-19T10:41:07.195;140;1,7
2026-03-19T10:41:08.151;139;1,2
2026-03-19T10:41:09.590;139;1,2
2026-03-19T10:41:10.070;139;1,4
2026-03-19T10:41:11.032;137;1,3
2026-03-19T10:41:11.991;136;1,6
2026-03-19T10:41:12.950;136;1,6
2026-03-19T10:41:13.912;135;1,5
2026-03-19T10:41:14.869;135;1,6
2026-03-19T10:41:15.830;134;1,7
2026-03-19T10:41:18.231;135;1,7
2026-03-19T10:41:18.234;135;1,6
2026-03-19T10:41:19.668;135;1,6
2026-03-19T10:41:20.150;136;1,8
2026-03-19T10:41:21.111;136;1,8
2026-03-19T10:41:22.070;136;1,8
2026-03-19T10:41:23.031;137;1,6
2026-03-19T10:41:23.992;137;1,7
2026-03-19T10:41:24.950;136;1,6
2026-03-19T10:41:26.869;137;1,9
2026-03-19T10:41:26.871;137;2,4
2026-03-19T10:41:29.273;137;2,4
2026-03-19T10:41:29.276;137;2,3
2026-03-19T10:41:29.749;137;2,3
2026-03-19T10:41:31.191;138;2,3
2026-03-19T10:41:32.153;138;2,3
2026-03-19T10:41:34.071;138;2,1
2026-03-19T10:41:34.549;138;2,1
2026-03-19T10:41:35.029;138;2,1
2026-03-19T10:41:36.951;138;2,1
2026-03-19T10:41:36.955;138;2,1
2026-03-19T10:41:38.869;137;2,0
2026-03-19T10:41:39.829;137;2,0
2026-03-19T10:41:39.831;137;1,6
2026-03-19T10:41:40.790;138;0,8
2026-03-19T10:41:41.751;138;0,7
2026-03-19T10:41:43.191;138;0,9
2026-03-19T10:41:44.151;138;0,9
2026-03-19T10:41:45.590;138;1,0
2026-03-19T10:41:46.551;139;1,0
2026-03-19T10:41:47.991;139;1,0
2026-03-19T10:41:47.995;139;1,0
2026-03-19T10:41:48.951;139;0,9
2026-03-19T10:41:50.390;140;1,0
2026-03-19T10:41:50.868;140;1,1
2026-03-19T10:41:51.830;140;1,1
2026-03-19T10:41:52.791;141;1,1
2026-03-19T10:41:53.751;141;1,1
2026-03-19T10:41:55.192;141;1,2
2026-03-19T10:41:56.152;141;1,1
2026-03-19T10:41:57.111;141;1,2
2026-03-19T10:41:59.031;141;1,1
2026-03-19T10:41:59.034;141;1,1
2026-03-19T10:41:59.990;141;1,1
2026-03-19T10:42:01.913;140;1,2
2026-03-19T10:42:01.916;140;1,2
2026-03-19T10:42:03.831;140;1,1
2026-03-19T10:42:03.834;140;1,2
2026-03-19T10:42:04.792;140;1,2
2026-03-19T10:42:06.714;140;1,2
2026-03-19T10:42:07.671;140;1,4
2026-03-19T10:42:09.591;140;1,4
2026-03-19T10:42:09.594;140;1,3
2026-03-19T10:42:10.553;139;1,3
2026-03-19T10:42:11.031;139;1,5
2026-03-19T10:42:11.991;138;1,5
2026-03-19T10:42:13.427;138;1,8
2026-03-19T10:42:14.390;138;1,7
2026-03-19T10:42:15.351;138;1,8
2026-03-19T10:42:16.311;137;1,9
2026-03-19T10:42:16.789;135;2,3
2026-03-19T10:42:19.192;134;2,3
2026-03-19T10:42:19.196;133;2,3
2026-03-19T10:42:20.152;132;2,3
2026-03-19T10:42:21.111;131;2,3
2026-03-19T10:42:22.072;130;2,3
2026-03-19T10:42:23.991;129;2,4
2026-03-19T10:42:23.994;128;2,7
2026-03-19T10:42:24.951;127;2,7
2026-03-19T10:42:26.869;126;2,7
2026-03-19T10:42:27.349;125;3,0
2026-03-19T10:42:29.271;124;3,1
2026-03-19T10:42:29.274;123;3,2
2026-03-19T10:42:29.748;123;3,2
2026-03-19T10:42:31.669;122;3,2
2026-03-19T10:42:32.149;121;2,9
2026-03-19T10:42:33.112;120;3,3
2026-03-19T10:42:34.072;119;3,3
2026-03-19T10:42:35.031;118;3,4
2026-03-19T10:42:36.471;118;3,4
2026-03-19T10:42:36.951;117;3,5
2026-03-19T10:42:38.388;117;3,5
2026-03-19T10:42:39.351;117;3,2
2026-03-19T10:42:39.830;117;3,2
2026-03-19T10:42:40.790;118;3,4
2026-03-19T10:42:41.751;119;3,2
2026-03-19T10:42:43.192;120;3,0
2026-03-19T10:42:44.151;121;3,2
2026-03-19T10:42:45.592;122;3,4
2026-03-19T10:42:46.552;123;3,4
2026-03-19T10:42:47.031;124;3,2
2026-03-19T10:42:47.991;125;3,1
2026-03-19T10:42:48.952;126;3,0
2026-03-19T10:42:51.832;126;2,9
2026-03-19T10:42:51.835;127;2,7
2026-03-19T10:42:52.312;127;2,7
2026-03-19T10:42:52.789;128;2,8
2026-03-19T10:42:53.752;128;2,8
2026-03-19T10:42:55.193;129;2,4
2026-03-19T10:42:56.147;129;2,3
2026-03-19T10:42:57.109;129;2,3
2026-03-19T10:42:58.067;129;1,7
2026-03-19T10:42:59.027;129;1,7
2026-03-19T10:42:59.991;129;1,8
2026-03-19T10:43:00.950;130;1,5
2026-03-19T10:43:01.912;130;1,4
2026-03-19T10:43:02.869;130;1,7
2026-03-19T10:43:03.831;131;1,8
2026-03-19T10:43:05.271;131;1,9
2026-03-19T10:43:05.751;132;1,8
2026-03-19T10:43:07.192;132;1,9
2026-03-19T10:43:08.152;132;1,6
2026-03-19T10:43:09.110;133;1,6
2026-03-19T10:43:10.062;133;1,6
2026-03-19T10:43:11.032;133;1,6
2026-03-19T10:43:11.977;134;1,7
2026-03-19T10:43:12.953;134;1,7
2026-03-19T10:43:14.869;134;1,6
2026-03-19T10:43:15.351;134;1,6
2026-03-19T10:43:16.312;135;1,7
2026-03-19T10:43:17.752;135;1,4
2026-03-19T10:43:17.755;135;1,4
2026-03-19T10:43:19.174;136;1,5
2026-03-19T10:43:20.133;136;1,5
2026-03-19T10:43:21.094;137;1,4
2026-03-19T10:43:23.018;138;1,5
2026-03-19T10:43:23.493;139;1,5
2026-03-19T10:43:23.973;140;1,6
2026-03-19T10:43:24.946;141;1,6
2026-03-19T10:43:26.385;141;1,6
2026-03-19T10:43:26.869;141;1,6
2026-03-19T10:43:27.830;141;1,6
2026-03-19T10:43:28.791;142;1,4
2026-03-19T10:43:29.750;141;1,5
2026-03-19T10:43:31.670;142;1,5
2026-03-19T10:43:32.628;142;1,5
2026-03-19T10:43:33.111;142;1,5
2026-03-19T10:43:34.071;142;1,4
2026-03-19T10:43:35.512;142;1,4
2026-03-19T10:43:35.980;142;1,2
2026-03-19T10:43:37.896;142;1,2
2026-03-19T10:43:37.900;142;1,3
2026-03-19T10:43:38.869;142;1,4
2026-03-19T10:43:41.271;142;1,5
2026-03-19T10:43:41.275;143;1,5
2026-03-19T10:43:42.713;143;1,5
2026-03-19T10:43:43.187;143;1,1
2026-03-19T10:43:44.153;143;1,1
2026-03-19T10:43:45.112;143;1,1
2026-03-19T10:43:46.072;144;1,2
2026-03-19T10:43:47.031;144;1,3
2026-03-19T10:43:47.992;144;1,3
2026-03-19T10:43:48.951;144;1,4
2026-03-19T10:43:49.914;145;1,3
2026-03-19T10:43:50.858;145;1,2
2026-03-19T10:43:51.831;146;1,0
2026-03-19T10:43:52.792;146;1,0
2026-03-19T10:43:53.752;146;1,0
2026-03-19T10:43:55.191;146;1,1
2026-03-19T10:43:56.152;147;1,1
2026-03-19T10:43:59.513;147;1,1
2026-03-19T10:43:59.517;148;1,2
2026-03-19T10:43:59.520;148;1,1
2026-03-19T10:43:59.991;148;1,3
2026-03-19T10:44:00.952;148;1,3
2026-03-19T10:44:01.914;148;1,2
2026-03-19T10:44:02.867;147;1,2
2026-03-19T10:44:03.831;147;1,2
2026-03-19T10:44:05.753;147;1,4
2026-03-19T10:44:05.756;147;1,5
2026-03-19T10:44:07.193;146;1,6
2026-03-19T10:44:08.153;146;1,8
2026-03-19T10:44:09.114;146;1,9
2026-03-19T10:44:10.551;146;2,0
2026-03-19T10:44:11.031;146;2,0
2026-03-19T10:44:12.472;146;1,9
2026-03-19T10:44:13.913;146;1,8
2026-03-19T10:44:13.916;146;1,9
2026-03-19T10:44:15.353;146;1,9
2026-03-19T10:44:16.312;146;1,9
2026-03-19T10:44:17.273;147;1,8
2026-03-19T10:44:17.750;146;1,8
2026-03-19T10:44:19.192;147;1,6
2026-03-19T10:44:20.154;146;1,5
2026-03-19T10:44:21.113;147;1,3
2026-03-19T10:44:22.073;147;1,1
2026-03-19T10:44:23.033;147;1,1
2026-03-19T10:44:24.953;146;1,2
2026-03-19T10:44:24.956;146;1,2
2026-03-19T10:44:25.911;146;1,2
2026-03-19T10:44:26.871;145;1,1
2026-03-19T10:44:27.829;145;1,1
2026-03-19T10:44:28.792;144;1,1
2026-03-19T10:44:29.749;144;1,2
2026-03-19T10:44:31.192;143;1,2
2026-03-19T10:44:32.153;142;1,2
2026-03-19T10:44:33.112;142;1,3
2026-03-19T10:44:34.551;142;1,2
2026-03-19T10:44:35.031;141;1,4
2026-03-19T10:44:36.473;141;1,4
2026-03-19T10:44:38.390;139;1,7
2026-03-19T10:44:38.393;138;1,7
2026-03-19T10:44:38.870;136;2,0
2026-03-19T10:44:40.791;135;2,2
2026-03-19T10:44:40.793;133;2,3
2026-03-19T10:44:41.752;131;2,7
2026-03-19T10:44:43.193;129;3,0
2026-03-19T10:44:44.152;127;3,1
2026-03-19T10:44:45.112;126;3,1
2026-03-19T10:44:46.553;125;3,1
2026-03-19T10:44:47.033;125;3,1
2026-03-19T10:44:47.992;124;3,1
2026-03-19T10:44:48.953;124;3,0
2026-03-19T10:44:49.911;123;3,0
2026-03-19T10:44:50.869;122;3,1
2026-03-19T10:44:51.831;120;3,8
2026-03-19T10:44:52.792;119;3,7
2026-03-19T10:44:53.753;119;3,5
2026-03-19T10:44:55.193;119;3,6
2026-03-19T10:44:56.629;120;3,5
2026-03-19T10:44:57.111;119;3,2
2026-03-19T10:44:58.553;117;4,0
2026-03-19T10:44:59.031;116;4,1
2026-03-19T10:45:00.470;115;4,2
2026-03-19T10:45:00.947;115;4,2
2026-03-19T10:45:01.913;116;4,4
2026-03-19T10:45:02.870;117;4,4
2026-03-19T10:45:03.830;118;4,4
2026-03-19T10:45:04.792;118;4,5
2026-03-19T10:45:05.752;119;4,4
2026-03-19T10:45:07.193;119;4,0
2026-03-19T10:45:08.152;118;4,1
2026-03-19T10:45:10.552;116;4,5
2026-03-19T10:45:10.555;115;4,4
2026-03-19T10:45:11.032;115;4,6
2026-03-19T10:45:11.992;116;4,5
2026-03-19T10:45:12.950;116;3,7
2026-03-19T10:45:13.914;116;3,6
2026-03-19T10:45:14.870;115;3,5
2026-03-19T10:45:15.831;115;3,5
2026-03-19T10:45:16.791;115;3,5
2026-03-19T10:45:17.752;114;3,2
2026-03-19T10:45:19.192;114;3,2
2026-03-19T10:45:20.148;115;3,0
2026-03-19T10:45:21.113;114;3,0
2026-03-19T10:45:22.553;115;2,7
2026-03-19T10:45:23.030;115;2,6
2026-03-19T10:45:24.473;116;1,8
2026-03-19T10:45:24.952;116;1,8
2026-03-19T10:45:25.912;116;1,4
2026-03-19T10:45:26.871;116;1,2
2026-03-19T10:45:27.831;116;1,9
2026-03-19T10:45:28.789;115;1,9
2026-03-19T10:45:30.712;114;1,9
2026-03-19T10:45:31.189;114;2,0
2026-03-19T10:45:32.154;114;2,0
2026-03-19T10:45:33.113;114;2,0
2026-03-19T10:45:34.072;114;2,4
2026-03-19T10:45:35.033;113;2,8
2026-03-19T10:45:35.992;112;2,8
2026-03-19T10:45:36.950;112;2,8
2026-03-19T10:45:37.913;111;2,8
2026-03-19T10:45:38.868;112;2,7
2026-03-19T10:45:39.832;111;2,7
2026-03-19T10:45:40.792;111;2,8
2026-03-19T10:45:41.753;111;2,8
2026-03-19T10:45:43.192;110;3,2
2026-03-19T10:45:44.153;110;2,9
2026-03-19T10:45:45.112;110;2,8
2026-03-19T10:45:46.071;110;3,2
2026-03-19T10:45:47.513;111;3,1
2026-03-19T10:45:47.991;112;3,1
2026-03-19T10:45:48.953;112;2,9
2026-03-19T10:45:50.392;113;2,6
2026-03-19T10:45:51.352;114;2,6
2026-03-19T10:45:51.831;114;2,6
2026-03-19T10:45:52.775;115;2,7
2026-03-19T10:45:53.753;116;2,7
2026-03-19T10:45:55.670;116;2,7
2026-03-19T10:45:56.154;116;2,7
2026-03-19T10:45:57.111;117;2,8
2026-03-19T10:45:58.553;117;3,4
2026-03-19T10:45:59.030;118;3,1
2026-03-19T10:45:59.993;118;3,2
2026-03-19T10:46:00.951;117;3,0
2026-03-19T10:46:01.916;115;4,6
2026-03-19T10:46:02.872;113;4,9
2026-03-19T10:46:04.312;112;4,9
2026-03-19T10:46:05.273;111;4,9
2026-03-19T10:46:05.753;111;4,9
2026-03-19T10:46:07.181;111;5,3
2026-03-19T10:46:08.136;112;5,4
2026-03-19T10:46:10.073;114;5,5
2026-03-19T10:46:10.076;115;5,5
2026-03-19T10:46:11.512;116;5,5
2026-03-19T10:46:12.474;116;5,5
2026-03-19T10:46:13.432;116;5,1
2026-03-19T10:46:13.911;116;5,1
2026-03-19T10:46:15.338;116;5,1
2026-03-19T10:46:15.831;116;5,1
2026-03-19T10:46:16.793;115;4,8
2026-03-19T10:46:17.753;115;3,0
2026-03-19T10:46:19.671;116;3,2
2026-03-19T10:46:20.153;116;3,1
2026-03-19T10:46:21.097;116;3,2
2026-03-19T10:46:22.553;114;3,2
2026-03-19T10:46:23.033;113;3,1
2026-03-19T10:46:25.917;112;2,9
2026-03-19T10:46:25.919;112;2,9
2026-03-19T10:46:25.921;111;3,0
2026-03-19T10:46:27.832;112;3,0
2026-03-19T10:46:27.834;112;3,1
2026-03-19T10:46:28.792;113;3,1
2026-03-19T10:46:30.234;113;3,1
2026-03-19T10:46:31.193;114;3,1
2026-03-19T10:46:33.114;113;3,3
2026-03-19T10:46:33.116;113;3,5
2026-03-19T10:46:34.071;112;3,4
2026-03-19T10:46:35.033;111;3,4
2026-03-19T10:46:35.991;111;3,5
2026-03-19T10:46:37.432;112;2,8
2026-03-19T10:46:37.912;113;3,1
2026-03-19T10:46:39.354;114;3,0
2026-03-19T10:46:39.831;115;3,0
2026-03-19T10:46:41.273;115;3,3
2026-03-19T10:46:41.751;116;3,4
2026-03-19T10:46:43.192;116;3,3
2026-03-19T10:46:44.154;117;3,2
2026-03-19T10:46:45.593;118;3,3
2026-03-19T10:46:46.073;118;3,6
2026-03-19T10:46:47.035;119;3,3
2026-03-19T10:46:48.473;120;3,2
2026-03-19T10:46:50.393;121;3,2
2026-03-19T10:46:50.396;121;3,3
2026-03-19T10:46:50.872;122;3,2
2026-03-19T10:46:51.819;121;3,3
2026-03-19T10:46:52.792;120;3,1
2026-03-19T10:46:55.193;120;3,1
2026-03-19T10:46:55.196;119;2,9
2026-03-19T10:46:56.154;119;2,7
2026-03-19T10:46:58.073;119;2,6
2026-03-19T10:46:58.076;119;2,6
2026-03-19T10:46:59.514;119;2,7
2026-03-19T10:46:59.992;119;2,7
2026-03-19T10:47:00.952;119;2,3
2026-03-19T10:47:01.917;118;2,3
2026-03-19T10:47:02.871;118;2,3
2026-03-19T10:47:05.754;118;2,3
2026-03-19T10:47:06.233;118;2,3
2026-03-19T10:47:06.236;118;2,3
2026-03-19T10:47:07.659;117;2,0
2026-03-19T10:47:08.152;117;1,9
2026-03-19T10:47:09.593;117;1,8
2026-03-19T10:47:10.072;117;1,8
2026-03-19T10:47:11.033;118;1,7
2026-03-19T10:47:11.994;119;2,1
2026-03-19T10:47:13.433;120;2,4
2026-03-19T10:47:14.872;121;2,7
2026-03-19T10:47:14.875;123;2,5
2026-03-19T10:47:16.793;124;2,8
2026-03-19T10:47:16.796;126;3,0
2026-03-19T10:47:17.753;127;3,0
2026-03-19T10:47:19.193;128;3,2
2026-03-19T10:47:20.155;130;3,2
2026-03-19T10:47:22.074;131;3,3
2026-03-19T10:47:22.077;132;3,3
2026-03-19T10:47:23.994;133;3,5
2026-03-19T10:47:23.997;133;3,6
2026-03-19T10:47:25.434;134;3,3
2026-03-19T10:47:25.913;135;3,2
2026-03-19T10:47:27.353;135;2,9
2026-03-19T10:47:27.832;136;2,9
2026-03-19T10:47:28.794;136;2,5
2026-03-19T10:47:29.754;136;2,4
2026-03-19T10:47:31.193;137;2,4
2026-03-19T10:47:32.634;137;2,3
2026-03-19T10:47:33.111;137;2,3
2026-03-19T10:47:34.072;137;2,1
2026-03-19T10:47:39.355;138;1,8
2026-03-19T10:47:39.358;137;1,8
2026-03-19T10:47:39.360;138;1,9
2026-03-19T10:47:39.833;138;1,8
2026-03-19T10:47:39.836;138;1,8
2026-03-19T10:47:39.837;138;1,8
2026-03-19T10:47:41.273;138;1,8
2026-03-19T10:47:43.672;138;1,8
2026-03-19T10:47:45.114;138;1,7
2026-03-19T10:47:45.118;138;1,5
