Phone timestamp;HR [bpm];HRV [ms];Breathing interval [rpm];
2026-03-18T11:47:17.761;64
2026-03-18T11:47:18.252;64
2026-03-18T11:47:19.212;64
2026-03-18T11:47:20.173;64
2026-03-18T11:47:21.134;64;24,4
2026-03-18T11:47:22.093;63;21,8
2026-03-18T11:47:23.052;63;22,6
2026-03-18T11:47:24.013;63;22,5
2026-03-18T11:47:24.973;62;21,1
2026-03-18T11:47:25.933;62;21,0
2026-03-18T11:47:26.893;63;22,1
2026-03-18T11:47:27.852;63;21,2
2026-03-18T11:47:28.813;63;20,4
2026-03-18T11:47:29.773;64;21,3
2026-03-18T11:47:31.213;64;21,1
2026-03-18T11:47:32.171;66;20,8
2026-03-18T11:47:33.117;67;21,0
2026-03-18T11:47:34.081;67;20,5
2026-03-18T11:47:35.041;68;20,0
2026-03-18T11:47:35.997;68;23,0
2026-03-18T11:47:37.006;67;28,6
2026-03-18T11:47:38.463;66;29,3
2026-03-18T11:47:38.881;65;29,6
2026-03-18T11:47:39.902;65;29,0
2026-03-18T11:47:41.762;64;29,3
2026-03-18T11:47:41.764;64;29,4
2026-03-18T11:47:43.261;64;30,0
2026-03-18T11:47:44.216;65;30,0
2026-03-18T11:47:45.189;65;29,5
2026-03-18T11:47:46.200;66;29,0
2026-03-18T11:47:47.096;66;28,8
2026-03-18T11:47:48.057;65;30,0
2026-03-18T11:47:48.961;65;30,7
2026-03-18T11:47:50.414;64;30,0
2026-03-18T11:47:50.932;64;30,0
2026-03-18T11:47:51.898;64;29,8
2026-03-18T11:47:52.859;64;29,6
2026-03-18T11:47:53.818;64;29,0
2026-03-18T11:47:55.262;64
2026-03-18T11:47:56.224;64;29,0
2026-03-18T11:47:57.181;64;29,1
2026-03-18T11:47:58.134;63;28,5
2026-03-18T11:47:59.105;62;31,8
2026-03-18T11:48:00.515;61;34,1
2026-03-18T11:48:00.971;60;33,8
2026-03-18T11:48:02.003;60;33,4
2026-03-18T11:48:02.893;59;33,5
2026-03-18T11:48:03.890;59;34,3
2026-03-18T11:48:04.813;59;33,4
2026-03-18T11:48:05.774;59;30,2
2026-03-18T11:48:07.248;59;29,3
2026-03-18T11:48:08.223;60;28,8
2026-03-18T11:48:09.165;61;28,3
2026-03-18T11:48:10.145;62;29,5
2026-03-18T11:48:11.100;62;28,4
2026-03-18T11:48:12.060;63;27,8
2026-03-18T11:48:13.033;63;27,8
2026-03-18T11:48:13.985;64;27,9
2026-03-18T11:48:14.946;65;26,8
2026-03-18T11:48:15.900;66;26,0
2026-03-18T11:48:16.798;67;26,8
2026-03-18T11:48:17.757;69;27,7
2026-03-18T11:48:19.200;70;27,7
2026-03-18T11:48:20.171;71;27,7
2026-03-18T11:48:21.133;73;27,7
2026-03-18T11:48:22.094;73;27,7
2026-03-18T11:48:23.043;74;27,8
2026-03-18T11:48:24.014;74;24,0
2026-03-18T11:48:24.974;74;20,7
2026-03-18T11:48:25.917;74;20,7
2026-03-18T11:48:26.894;73;21,2
2026-03-18T11:48:27.854;73;20,6
2026-03-18T11:48:28.814;72;19,6
2026-03-18T11:48:29.774;72;18,6
2026-03-18T11:48:31.213;72;18,5
2026-03-18T11:48:32.223;71;18,0
2026-03-18T11:48:33.173;71;17,9
2026-03-18T11:48:34.141;71;14,4
2026-03-18T11:48:35.099;70;14,7
2026-03-18T11:48:36.058;70;14,7
2026-03-18T11:48:36.973;69;14,7
2026-03-18T11:48:37.975;69;15,2
2026-03-18T11:48:38.941;69;14,6
2026-03-18T11:48:39.898;69;14,6
2026-03-18T11:48:40.858;70;14,6
2026-03-18T11:48:41.822;70;13,0
2026-03-18T11:48:43.261;70;11,5
2026-03-18T11:48:44.220;69;15,2
2026-03-18T11:48:45.134;68;19,3
2026-03-18T11:48:46.094;67;19,3
2026-03-18T11:48:47.055;67;19,3
2026-03-18T11:48:48.001;65;19,3
2026-03-18T11:48:48.974;65;19,2
2026-03-18T11:48:50.891;65;20,9
2026-03-18T11:48:50.892;65;20,9
2026-03-18T11:48:51.853;65;21,2
2026-03-18T11:48:52.799;65;21,2
2026-03-18T11:48:53.755;66;20,7
2026-03-18T11:48:55.197;66;19,8
2026-03-18T11:48:56.640;66;19,9
2026-03-18T11:48:57.115;66;19,9
2026-03-18T11:48:58.077;65;19,9
2026-03-18T11:48:59.051;65;20,3
2026-03-18T11:49:00.005;65;20,3
2026-03-18T11:49:00.974;65;20,4
2026-03-18T11:49:01.934;65;20,5
2026-03-18T11:49:02.892;64;20,4
2026-03-18T11:49:03.857;63;21,9
2026-03-18T11:49:04.797;62;22,6
2026-03-18T11:49:06.730;61;22,3
2026-03-18T11:49:07.200;61;22,2
2026-03-18T11:49:08.154;61;22,7
2026-03-18T11:49:09.113;61;23,9
2026-03-18T11:49:10.074;61;23,9
2026-03-18T11:49:11.034;61;23,9
2026-03-18T11:49:11.998;62;17,9
2026-03-18T11:49:13.913;62;23,7
2026-03-18T11:49:13.914;63;23,7
2026-03-18T11:49:14.876;65;25,3
2026-03-18T11:49:15.836;66;25,3
2026-03-18T11:49:16.794;67;24,2
2026-03-18T11:49:17.754;70;24,0
2026-03-18T11:49:19.194;71;24,0
2026-03-18T11:49:20.155;72;24,1
2026-03-18T11:49:21.116;73;23,9
2026-03-18T11:49:22.075;74;23,9
2026-03-18T11:49:23.036;74;23,9
2026-03-18T11:49:23.998;76;23,8
2026-03-18T11:49:24.957;76;23,8
2026-03-18T11:49:25.916;78;23,8
2026-03-18T11:49:26.876;79;22,4
2026-03-18T11:49:27.835;80;21,7
2026-03-18T11:49:28.800;81;21,7
2026-03-18T11:49:29.753;81;21,1
2026-03-18T11:49:31.199;83;19,9
2026-03-18T11:49:32.157;83;19,9
2026-03-18T11:49:33.114;84;19,8
2026-03-18T11:49:34.075;85;12,2
2026-03-18T11:49:35.039;85;12,7
2026-03-18T11:49:35.998;84;10,8
2026-03-18T11:49:36.956;83;11,8
2026-03-18T11:49:37.916;83;10,9
2026-03-18T11:49:38.877;82;10,6
2026-03-18T11:49:39.836;81;10,6
2026-03-18T11:49:40.796;81;10,8
2026-03-18T11:49:41.754;80;10,8
2026-03-18T11:49:43.194;80;10,9
2026-03-18T11:49:44.156;80;10,9
2026-03-18T11:49:45.113;80;11,3
2026-03-18T11:49:46.077;80;10,5
2026-03-18T11:49:47.035;79;10,6
2026-03-18T11:49:47.998;79;10,3
2026-03-18T11:49:48.956;79;10,3
2026-03-18T11:49:49.919;79;10,2
2026-03-18T11:49:50.878;79;10,3
2026-03-18T11:49:51.837;79;10,8
2026-03-18T11:49:52.796;80;11,3
2026-03-18T11:49:53.758;81;11,9
2026-03-18T11:49:55.196;82;11,9
2026-03-18T11:49:56.157;84;11,8
2026-03-18T11:49:57.118;86;10,6
2026-03-18T11:49:58.076;87;9,2
2026-03-18T11:49:59.036;90;9,3
2026-03-18T11:49:59.998;92;9,2
2026-03-18T11:50:00.955;93;8,9
2026-03-18T11:50:01.916;95;9,0
2026-03-18T11:50:02.879;96;9,0
2026-03-18T11:50:03.835;97;8,5
2026-03-18T11:50:04.798;98;8,5
2026-03-18T11:50:05.757;99;8,4
2026-03-18T11:50:07.197;100;8,4
2026-03-18T11:50:08.157;101;8,4
2026-03-18T11:50:09.114;102;7,8
2026-03-18T11:50:10.077;102;6,8
2026-03-18T11:50:11.036;102;6,6
2026-03-18T11:50:11.998;103;5,5
2026-03-18T11:50:12.954;103;4,3
2026-03-18T11:50:13.916;103;4,1
2026-03-18T11:50:14.877;103;3,3
2026-03-18T11:50:15.839;104;2,5
2026-03-18T11:50:16.796;104;2,5
2026-03-18T11:50:17.756;104;2,5
2026-03-18T11:50:19.198;105;2,0
2026-03-18T11:50:20.158;105;2,0
2026-03-18T11:50:21.116;105;2,0
2026-03-18T11:50:22.079;106;2,0
2026-03-18T11:50:23.035;106;2,0
2026-03-18T11:50:23.997;106;1,9
2026-03-18T11:50:24.957;106;1,8
2026-03-18T11:50:25.917;107;1,8
2026-03-18T11:50:26.876;107;1,9
2026-03-18T11:50:27.837;108;1,9
2026-03-18T11:50:28.798;108;1,9
2026-03-18T11:50:29.754;109;1,9
2026-03-18T11:50:31.198;109;1,7
2026-03-18T11:50:32.157;109;2,1
2026-03-18T11:50:33.117;110;2,9
2026-03-18T11:50:34.075;110;3,3
2026-03-18T11:50:35.035;110;3,4
2026-03-18T11:50:35.996;110;3,5
2026-03-18T11:50:36.955;111;3,5
2026-03-18T11:50:38.878;111;3,3
2026-03-18T11:50:38.881;111;3,3
2026-03-18T11:50:39.837;112;3,3
2026-03-18T11:50:40.797;112;3,3
2026-03-18T11:50:41.756;112;3,3
2026-03-18T11:50:43.198;112;3,3
2026-03-18T11:50:44.158;112;3,3
2026-03-18T11:50:45.119;112;3,3
2026-03-18T11:50:46.077;112;3,3
2026-03-18T11:50:47.036;112;3,2
2026-03-18T11:50:47.996;111;3,1
2026-03-18T11:50:48.959;111;2,4
2026-03-18T11:50:49.916;111;1,5
2026-03-18T11:50:50.877;110;2,0
2026-03-18T11:50:51.836;109;2,7
2026-03-18T11:50:52.797;106;6,0
2026-03-18T11:50:53.760;103;6,1
2026-03-18T11:50:55.196;102;6,1
2026-03-18T11:50:56.157;101;6,1
2026-03-18T11:50:57.116;100;6,1
2026-03-18T11:50:58.077;100;6,1
2026-03-18T11:50:59.036;99;6,2
2026-03-18T11:50:59.996;99;6,2
2026-03-18T11:51:00.958;98;6,2
2026-03-18T11:51:01.917;98;6,2
2026-03-18T11:51:02.875;98;6,2
2026-03-18T11:51:03.837;98;6,2
2026-03-18T11:51:04.796;97;6,4
2026-03-18T11:51:05.757;96;7,0
2026-03-18T11:51:07.196;95;7,6
2026-03-18T11:51:08.158;94;7,8
2026-03-18T11:51:09.118;91;9,0
2026-03-18T11:51:10.076;90;9,0
2026-03-18T11:51:11.038;89;7,7
2026-03-18T11:51:11.996;88;7,0
2026-03-18T11:51:12.956;88;6,9
2026-03-18T11:51:13.915;88;6,9
2026-03-18T11:51:15.359;87;7,2
2026-03-18T11:51:15.835;87;7,2
2026-03-18T11:51:16.796;88;7,6
2026-03-18T11:51:17.756;89;8,2
2026-03-18T11:51:19.197;90;8,2
2026-03-18T11:51:20.156;92;8,8
2026-03-18T11:51:21.116;92;8,8
2026-03-18T11:51:22.077;94;8,8
2026-03-18T11:51:23.039;94;8,8
2026-03-18T11:51:23.999;93;10,2
2026-03-18T11:51:25.916;93;10,2
2026-03-18T11:51:25.919;93;9,5
2026-03-18T11:51:26.876;93;9,3
2026-03-18T11:51:27.836;93;9,0
2026-03-18T11:51:28.796;93;8,1
2026-03-18T11:51:29.757;87;11,4
2026-03-18T11:51:31.196;82;21,3
2026-03-18T11:51:32.157;81;21,3
2026-03-18T11:51:33.116;80;21,6
2026-03-18T11:51:34.077;79;21,9
2026-03-18T11:51:35.036;78;21,9
2026-03-18T11:51:35.996;78;22,0
2026-03-18T11:51:36.957;79;22,5
2026-03-18T11:51:37.916;79;22,4
2026-03-18T11:51:38.877;80;22,2
2026-03-18T11:51:39.836;80;22,2
2026-03-18T11:51:40.797;81;22,3
2026-03-18T11:51:41.757;82;22,5
2026-03-18T11:51:43.198;83;22,5
2026-03-18T11:51:44.156;84;22,7
2026-03-18T11:51:45.116;86;22,1
2026-03-18T11:51:46.078;86;22,1
2026-03-18T11:51:47.039;88;22,0
2026-03-18T11:51:47.997;90;22,1
2026-03-18T11:51:48.956;91;22,1
2026-03-18T11:51:49.917;92;20,7
2026-03-18T11:51:50.877;94;10,2
2026-03-18T11:51:51.836;95;9,5
2026-03-18T11:51:52.797;97;8,9
2026-03-18T11:51:53.757;98;8,6
2026-03-18T11:51:55.196;99;8,0
2026-03-18T11:51:56.156;101;7,0
2026-03-18T11:51:57.117;102;7,0
2026-03-18T11:51:58.076;104;6,1
2026-03-18T11:51:59.037;105;5,3
2026-03-18T11:51:59.997;106;5,2
2026-03-18T11:52:00.955;106;4,4
2026-03-18T11:52:01.917;107;4,3
2026-03-18T11:52:02.878;108;4,2
2026-03-18T11:52:03.838;109;3,8
2026-03-18T11:52:04.796;109;3,7
2026-03-18T11:52:05.756;109;3,4
2026-03-18T11:52:07.198;109;3,3
2026-03-18T11:52:08.158;110;3,2
2026-03-18T11:52:09.119;110;2,9
2026-03-18T11:52:10.074;110;2,9
2026-03-18T11:52:11.037;111;2,8
2026-03-18T11:52:11.997;111;3,0
2026-03-18T11:52:12.998;112;3,0
2026-03-18T11:52:13.916;112;2,8
2026-03-18T11:52:15.839;112;2,7
2026-03-18T11:52:15.842;112;2,7
2026-03-18T11:52:16.794;112;2,7
2026-03-18T11:52:17.754;112;2,7
2026-03-18T11:52:19.211;112;2,7
2026-03-18T11:52:20.171;113;2,7
2026-03-18T11:52:21.600;113;2,6
2026-03-18T11:52:22.093;113;2,5
2026-03-18T11:52:23.040;113;2,7
2026-03-18T11:52:23.999;114;2,8
2026-03-18T11:52:24.955;114;3,1
2026-03-18T11:52:25.917;115;3,0
2026-03-18T11:52:26.875;115;3,0
2026-03-18T11:52:27.839;115;2,4
2026-03-18T11:52:28.799;116;2,4
2026-03-18T11:52:29.762;116;2,4
2026-03-18T11:52:31.199;117;2,4
2026-03-18T11:52:32.154;117;2,4
2026-03-18T11:52:33.115;117;2,5
2026-03-18T11:52:34.076;117;2,5
2026-03-18T11:52:35.036;117;2,5
2026-03-18T11:52:35.995;117;2,5
2026-03-18T11:52:36.954;117;2,4
2026-03-18T11:52:37.914;118;2,2
2026-03-18T11:52:38.874;118;1,4
2026-03-18T11:52:39.834;118;1,4
2026-03-18T11:52:40.794;118;1,4
2026-03-18T11:52:41.757;118;1,4
2026-03-18T11:52:43.198;119;1,3
2026-03-18T11:52:44.155;119;1,2
2026-03-18T11:52:45.119;119;1,2
2026-03-18T11:52:46.074;119;1,2
2026-03-18T11:52:47.036;119;1,1
2026-03-18T11:52:47.998;119;0,9
2026-03-18T11:52:48.956;120;1,0
2026-03-18T11:52:49.919;120;1,1
2026-03-18T11:52:50.877;120;1,1
2026-03-18T11:52:51.837;120;1,1
2026-03-18T11:52:52.797;121;1,1
2026-03-18T11:52:53.761;121;1,0
2026-03-18T11:52:55.197;121;1,0
2026-03-18T11:52:56.156;121;1,2
2026-03-18T11:52:57.118;122;1,2
2026-03-18T11:52:58.076;122;1,2
2026-03-18T11:52:59.036;122;1,7
2026-03-18T11:52:59.997;122;1,7
2026-03-18T11:53:00.961;123;1,7
2026-03-18T11:53:01.917;123;1,6
2026-03-18T11:53:02.878;123;1,6
2026-03-18T11:53:03.834;123;1,7
2026-03-18T11:53:04.798;123;1,8
2026-03-18T11:53:05.757;123;1,8
2026-03-18T11:53:07.197;123;2,0
2026-03-18T11:53:08.157;123;2,0
2026-03-18T11:53:09.116;124;2,0
2026-03-18T11:53:10.074;123;2,0
2026-03-18T11:53:11.037;124;1,9
2026-03-18T11:53:11.997;124;1,9
2026-03-18T11:53:12.956;124;1,5
2026-03-18T11:53:13.916;124;1,5
2026-03-18T11:53:14.876;124;1,5
2026-03-18T11:53:16.798;124;1,5
2026-03-18T11:53:16.801;124;1,6
2026-03-18T11:53:18.717;123;1,4
2026-03-18T11:53:19.198;123;1,3
2026-03-18T11:53:20.157;123;1,3
2026-03-18T11:53:21.116;123;1,1
2026-03-18T11:53:22.078;122;1,1
2026-03-18T11:53:23.036;122;1,4
2026-03-18T11:53:23.996;121;1,4
2026-03-18T11:53:24.957;121;1,4
2026-03-18T11:53:25.917;121;1,4
2026-03-18T11:53:26.877;120;1,5
2026-03-18T11:53:27.838;120;1,5
2026-03-18T11:53:28.794;120
2026-03-18T11:53:29.757;120;1,6
2026-03-18T11:53:31.198;119;1,6
2026-03-18T11:53:32.158;119;1,5
2026-03-18T11:53:33.116;119;1,6
2026-03-18T11:53:34.077;119;1,6
2026-03-18T11:53:35.037;119;1,6
2026-03-18T11:53:35.997;119;1,6
2026-03-18T11:53:36.957;120;1,8
2026-03-18T11:53:37.917;120;1,6
2026-03-18T11:53:38.877;120;1,6
2026-03-18T11:53:39.838;121;1,6
2026-03-18T11:53:40.797;121;1,9
2026-03-18T11:53:41.757;121;1,7
2026-03-18T11:53:43.198;121;1,8
2026-03-18T11:53:44.156;121;1,8
2026-03-18T11:53:45.117;121;1,9
2026-03-18T11:53:46.081;121;1,9
2026-03-18T11:53:47.036;121;1,8
2026-03-18T11:53:47.996;121;1,8
2026-03-18T11:53:48.956;121;1,8
2026-03-18T11:53:50.879;121;1,7
2026-03-18T11:53:50.881;121;1,7
2026-03-18T11:53:51.838;122;1,7
2026-03-18T11:53:52.796;122;1,7
2026-03-18T11:53:53.757;122;1,7
2026-03-18T11:53:55.197;122;1,5
2026-03-18T11:53:56.157;123;1,4
2026-03-18T11:53:57.116;123;1,6
2026-03-18T11:53:58.077;123;1,6
2026-03-18T11:53:59.037;123;1,7
2026-03-18T11:53:59.997;123;1,7
2026-03-18T11:54:00.957;123;1,7
2026-03-18T11:54:01.917;122;1,9
2026-03-18T11:54:02.877;122;1,9
2026-03-18T11:54:03.837;122;1,9
2026-03-18T11:54:05.757;121;1,9
2026-03-18T11:54:05.759;121;1,8
2026-03-18T11:54:07.195;119;3,4
2026-03-18T11:54:08.156;117;4,1
2026-03-18T11:54:09.117;115;4,3
2026-03-18T11:54:10.077;113;4,3
2026-03-18T11:54:11.037;112;4,3
2026-03-18T11:54:11.996;111;4,2
2026-03-18T11:54:12.957;111;4,2
2026-03-18T11:54:13.918;111;4,1
2026-03-18T11:54:14.876;111;4,2
2026-03-18T11:54:15.839;111;4,2
2026-03-18T11:54:16.796;111;4,1
2026-03-18T11:54:17.759;111;4,1
2026-03-18T11:54:19.196;110;4,2
2026-03-18T11:54:20.157;109;4,3
2026-03-18T11:54:21.118;108;4,7
2026-03-18T11:54:22.076;105;9,1
2026-03-18T11:54:23.036;97;12,1
2026-03-18T11:54:23.996;95;12,6
2026-03-18T11:54:24.957;92;12,6
2026-03-18T11:54:25.916;91;12,8
2026-03-18T11:54:26.877;90;13,4
2026-03-18T11:54:27.836;90;13,4
2026-03-18T11:54:28.797;91;13,7
2026-03-18T11:54:29.755;91;13,7
2026-03-18T11:54:31.197;92;13,7
2026-03-18T11:54:32.157;92;13,7
2026-03-18T11:54:33.116;92;13,8
2026-03-18T11:54:34.078;92;13,8
2026-03-18T11:54:35.035;92;13,8
2026-03-18T11:54:35.997;93;13,8
2026-03-18T11:54:36.956;93;13,9
2026-03-18T11:54:37.917;94;13,9
2026-03-18T11:54:38.876;94;13,9
2026-03-18T11:54:39.837;93;14,0
2026-03-18T11:54:40.796;93;11,9
2026-03-18T11:54:41.757;91;9,6
2026-03-18T11:54:43.196;90;8,8
2026-03-18T11:54:44.154;89;8,5
2026-03-18T11:54:45.115;89;8,6
2026-03-18T11:54:46.073;89;8,7
2026-03-18T11:54:47.039;89;7,9
2026-03-18T11:54:47.997;89;7,8
2026-03-18T11:54:48.956;88;8,9
2026-03-18T11:54:50.876;86;11,5
2026-03-18T11:54:51.836;85;12,1
2026-03-18T11:54:52.315;84;12,2
2026-03-18T11:54:52.797;82;12,1
2026-03-18T11:54:53.756;81;12,3
2026-03-18T11:54:55.196;81;12,3
2026-03-18T11:54:56.638;81;12,7
2026-03-18T11:54:57.115;81;12,9
2026-03-18T11:54:58.075;81;12,9
2026-03-18T11:54:59.037;81;12,9
2026-03-18T11:54:59.996;81;13,0
2026-03-18T11:55:00.956;81;13,1
2026-03-18T11:55:01.914;81;12,6
2026-03-18T11:55:02.875;81;12,0
2026-03-18T11:55:03.835;81;11,9
2026-03-18T11:55:04.797;81;11,9
2026-03-18T11:55:05.756;81;12,1
2026-03-18T11:55:07.198;82;12,4
2026-03-18T11:55:08.156;82;12,6
2026-03-18T11:55:09.116;84;12,8
2026-03-18T11:55:10.077;85;11,8
2026-03-18T11:55:11.036;86;9,1
2026-03-18T11:55:11.994;86;8,8
2026-03-18T11:55:12.958;86;8,7
2026-03-18T11:55:13.916;85;10,4
2026-03-18T11:55:14.876;85;10,3
2026-03-18T11:55:16.797;84;9,7
2026-03-18T11:55:16.800;84;9,9
2026-03-18T11:55:17.755;84;9,7
2026-03-18T11:55:19.197;84;9,6
2026-03-18T11:55:20.157;84;9,6
2026-03-18T11:55:21.119;85;9,5
2026-03-18T11:55:22.075;85;9,5
2026-03-18T11:55:23.037;85;9,7
2026-03-18T11:55:23.996;85;9,7
2026-03-18T11:55:24.955;85;9,6
2026-03-18T11:55:25.916;85;9,4
2026-03-18T11:55:26.875;85;9,3
2026-03-18T11:55:27.837;86;8,3
2026-03-18T11:55:28.797;86;8,3
2026-03-18T11:55:30.717;87;8,1
2026-03-18T11:55:31.196;87;8,1
2026-03-18T11:55:32.155;88;7,7
2026-03-18T11:55:33.115;88;7,6
2026-03-18T11:55:34.077;89;5,4
2026-03-18T11:55:35.035;89;5,1
2026-03-18T11:55:35.996;89;5,5
2026-03-18T11:55:36.957;89;5,2
2026-03-18T11:55:37.917;89;4,9
2026-03-18T11:55:38.874;90;5,4
2026-03-18T11:55:39.838;90;5,2
2026-03-18T11:55:40.796;90;5,2
2026-03-18T11:55:41.756;90;7,1
2026-03-18T11:55:43.196;88;9,8
2026-03-18T11:55:44.156;87;9,9
2026-03-18T11:55:45.116;86;10,8
2026-03-18T11:55:46.074;84;10,8
2026-03-18T11:55:47.036;84;10,9
2026-03-18T11:55:47.998;84;12,0
2026-03-18T11:55:48.956;85;12,5
2026-03-18T11:55:49.917;86;12,5
2026-03-18T11:55:50.876;86;12,5
2026-03-18T11:55:51.836;86;12,6
2026-03-18T11:55:52.797;86;12,7
2026-03-18T11:55:53.756;85;13,4
2026-03-18T11:55:55.197;84;13,4
2026-03-18T11:55:56.155;84;13,6
2026-03-18T11:55:57.118;85;14,5
2026-03-18T11:55:58.075;86;14,5
2026-03-18T11:55:59.036;86;14,5
2026-03-18T11:55:59.996;86;14,3
2026-03-18T11:56:00.955;86;14,6
2026-03-18T11:56:01.916;84;18,6
2026-03-18T11:56:02.877;77;29,0
2026-03-18T11:56:03.836;76;28,2
2026-03-18T11:56:04.796;75;28,1
2026-03-18T11:56:05.758;75;28,3
2026-03-18T11:56:07.197;75;29,5
2026-03-18T11:56:08.156;75;29,9
2026-03-18T11:56:09.117;76;29,9
2026-03-18T11:56:10.075;77;29,7
2026-03-18T11:56:11.036;79;30,7
2026-03-18T11:56:11.995;80;30,7
2026-03-18T11:56:12.957;82;30,8
2026-03-18T11:56:13.915;83;30,7
2026-03-18T11:56:14.876;84;30,7
2026-03-18T11:56:15.838;84;30,9
2026-03-18T11:56:17.759;84;31,0
2026-03-18T11:56:17.762;83;30,8
2026-03-18T11:56:19.197;83;30,6
2026-03-18T11:56:20.158;83;30,8
2026-03-18T11:56:21.117;83;30,9
2026-03-18T11:56:22.078;85;28,8
2026-03-18T11:56:23.036;85;17,7
2026-03-18T11:56:23.998;87;17,8
2026-03-18T11:56:24.955;88;17,8
2026-03-18T11:56:25.917;89;15,4
2026-03-18T11:56:26.876;89;14,6
2026-03-18T11:56:27.838;90;13,2
2026-03-18T11:56:28.795;91;13,2
2026-03-18T11:56:29.756;91;10,2
2026-03-18T11:56:31.196;91;9,9
2026-03-18T11:56:32.157;92;9,5
2026-03-18T11:56:33.117;92;9,5
2026-03-18T11:56:34.076;93;9,6
2026-03-18T11:56:35.036;94;8,0
2026-03-18T11:56:35.996;95;7,3
2026-03-18T11:56:36.958;96;7,2
2026-03-18T11:56:37.919;97;7,2
2026-03-18T11:56:38.876;97;5,7
2026-03-18T11:56:39.836;98;5,1
2026-03-18T11:56:40.798;98;3,5
2026-03-18T11:56:41.756;99;3,3
2026-03-18T11:56:43.195;99;3,3
2026-03-18T11:56:44.157;100;3,4
2026-03-18T11:56:46.076;101;3,4
2026-03-18T11:56:46.079;101;3,4
2026-03-18T11:56:47.038;101;3,4
2026-03-18T11:56:47.996;101;3,5
2026-03-18T11:56:48.956;101;3,5
2026-03-18T11:56:49.919;101;3,5
2026-03-18T11:56:50.876;101;3,5
2026-03-18T11:56:51.837;98;6,6
2026-03-18T11:56:52.797;97;6,7
2026-03-18T11:56:53.757;94;6,8
2026-03-18T11:56:55.198;92;48,1
2026-03-18T11:56:56.154;92
2026-03-18T11:56:57.117;92;48,8
2026-03-18T11:56:58.075;92;59,8
2026-03-18T11:56:59.037;92;59,8
2026-03-18T11:56:59.995;93;59,8
2026-03-18T11:57:00.958;94;59,8
2026-03-18T11:57:01.917;95;59,8
2026-03-18T11:57:02.876;95;59,8
2026-03-18T11:57:04.796;96;59,9
2026-03-18T11:57:04.802;97;59,9
2026-03-18T11:57:05.757;99;59,9
2026-03-18T11:57:07.196;100;59,9
2026-03-18T11:57:08.157;102;60,0
2026-03-18T11:57:09.119;103;59,9
2026-03-18T11:57:10.077;105;59,6
2026-03-18T11:57:11.036;106;59,7
2026-03-18T11:57:11.996;107;59,6
2026-03-18T11:57:12.956;108;36,5
2026-03-18T11:57:13.915;109;36,2
2026-03-18T11:57:15.837;110;34,9
2026-03-18T11:57:15.841;112;5,2
2026-03-18T11:57:16.796;113;5,5
2026-03-18T11:57:17.757;115;5,2
2026-03-18T11:57:19.198;115;5,3
2026-03-18T11:57:20.157;116;5,3
2026-03-18T11:57:21.118;117;4,7
2026-03-18T11:57:22.078;117;4,1
2026-03-18T11:57:23.039;118;4,1
2026-03-18T11:57:23.996;118;3,1
2026-03-18T11:57:24.956;119;3,1
2026-03-18T11:57:25.917;119;3,0
2026-03-18T11:57:26.876;119;2,9
2026-03-18T11:57:27.840;120;2,5
2026-03-18T11:57:28.796;120;2,4
2026-03-18T11:57:29.758;121;2,4
2026-03-18T11:57:31.197;121;2,3
2026-03-18T11:57:32.158;121;1,7
2026-03-18T11:57:33.119;122;1,5
2026-03-18T11:57:34.077;122;1,7
2026-03-18T11:57:35.039;122;1,7
2026-03-18T11:57:35.996;122;1,7
2026-03-18T11:57:36.958;122;1,7
2026-03-18T11:57:37.917;122;1,7
2026-03-18T11:57:38.878;123;1,7
2026-03-18T11:57:39.837;123;1,7
2026-03-18T11:57:40.799;123;1,7
2026-03-18T11:57:42.721;123;1,7
2026-03-18T11:57:43.197;123;1,6
2026-03-18T11:57:44.157;123;1,7
2026-03-18T11:57:45.118;124;1,9
2026-03-18T11:57:46.082;124;1,8
2026-03-18T11:57:47.036;124;1,8
2026-03-18T11:57:47.998;125;1,6
2026-03-18T11:57:48.955;125;1,5
2026-03-18T11:57:50.879;126;1,5
2026-03-18T11:57:50.882;126;1,6
2026-03-18T11:57:51.837;126;1,6
2026-03-18T11:57:52.798;126;1,7
2026-03-18T11:57:53.758;126;1,7
2026-03-18T11:57:55.197;127;1,9
2026-03-18T11:57:56.156;127;1,8
2026-03-18T11:57:57.116;127;1,8
2026-03-18T11:57:58.078;127;1,7
2026-03-18T11:57:59.037;127;1,5
2026-03-18T11:57:59.995;127;1,5
2026-03-18T11:58:00.959;127;1,5
2026-03-18T11:58:01.917;127;1,5
2026-03-18T11:58:02.876;127;1,9
2026-03-18T11:58:03.837;127;1,9
2026-03-18T11:58:04.798;127;1,9
2026-03-18T11:58:06.718;127;1,8
2026-03-18T11:58:07.196;127;1,8
2026-03-18T11:58:08.158;127;1,6
2026-03-18T11:58:09.118;127;1,6
2026-03-18T11:58:10.074;127;1,6
2026-03-18T11:58:11.037;127;1,6
2026-03-18T11:58:11.998;127;1,9
2026-03-18T11:58:12.958;127;1,9
2026-03-18T11:58:13.917;128;2,0
2026-03-18T11:58:14.877;128;2,1
2026-03-18T11:58:15.836;128;2,2
2026-03-18T11:58:16.796;128;2,2
2026-03-18T11:58:17.756;128;2,0
2026-03-18T11:58:19.197;128;1,9
2026-03-18T11:58:20.159;128;4,5
2026-03-18T11:58:21.117;128;18,2
2026-03-18T11:58:22.078;128;19,1
2026-03-18T11:58:23.038;128;24,4
2026-03-18T11:58:23.998;128
2026-03-18T11:58:25.918;128;24,5
2026-03-18T11:58:25.921;128;24,5
2026-03-18T11:58:26.880;128;24,5
2026-03-18T11:58:27.838;129;24,5
2026-03-18T11:58:29.757;129;24,5
2026-03-18T11:58:29.761;129;24,5
2026-03-18T11:58:31.200;129;24,5
2026-03-18T11:58:32.637;129;24,5
2026-03-18T11:58:33.115;129;24,5
2026-03-18T11:58:34.076;130;24,5
2026-03-18T11:58:35.038;130;24,5
2026-03-18T11:58:35.998;130;16,5
2026-03-18T11:58:36.957;130;15,4
2026-03-18T11:58:38.876;130;2,3
2026-03-18T11:58:39.837;130;2,2
2026-03-18T11:58:40.795;130
2026-03-18T11:58:40.801;130;1,6
2026-03-18T11:58:41.755;130;1,5
2026-03-18T11:58:43.197;130;1,5
2026-03-18T11:58:44.157;130;1,6
2026-03-18T11:58:45.114;130;1,3
2026-03-18T11:58:46.076;130;1,2
2026-03-18T11:58:47.038;131;1,1
2026-03-18T11:58:47.996;131;1,1
2026-03-18T11:58:48.956;131;1,0
2026-03-18T11:58:49.916;131;1,0
2026-03-18T11:58:50.877;131;1,0
2026-03-18T11:58:51.837;131;0,8
2026-03-18T11:58:52.797;132;1,1
2026-03-18T11:58:53.755;132;1,1
2026-03-18T11:58:55.197;132;1,1
2026-03-18T11:58:56.159;132;1,3
2026-03-18T11:58:57.120;133;1,8
2026-03-18T11:58:58.076;133;1,8
2026-03-18T11:58:59.036;133;1,8
2026-03-18T11:58:59.997;133;1,8
2026-03-18T11:59:00.957;133;1,8
2026-03-18T11:59:01.917;133;1,8
2026-03-18T11:59:02.877;133;1,8
2026-03-18T11:59:03.837;134;1,8
2026-03-18T11:59:04.797;134;1,8
2026-03-18T11:59:06.718;134;1,7
2026-03-18T11:59:07.197;135;1,8
2026-03-18T11:59:08.156;135;1,7
2026-03-18T11:59:09.118;135;1,6
2026-03-18T11:59:10.076;135;1,6
2026-03-18T11:59:11.038;135;1,0
2026-03-18T11:59:11.996;135;1,1
2026-03-18T11:59:12.959;136;80,6
2026-03-18T11:59:13.916;136;113,6
2026-03-18T11:59:14.877;136;113,6
2026-03-18T11:59:16.797;137;113,6
2026-03-18T11:59:16.801;137;113,6
2026-03-18T11:59:17.756;137;113,6
2026-03-18T11:59:19.196;137;113,6
2026-03-18T11:59:20.158;137;113,6
2026-03-18T11:59:21.117;137;113,6
2026-03-18T11:59:22.078;137;113,6
2026-03-18T11:59:23.037;138;113,6
2026-03-18T11:59:23.997;138;113,6
2026-03-18T11:59:25.918;138;113,6
2026-03-18T11:59:25.922;138;80,0
2026-03-18T11:59:26.878;138;1,1
2026-03-18T11:59:27.837;138;0,9
2026-03-18T11:59:28.796;138;1,2
2026-03-18T11:59:29.758;138;1,6
2026-03-18T11:59:31.198;138;1,6
2026-03-18T11:59:32.157;138;1,6
2026-03-18T11:59:33.120;138;1,6
2026-03-18T11:59:34.076;138;1,6
2026-03-18T11:59:35.038;138;1,5
2026-03-18T11:59:35.996;138;1,5
2026-03-18T11:59:36.960;138;1,5
2026-03-18T11:59:37.917;138;1,5
2026-03-18T11:59:38.876;138;1,5
2026-03-18T11:59:39.838;138;1,6
2026-03-18T11:59:41.758;138;1,5
2026-03-18T11:59:41.761;138;1,1
2026-03-18T11:59:43.197;138;0,8
2026-03-18T11:59:44.160;138;0,8
2026-03-18T11:59:45.118;138;1,0
2026-03-18T11:59:46.076;138;1,0
2026-03-18T11:59:47.039;138;1,0
2026-03-18T11:59:47.997;139;1,0
2026-03-18T11:59:48.957;139;1,0
2026-03-18T11:59:49.917;139;1,1
2026-03-18T11:59:50.876;139;1,1
2026-03-18T11:59:51.836;139;1,1
2026-03-18T11:59:52.802;139;1,3
2026-03-18T11:59:53.757;139;1,3
2026-03-18T11:59:55.196;139;1,3
2026-03-18T11:59:56.158;139;1,3
2026-03-18T11:59:57.117;139;1,3
2026-03-18T11:59:58.076;139;1,3
2026-03-18T11:59:59.036;138;1,1
2026-03-18T12:00:00.000;139;1,1
2026-03-18T12:00:00.954;138;1,1
2026-03-18T12:00:01.914;139;1,1
2026-03-18T12:00:03.838;138;1,1
2026-03-18T12:00:03.842;138;1,3
2026-03-18T12:00:04.798;138;1,1
2026-03-18T12:00:06.714;138;1,1
2026-03-18T12:00:07.195;138;1,1
2026-03-18T12:00:08.154;138;1,2
2026-03-18T12:00:09.118;138;1,4
2026-03-18T12:00:10.075;138;1,4
2026-03-18T12:00:11.039;138;1,4
2026-03-18T12:00:11.996;138;1,5
2026-03-18T12:00:12.958;138;1,5
2026-03-18T12:00:13.916;138;1,5
2026-03-18T12:00:14.879;138;1,5
2026-03-18T12:00:15.839;138;1,5
2026-03-18T12:00:16.796;138;1,4
2026-03-18T12:00:17.755;138;1,2
2026-03-18T12:00:19.198;139;1,1
2026-03-18T12:00:20.158;139;1,1
2026-03-18T12:00:21.117;139;1,1
2026-03-18T12:00:22.078;138;1,1
2026-03-18T12:00:23.039;138;0,7
2026-03-18T12:00:23.996;138;0,7
2026-03-18T12:00:25.436;138;0,9
2026-03-18T12:00:25.920;138;1,0
2026-03-18T12:00:26.874;138;1,1
2026-03-18T12:00:27.836;138;1,2
2026-03-18T12:00:28.798;138;1,2
2026-03-18T12:00:29.758;137;1,3
2026-03-18T12:00:31.196;137;1,3
2026-03-18T12:00:32.157;137;1,4
2026-03-18T12:00:33.118;137;1,4
2026-03-18T12:00:34.076;137;1,4
2026-03-18T12:00:35.036;137;1,4
2026-03-18T12:00:35.999;136;1,4
2026-03-18T12:00:36.958;136;1,5
2026-03-18T12:00:37.917;136;1,4
2026-03-18T12:00:38.877;136;1,4
2026-03-18T12:00:39.838;136;1,1
2026-03-18T12:00:41.756;136;1,0
2026-03-18T12:00:41.760;136;1,0
2026-03-18T12:00:43.198;136;1,0
2026-03-18T12:00:44.158;136;1,0
2026-03-18T12:00:45.118;137;0,9
2026-03-18T12:00:46.074;137;0,8
2026-03-18T12:00:47.036;137;0,8
2026-03-18T12:00:47.995;137;0,8
2026-03-18T12:00:48.956;137;0,9
2026-03-18T12:00:50.877;137;0,9
2026-03-18T12:00:50.881;137;0,9
2026-03-18T12:00:51.837;137;0,8
2026-03-18T12:00:52.799;137;0,8
2026-03-18T12:00:53.756;137;0,8
2026-03-18T12:00:55.197;137;0,7
2026-03-18T12:00:56.157;138;0,8
2026-03-18T12:00:57.117;138;0,8
2026-03-18T12:00:58.078;138;0,8
2026-03-18T12:00:59.036;138;0,8
2026-03-18T12:00:59.997;138;0,8
2026-03-18T12:01:00.958;138;0,8
2026-03-18T12:01:01.917;138;0,7
2026-03-18T12:01:02.876;138;0,6
2026-03-18T12:01:03.836;138;0,6
2026-03-18T12:01:04.798;138;0,6
2026-03-18T12:01:05.756;138;0,7
2026-03-18T12:01:07.198;138;0,7
2026-03-18T12:01:08.160;138;0,8
2026-03-18T12:01:09.117;138;0,7
2026-03-18T12:01:10.077;138;0,7
2026-03-18T12:01:11.038;137;0,7
2026-03-18T12:01:11.997;137;0,7
2026-03-18T12:01:12.955;137;0,7
2026-03-18T12:01:13.916;137;0,7
2026-03-18T12:01:15.837;137;0,7
2026-03-18T12:01:15.842;137;0,9
2026-03-18T12:01:16.797;137;1,2
2026-03-18T12:01:17.755;137;1,2
2026-03-18T12:01:19.197;137;1,4
2026-03-18T12:01:20.157;136;1,4
2026-03-18T12:01:21.117;136;1,5
2026-03-18T12:01:22.077;136;1,5
2026-03-18T12:01:23.038;135;1,4
2026-03-18T12:01:23.996;135;1,4
2026-03-18T12:01:25.917;135;1,4
2026-03-18T12:01:25.922;135;1,5
2026-03-18T12:01:26.878;135;1,5
2026-03-18T12:01:28.799;135;1,5
2026-03-18T12:01:28.802;135;1,5
2026-03-18T12:01:29.758;135;1,2
2026-03-18T12:01:31.197;135;1,2
2026-03-18T12:01:32.158;136;1,1
2026-03-18T12:01:33.116;136;1,1
2026-03-18T12:01:34.078;136;1,1
2026-03-18T12:01:35.037;136;1,0
2026-03-18T12:01:35.997;137;1,0
2026-03-18T12:01:37.917;137;1,0
2026-03-18T12:01:37.920;137;0,9
2026-03-18T12:01:38.876;137;0,9
2026-03-18T12:01:39.834;137;0,9
2026-03-18T12:01:41.757;136;0,9
2026-03-18T12:01:41.761;137;0,9
2026-03-18T12:01:43.197;136;1,0
2026-03-18T12:01:44.157;136;0,9
2026-03-18T12:01:45.118;136;0,8
2026-03-18T12:01:46.075;136;0,8
2026-03-18T12:01:47.036;137;0,6
2026-03-18T12:01:47.996;137;0,7
2026-03-18T12:01:48.955;137;0,7
2026-03-18T12:01:49.915;137;0,7
2026-03-18T12:01:50.874;137;0,7
2026-03-18T12:01:51.835;137;0,8
2026-03-18T12:01:52.798;137;0,8
2026-03-18T12:01:53.757;137;0,7
2026-03-18T12:01:55.198;137;0,7
2026-03-18T12:01:56.158;137;0,7
2026-03-18T12:01:57.119;138;0,7
2026-03-18T12:01:58.076;137;0,7
2026-03-18T12:01:59.037;138;0,7
2026-03-18T12:01:59.994;137;0,7
2026-03-18T12:02:00.957;137;0,6
2026-03-18T12:02:01.917;137;0,6
2026-03-18T12:02:02.877;137;0,7
2026-03-18T12:02:03.838;137;0,6
2026-03-18T12:02:04.800;137;0,6
2026-03-18T12:02:05.757;138;0,7
2026-03-18T12:02:07.194;137;0,7
2026-03-18T12:02:08.156;138;0,7
2026-03-18T12:02:09.117;138;0,7
2026-03-18T12:02:10.076;138;0,7
2026-03-18T12:02:11.036;138;0,7
2026-03-18T12:02:12.002;138;0,7
2026-03-18T12:02:12.956;138;0,9
2026-03-18T12:02:13.916;138;0,9
2026-03-18T12:02:15.837;138;0,9
2026-03-18T12:02:15.841;138;0,9
2026-03-18T12:02:16.799;138;1,2
2026-03-18T12:02:17.758;138;1,2
2026-03-18T12:02:19.201;138;1,1
2026-03-18T12:02:20.158;138;1,2
2026-03-18T12:02:21.120;138;1,2
2026-03-18T12:02:22.078;138;1,1
2026-03-18T12:02:23.037;138;1,1
2026-03-18T12:02:23.994;138;1,1
2026-03-18T12:02:24.958;138;1,3
2026-03-18T12:02:25.917;138;1,2
2026-03-18T12:02:26.876;138;1,2
2026-03-18T12:02:27.837;138;1,2
2026-03-18T12:02:28.799;139;1,2
2026-03-18T12:02:29.756;139;0,9
2026-03-18T12:02:31.196;139;1,0
2026-03-18T12:02:32.158;140;1,0
2026-03-18T12:02:33.116;140;1,1
2026-03-18T12:02:34.075;140;1,0
2026-03-18T12:02:35.038;140;1,4
2026-03-18T12:02:35.996;140;1,4
2026-03-18T12:02:36.957;140;1,5
2026-03-18T12:02:37.917;141;1,3
2026-03-18T12:02:38.876;141;1,4
2026-03-18T12:02:39.839;141;1,4
2026-03-18T12:02:40.796;141;1,3
2026-03-18T12:02:41.756;141;1,3
2026-03-18T12:02:43.198;141;1,4
2026-03-18T12:02:44.157;141;1,4
2026-03-18T12:02:45.118;141;1,4
2026-03-18T12:02:46.077;141;1,4
2026-03-18T12:02:47.037;141;1,1
2026-03-18T12:02:47.996;141;1,0
2026-03-18T12:02:48.958;141;0,9
2026-03-18T12:02:49.917;141;0,8
2026-03-18T12:02:50.877;141;0,8
2026-03-18T12:02:51.838;140;0,9
2026-03-18T12:02:52.798;140;0,9
2026-03-18T12:02:53.756;140;0,9
2026-03-18T12:02:55.203;140;0,7
2026-03-18T12:02:56.156;139;0,7
2026-03-18T12:02:57.119;139;0,9
2026-03-18T12:02:58.076;139;0,9
2026-03-18T12:02:59.036;139;0,9
2026-03-18T12:02:59.997;139;0,9
2026-03-18T12:03:00.957;139;0,8
2026-03-18T12:03:02.877;139;0,9
2026-03-18T12:03:02.881;139;0,9
2026-03-18T12:03:03.837;139;0,9
2026-03-18T12:03:04.798;139;0,9
2026-03-18T12:03:05.757;139;0,9
2026-03-18T12:03:07.197;139;0,9
2026-03-18T12:03:08.158;140;1,0
2026-03-18T12:03:09.121;140;1,1
2026-03-18T12:03:10.076;140;1,0
2026-03-18T12:03:11.037;140;1,1
2026-03-18T12:03:11.997;140;1,1
2026-03-18T12:03:12.957;141;1,1
2026-03-18T12:03:13.917;141;1,1
2026-03-18T12:03:14.877;141;1,0
2026-03-18T12:03:15.838;141;1,1
2026-03-18T12:03:16.796;141;1,1
2026-03-18T12:03:17.758;141;1,1
2026-03-18T12:03:19.199;142;1,1
2026-03-18T12:03:20.156;142;1,0
2026-03-18T12:03:21.117;142;1,1
2026-03-18T12:03:22.078;142;1,1
2026-03-18T12:03:23.037;142;1,0
2026-03-18T12:03:23.997;142;1,0
2026-03-18T12:03:25.918;142;1,0
2026-03-18T12:03:25.922;142;1,0
2026-03-18T12:03:26.878;143;1,0
2026-03-18T12:03:27.837;143;1,0
2026-03-18T12:03:28.797;143;1,0
2026-03-18T12:03:29.757;143;1,0
2026-03-18T12:03:31.196;143;1,0
2026-03-18T12:03:32.160;143;1,0
2026-03-18T12:03:33.114;144;0,9
2026-03-18T12:03:34.078;144;0,9
2026-03-18T12:03:35.037;144;0,8
2026-03-18T12:03:35.998;144;0,9
2026-03-18T12:03:36.954;144;0,9
2026-03-18T12:03:37.917;144;1,2
2026-03-18T12:03:38.877;144;1,2
2026-03-18T12:03:40.798;144;1,2
2026-03-18T12:03:40.801;144;1,2
2026-03-18T12:03:41.757;144;1,2
2026-03-18T12:03:43.197;144;1,2
2026-03-18T12:03:44.158;144;1,2
2026-03-18T12:03:45.118;144;1,2
2026-03-18T12:03:46.076;144;1,2
2026-03-18T12:03:47.041;144;1,2
2026-03-18T12:03:47.997;144;1,1
2026-03-18T12:03:49.920;144;1,1
2026-03-18T12:03:49.925;144;0,8
2026-03-18T12:03:50.876;144;0,7
2026-03-18T12:03:51.840;144;0,7
2026-03-18T12:03:52.796;144;0,7
2026-03-18T12:03:53.757;144;0,7
2026-03-18T12:03:55.198;144;0,6
2026-03-18T12:03:56.156;144;0,7
2026-03-18T12:03:57.118;143;0,7
2026-03-18T12:03:58.078;144;0,7
2026-03-18T12:03:59.037;143;0,7
2026-03-18T12:03:59.996;144;0,6
2026-03-18T12:04:00.956;144;0,7
2026-03-18T12:04:01.918;144;0,7
2026-03-18T12:04:02.876;144;0,7
2026-03-18T12:04:03.837;144;0,7
2026-03-18T12:04:04.797;143;0,6
2026-03-18T12:04:05.756;144;0,6
2026-03-18T12:04:07.198;144;0,6
2026-03-18T12:04:08.156;144;0,5
2026-03-18T12:04:09.117;143;0,5
2026-03-18T12:04:10.078;143;0,8
2026-03-18T12:04:11.036;143;0,8
2026-03-18T12:04:11.998;143;0,8
2026-03-18T12:04:12.958;143;0,8
2026-03-18T12:04:13.917;143;0,8
2026-03-18T12:04:14.877;143;0,8
2026-03-18T12:04:15.837;143;0,8
2026-03-18T12:04:16.797;143;0,8
2026-03-18T12:04:17.760;142;0,8
2026-03-18T12:04:19.197;143;1,0
2026-03-18T12:04:20.160;142;1,1
2026-03-18T12:04:21.118;142;1,1
2026-03-18T12:04:22.076;142;1,0
2026-03-18T12:04:23.037;142;0,9
2026-03-18T12:04:23.998;142;0,9
2026-03-18T12:04:25.437;142;1,0
2026-03-18T12:04:25.920;142;1,1
2026-03-18T12:04:27.838;142;1,1
2026-03-18T12:04:27.842;142;1,1
2026-03-18T12:04:28.798;142;1,1
2026-03-18T12:04:29.757;142;1,2
2026-03-18T12:04:31.198;142;1,1
2026-03-18T12:04:32.156;142;1,0
2026-03-18T12:04:33.117;142;1,0
2026-03-18T12:04:34.077;142;1,0
2026-03-18T12:04:35.036;142;1,0
2026-03-18T12:04:35.997;142;1,0
2026-03-18T12:04:36.958;141;1,0
2026-03-18T12:04:37.917;141;1,0
2026-03-18T12:04:38.876;141;1,0
2026-03-18T12:04:39.838;141;1,0
2026-03-18T12:04:40.798;141;1,0
2026-03-18T12:04:41.756;141;0,9
2026-03-18T12:04:43.198;141;0,9
2026-03-18T12:04:44.154;141;0,9
2026-03-18T12:04:45.114;141;1,0
2026-03-18T12:04:46.074;141;1,0
2026-03-18T12:04:47.034;141;0,9
2026-03-18T12:04:47.995;141;0,9
2026-03-18T12:04:48.955;141;0,9
2026-03-18T12:04:50.876;141;0,7
2026-03-18T12:04:50.882;141;0,7
2026-03-18T12:04:51.838;141;0,7
2026-03-18T12:04:52.794;141;0,8
2026-03-18T12:04:53.757;141;0,9
2026-03-18T12:04:55.197;141;0,9
2026-03-18T12:04:56.156;141;0,9
2026-03-18T12:04:57.117;141;0,9
2026-03-18T12:04:58.076;141;0,9
2026-03-18T12:04:59.037;141;0,9
2026-03-18T12:04:59.998;141;0,9
2026-03-18T12:05:00.957;141;0,9
2026-03-18T12:05:01.918;141;0,9
2026-03-18T12:05:02.877;141;0,9
2026-03-18T12:05:03.837;141;0,9
2026-03-18T12:05:04.796;141;0,9
2026-03-18T12:05:05.758;141;0,8
2026-03-18T12:05:07.200;141;0,8
2026-03-18T12:05:08.156;141;0,8
2026-03-18T12:05:09.118;140;0,9
2026-03-18T12:05:10.077;141;0,9
2026-03-18T12:05:11.036;140;0,9
2026-03-18T12:05:11.998;140;0,9
2026-03-18T12:05:12.958;140;1,0
2026-03-18T12:05:14.877;140;1,0
2026-03-18T12:05:14.883;140;1,0
2026-03-18T12:05:15.834;140;0,9
2026-03-18T12:05:16.796;140;0,9
2026-03-18T12:05:17.758;140;0,9
2026-03-18T12:05:19.197;140;0,9
2026-03-18T12:05:20.160;141;0,9
2026-03-18T12:05:21.116;141;0,9
2026-03-18T12:05:22.075;141;0,9
2026-03-18T12:05:23.040;141;0,9
2026-03-18T12:05:23.996;141;0,8
2026-03-18T12:05:24.957;141;0,8
2026-03-18T12:05:25.918;141;0,8
2026-03-18T12:05:26.877;141;0,8
2026-03-18T12:05:27.837;141;0,8
2026-03-18T12:05:28.796;141;0,8
2026-03-18T12:05:29.756;141;0,7
2026-03-18T12:05:31.196;141;0,7
2026-03-18T12:05:32.157;141;0,7
2026-03-18T12:05:33.119;141;0,8
2026-03-18T12:05:34.077;142;0,7
2026-03-18T12:05:35.036;142;0,7
2026-03-18T12:05:35.996;142;0,7
2026-03-18T12:05:36.956;142;0,7
2026-03-18T12:05:37.918;142;0,7
2026-03-18T12:05:38.878;142;0,7
2026-03-18T12:05:39.838;141;0,7
2026-03-18T12:05:40.797;141;0,6
2026-03-18T12:05:41.757;141;0,6
2026-03-18T12:05:43.198;141;0,7
2026-03-18T12:05:44.156;141;0,6
2026-03-18T12:05:45.116;141;0,6
2026-03-18T12:05:46.077;141;0,6
2026-03-18T12:05:47.035;141;0,7
2026-03-18T12:05:47.998;141;0,7
2026-03-18T12:05:48.957;141;0,6
2026-03-18T12:05:49.917;141;0,6
2026-03-18T12:05:50.878;141;0,6
2026-03-18T12:05:51.840;141;0,6
2026-03-18T12:05:52.797;141;0,7
2026-03-18T12:05:53.757;141;0,8
2026-03-18T12:05:55.198;141;0,8
2026-03-18T12:05:56.156;141;0,8
2026-03-18T12:05:57.118;141;0,9
2026-03-18T12:05:58.080;141;0,9
2026-03-18T12:05:59.036;141;1,0
2026-03-18T12:05:59.998;141;0,9
2026-03-18T12:06:01.916;141;0,9
2026-03-18T12:06:01.922;141;0,9
2026-03-18T12:06:02.877;141;0,9
2026-03-18T12:06:03.836;141;0,9
2026-03-18T12:06:04.797;141;0,8
2026-03-18T12:06:05.758;141;0,9
2026-03-18T12:06:07.199;141;0,9
2026-03-18T12:06:08.156;141;0,9
2026-03-18T12:06:09.118;141;0,7
2026-03-18T12:06:10.077;141;0,7
2026-03-18T12:06:11.037;141;0,7
2026-03-18T12:06:11.996;141;0,7
2026-03-18T12:06:12.957;141;0,7
2026-03-18T12:06:13.918;141;0,7
2026-03-18T12:06:14.877;142;0,7
2026-03-18T12:06:15.837;142;0,7
2026-03-18T12:06:16.798;142;0,7
2026-03-18T12:06:17.756;142;0,8
2026-03-18T12:06:19.198;142;0,7
2026-03-18T12:06:20.159;142;0,7
2026-03-18T12:06:21.117;142;0,6
2026-03-18T12:06:22.077;142;0,7
2026-03-18T12:06:23.038;142;0,9
2026-03-18T12:06:23.997;142;1,1
2026-03-18T12:06:24.958;142;1,2
2026-03-18T12:06:25.918;143;1,2
2026-03-18T12:06:26.877;142;1,2
2026-03-18T12:06:27.837;143;1,2
2026-03-18T12:06:28.796;143;1,2
2026-03-18T12:06:29.758;142;1,2
2026-03-18T12:06:31.197;143;1,2
2026-03-18T12:06:32.157;142;1,2
2026-03-18T12:06:33.117;143;1,3
2026-03-18T12:06:34.077;143;1,2
2026-03-18T12:06:35.037;143;1,1
2026-03-18T12:06:35.998;143;0,8
2026-03-18T12:06:36.957;143;0,7
2026-03-18T12:06:37.918;143;0,6
2026-03-18T12:06:38.877;143;0,6
2026-03-18T12:06:39.837;143;0,6
2026-03-18T12:06:40.798;143;0,6
2026-03-18T12:06:41.756;143;0,6
2026-03-18T12:06:43.198;143;0,6
2026-03-18T12:06:44.159;143;0,6
2026-03-18T12:06:45.117;143;0,7
2026-03-18T12:06:46.076;143;0,8
2026-03-18T12:06:47.034;143;1,1
2026-03-18T12:06:47.998;143;1,2
2026-03-18T12:06:48.957;143;1,2
2026-03-18T12:06:50.876;143;1,2
2026-03-18T12:06:50.879;143;1,2
2026-03-18T12:06:51.837;143;1,2
2026-03-18T12:06:52.796;143;1,2
2026-03-18T12:06:53.757;143;1,3
2026-03-18T12:06:55.198;143;1,3
2026-03-18T12:06:56.157;142;1,3
2026-03-18T12:06:57.118;142;1,3
2026-03-18T12:06:58.076;142;1,2
2026-03-18T12:06:59.038;143;1,0
2026-03-18T12:06:59.998;142;0,8
2026-03-18T12:07:00.959;142;0,7
2026-03-18T12:07:01.918;143;0,7
2026-03-18T12:07:02.876;143;0,7
2026-03-18T12:07:03.839;143;0,7
2026-03-18T12:07:04.797;143;0,6
2026-03-18T12:07:06.714;143;0,8
2026-03-18T12:07:07.194;144;0,7
2026-03-18T12:07:08.155;144;0,8
2026-03-18T12:07:09.118;145;1,3
2026-03-18T12:07:10.076;145;1,3
2026-03-18T12:07:11.036;145;1,5
2026-03-18T12:07:11.996;145;1,5
2026-03-18T12:07:12.955;145;1,5
2026-03-18T12:07:13.915;145;2,1
2026-03-18T12:07:14.877;142;52,0
2026-03-18T12:07:15.836;140;52,2
2026-03-18T12:07:16.796;140;94,5
2026-03-18T12:07:17.754;140
2026-03-18T12:07:19.196;139;94,5
2026-03-18T12:07:20.160;138;98,0
2026-03-18T12:07:21.118;138;98,0
2026-03-18T12:07:22.076;138;98,0
2026-03-18T12:07:23.034;138
2026-03-18T12:07:23.994;138
2026-03-18T12:07:25.915;138
2026-03-18T12:07:25.916;138
2026-03-18T12:07:26.876;139;98,0
2026-03-18T12:07:27.838;139;98,0
2026-03-18T12:07:28.800;140;99,5
2026-03-18T12:07:29.757;141;99,5
2026-03-18T12:07:31.197;141;99,5
2026-03-18T12:07:32.160;141;99,5
2026-03-18T12:07:33.117;141;99,5
2026-03-18T12:07:34.078;142;99,5
2026-03-18T12:07:35.038;142;99,5
2026-03-18T12:07:35.997;142;84,9
2026-03-18T12:07:36.957;142;84,7
2026-03-18T12:07:37.919;142;31,3
2026-03-18T12:07:38.877;143;28,1
2026-03-18T12:07:39.836;143;17,5
2026-03-18T12:07:40.797;143;17,5
2026-03-18T12:07:41.755;143;17,5
2026-03-18T12:07:43.679;143;34,5
2026-03-18T12:07:44.156;143;34,5
2026-03-18T12:07:45.118;144;34,5
2026-03-18T12:07:46.078;144;34,5
2026-03-18T12:07:47.035;144;34,5
2026-03-18T12:07:47.996;144
2026-03-18T12:07:48.958;144
2026-03-18T12:07:49.914;144
2026-03-18T12:07:50.875;144;53,2
2026-03-18T12:07:51.835;144;53,2
2026-03-18T12:07:52.796;144;64,1
2026-03-18T12:07:54.716;144;64,1
2026-03-18T12:07:54.717;144
2026-03-18T12:07:56.162;143;127,4
2026-03-18T12:07:57.117;141;127,4
2026-03-18T12:07:58.075;141
2026-03-18T12:07:59.036;139;193,5
2026-03-18T12:07:59.997;138;193,5
2026-03-18T12:08:00.955;137;193,6
2026-03-18T12:08:01.917;136;203,3
2026-03-18T12:08:02.876;135;231,3
2026-03-18T12:08:03.836;135;231,3
2026-03-18T12:08:04.795;135
2026-03-18T12:08:06.715;135
2026-03-18T12:08:06.717;135;231,3
2026-03-18T12:08:08.159;135;231,8
2026-03-18T12:08:09.116;134;229,3
2026-03-18T12:08:10.076;134;229,8
2026-03-18T12:08:11.034;134;229,8
2026-03-18T12:08:11.993;134
2026-03-18T12:08:12.954;134;229,8
2026-03-18T12:08:13.917;134;234,6
2026-03-18T12:08:14.874;133;234,7
2026-03-18T12:08:16.799;132;235,8
2026-03-18T12:08:16.800;132
2026-03-18T12:08:17.757;130;232,3
2026-03-18T12:08:19.197;129;232,3
2026-03-18T12:08:20.155;129
2026-03-18T12:08:21.114;127;230,8
2026-03-18T12:08:22.074;126;234,5
2026-03-18T12:08:23.035;125;207,0
2026-03-18T12:08:23.995;123;207,1
2026-03-18T12:08:24.954;123
2026-03-18T12:08:25.914;123
2026-03-18T12:08:26.875;122;207,1
2026-03-18T12:08:27.836;122;210,5
2026-03-18T12:08:28.796;121;184,9
2026-03-18T12:08:29.755;121
2026-03-18T12:08:31.675;120;188,9
2026-03-18T12:08:32.154;120;188,9
2026-03-18T12:08:33.121;120;180,6
2026-03-18T12:08:34.076;120
2026-03-18T12:08:35.034;119;143,0
2026-03-18T12:08:35.993;119
2026-03-18T12:08:36.953;118;143,0
2026-03-18T12:08:37.915;118;143,0
2026-03-18T12:08:38.874;117;142,2
2026-03-18T12:08:39.834;116;142,9
2026-03-18T12:08:40.794;116
2026-03-18T12:08:41.754;116;144,2
2026-03-18T12:08:43.195;116;144,1
2026-03-18T12:08:44.635;116
2026-03-18T12:08:45.114;116
2026-03-18T12:08:46.078;116;147,5
2026-03-18T12:08:47.034;116
2026-03-18T12:08:47.994;116
2026-03-18T12:08:48.954;116
2026-03-18T12:08:50.876;116;139,7
2026-03-18T12:08:51.355;116;172,0
2026-03-18T12:08:51.835;116;200,4
2026-03-18T12:08:52.795;116
2026-03-18T12:08:53.753;116
2026-03-18T12:08:55.194;116
2026-03-18T12:08:56.158;116;221,7
2026-03-18T12:08:57.116;116;225,3
2026-03-18T12:08:58.077;116;234,4
2026-03-18T12:08:59.037;123;206,1
2026-03-18T12:08:59.996;133;202,3
2026-03-18T12:09:00.954;136;200,3
2026-03-18T12:09:01.915;139;200,3
2026-03-18T12:09:02.944;140;199,8
2026-03-18T12:09:03.834;141;199,8
2026-03-18T12:09:04.794;142;198,2
2026-03-18T12:09:05.754;142;195,7
2026-03-18T12:09:07.199;142;130,9
2026-03-18T12:09:08.157;143;104,3
2026-03-18T12:09:09.116;143;64,8
2026-03-18T12:09:10.075;143;1,4
2026-03-18T12:09:11.037;143;1,2
2026-03-18T12:09:11.994;143;1,3
2026-03-18T12:09:12.954;143;1,1
2026-03-18T12:09:13.918;143;1,0
2026-03-18T12:09:14.876;143;0,9
2026-03-18T12:09:15.837;143;0,9
2026-03-18T12:09:16.794;143;1,0
2026-03-18T12:09:17.754;143;1,0
2026-03-18T12:09:19.674;143;1,1
2026-03-18T12:09:20.154;144;20,5
2026-03-18T12:09:21.116;144;25,5
2026-03-18T12:09:22.078;144
2026-03-18T12:09:23.035;143;25,5
2026-03-18T12:09:23.996;140;26,5
2026-03-18T12:09:24.960;138;58,5
2026-03-18T12:09:25.914;138
2026-03-18T12:09:26.875;141;58,5
2026-03-18T12:09:27.836;143;58,5
2026-03-18T12:09:28.798;144;60,4
2026-03-18T12:09:29.757;145;60,5
2026-03-18T12:09:31.194;145
2026-03-18T12:09:32.162;146;60,5
2026-03-18T12:09:33.116;146;60,5
2026-03-18T12:09:34.077;146;60,5
2026-03-18T12:09:35.036;146;60,5
2026-03-18T12:09:35.997;146;54,9
2026-03-18T12:09:36.957;147;54,4
2026-03-18T12:09:37.916;147;45,6
2026-03-18T12:09:38.875;147;45,6
2026-03-18T12:09:39.838;147;15,5
2026-03-18T12:09:40.798;148;15,6
2026-03-18T12:09:41.756;148;9,3
2026-03-18T12:09:43.198;148;3,8
2026-03-18T12:09:44.156;148;2,7
2026-03-18T12:09:45.118;147;2,6
2026-03-18T12:09:46.079;147;2,5
2026-03-18T12:09:47.036;147;2,5
2026-03-18T12:09:47.997;147;2,5
2026-03-18T12:09:48.956;147;2,5
2026-03-18T12:09:50.877;147;2,1
2026-03-18T12:09:50.882;147;2,0
2026-03-18T12:09:51.836;147;1,8
2026-03-18T12:09:52.798;147;1,2
2026-03-18T12:09:53.760;147;1,2
2026-03-18T12:09:55.198;147;1,1
2026-03-18T12:09:56.155;147;1,1
2026-03-18T12:09:57.118;147;1,3
2026-03-18T12:09:58.075;147;1,3
2026-03-18T12:09:59.037;148;1,3
2026-03-18T12:09:59.997;148;1,3
2026-03-18T12:10:00.955;148;1,3
2026-03-18T12:10:01.915;148;1,3
2026-03-18T12:10:02.880;148;1,3
2026-03-18T12:10:03.836;148;9,0
2026-03-18T12:10:04.794;148;9,0
2026-03-18T12:10:06.715;148
2026-03-18T12:10:06.715;148
2026-03-18T12:10:08.154;148;13,2
2026-03-18T12:10:09.118;148;16,4
2026-03-18T12:10:10.077;148;54,0
2026-03-18T12:10:11.036;148;57,5
2026-03-18T12:10:11.995;148
2026-03-18T12:10:12.955;148;57,5
2026-03-18T12:10:13.916;148;57,5
2026-03-18T12:10:14.875;148;57,5
2026-03-18T12:10:15.834;148
2026-03-18T12:10:16.796;148
2026-03-18T12:10:17.753;148
2026-03-18T12:10:18.716;148;95,4
2026-03-18T12:10:20.158;144;124,9
2026-03-18T12:10:21.117;142;178,6
2026-03-18T12:10:22.077;145;178,6
2026-03-18T12:10:23.038;146;178,6
2026-03-18T12:10:23.998;147;178,6
2026-03-18T12:10:24.958;148;178,6
2026-03-18T12:10:25.916;148;178,6
2026-03-18T12:10:26.879;148;178,4
2026-03-18T12:10:27.839;149;176,9
2026-03-18T12:10:28.797;149;169,1
2026-03-18T12:10:29.757;149;169,1
2026-03-18T12:10:31.678;149;139,8
2026-03-18T12:10:32.157;149;127,7
2026-03-18T12:10:33.118;149;1,7
2026-03-18T12:10:34.076;150;1,6
2026-03-18T12:10:35.037;150;1,5
2026-03-18T12:10:35.997;150;1,6
2026-03-18T12:10:36.958;150;1,5
2026-03-18T12:10:37.917;150;1,6
2026-03-18T12:10:38.878;150;1,3
2026-03-18T12:10:39.837;151;1,1
2026-03-18T12:10:40.797;151;1,1
2026-03-18T12:10:41.757;151;1,2
2026-03-18T12:10:42.716;151;1,3
2026-03-18T12:10:44.157;151;1,3
2026-03-18T12:10:45.117;151;1,3
2026-03-18T12:10:46.078;152;1,5
2026-03-18T12:10:47.036;152;1,6
2026-03-18T12:10:47.998;151;1,5
2026-03-18T12:10:48.956;152;1,5
2026-03-18T12:10:49.918;152;1,6
2026-03-18T12:10:50.877;152;1,6
2026-03-18T12:10:51.836;152;1,5
2026-03-18T12:10:53.756;152;1,6
2026-03-18T12:10:53.760;153;1,6
2026-03-18T12:10:54.716;153;1,5
2026-03-18T12:10:56.157;153;1,5
2026-03-18T12:10:57.118;153;1,5
2026-03-18T12:10:58.076;153;1,3
2026-03-18T12:10:59.039;153;1,3
2026-03-18T12:10:59.997;153;1,4
2026-03-18T12:11:00.959;153;1,5
2026-03-18T12:11:01.917;153;1,5
2026-03-18T12:11:02.877;153;1,5
2026-03-18T12:11:03.840;154;1,3
2026-03-18T12:11:04.797;154;1,3
2026-03-18T12:11:05.757;154;1,3
2026-03-18T12:11:06.714;154;1,3
2026-03-18T12:11:08.157;154;1,2
2026-03-18T12:11:09.117;154;1,2
2026-03-18T12:11:10.078;154;1,2
2026-03-18T12:11:11.036;154;1,2
2026-03-18T12:11:11.999;154;0,7
2026-03-18T12:11:12.957;154;0,5
2026-03-18T12:11:13.917;154;0,5
2026-03-18T12:11:14.878;154;0,5
2026-03-18T12:11:15.836;154;0,7
2026-03-18T12:11:16.798;154;0,7
2026-03-18T12:11:17.756;154;0,7
2026-03-18T12:11:18.718;154;0,7
2026-03-18T12:11:20.159;154;0,8
2026-03-18T12:11:21.117;154;0,8
2026-03-18T12:11:22.077;154;0,9
2026-03-18T12:11:23.037;154;0,9
2026-03-18T12:11:23.998;154;0,9
2026-03-18T12:11:25.917;154;0,9
2026-03-18T12:11:25.922;154;0,9
2026-03-18T12:11:26.876;154;0,7
2026-03-18T12:11:27.835;154;1,1
2026-03-18T12:11:28.797;154;9,2
2026-03-18T12:11:29.757;154;13,4
2026-03-18T12:11:31.676;154;13,4
2026-03-18T12:11:32.155;154
2026-03-18T12:11:33.115;154;13,4
2026-03-18T12:11:34.075;154;13,4
2026-03-18T12:11:35.035;154;13,4
2026-03-18T12:11:35.996;154;73,8
2026-03-18T12:11:36.953;154
2026-03-18T12:11:37.914;154
2026-03-18T12:11:38.874;154
2026-03-18T12:11:40.797;154;92,7
2026-03-18T12:11:40.800;154;133,7
2026-03-18T12:11:41.758;154;134,0
2026-03-18T12:11:42.717;154;134,0
2026-03-18T12:11:44.158;154;134,0
2026-03-18T12:11:45.118;153;134,0
2026-03-18T12:11:46.077;153;134,0
2026-03-18T12:11:47.038;154;133,6
2026-03-18T12:11:47.996;154;133,3
2026-03-18T12:11:48.958;154;133,3
2026-03-18T12:11:49.916;154;133,3
2026-03-18T12:11:50.878;154;102,0
2026-03-18T12:11:51.836;154;96,8
2026-03-18T12:11:52.798;154;0,9
2026-03-18T12:11:53.757;154;1,0
2026-03-18T12:11:54.717;154;1,0
2026-03-18T12:11:56.158;154;1,0
2026-03-18T12:11:57.117;154;1,1
2026-03-18T12:11:58.077;154;1,1
2026-03-18T12:11:59.036;154;1,2
2026-03-18T12:12:00.002;155;1,2
2026-03-18T12:12:00.957;154;1,2
2026-03-18T12:12:01.916;154;1,2
2026-03-18T12:12:02.878;154;1,2
2026-03-18T12:12:03.837;154;1,1
2026-03-18T12:12:04.798;154;0,8
2026-03-18T12:12:05.757;154;0,8
2026-03-18T12:12:06.722;154;0,8
2026-03-18T12:12:08.161;154;0,8
2026-03-18T12:12:09.116;155;0,9
2026-03-18T12:12:10.078;155;0,8
2026-03-18T12:12:11.038;155;0,8
2026-03-18T12:12:11.998;154;0,7
2026-03-18T12:12:12.959;154;0,9
2026-03-18T12:12:13.917;155;1,0
2026-03-18T12:12:14.878;155;1,1
2026-03-18T12:12:15.836;154;1,1
2026-03-18T12:12:16.798;154;1,1
2026-03-18T12:12:18.717;154;1,1
2026-03-18T12:12:18.722;155;1,4
2026-03-18T12:12:20.156;155;1,4
2026-03-18T12:12:21.118;155;1,4
2026-03-18T12:12:22.077;155;1,4
2026-03-18T12:12:23.038;155;1,4
2026-03-18T12:12:23.997;155;1,5
2026-03-18T12:12:24.958;155;1,5
2026-03-18T12:12:25.917;155;1,3
2026-03-18T12:12:27.359;154;1,2
2026-03-18T12:12:27.836;155;1,5
2026-03-18T12:12:28.797;155;1,6
2026-03-18T12:12:29.759;155;1,3
2026-03-18T12:12:31.678;154;1,3
2026-03-18T12:12:32.159;154;1,3
2026-03-18T12:12:33.594;154;1,3
2026-03-18T12:12:34.077;155;1,3
2026-03-18T12:12:35.038;154;1,3
2026-03-18T12:12:36.000;154;1,2
2026-03-18T12:12:36.956;154;1,3
2026-03-18T12:12:37.919;154;1,3
2026-03-18T12:12:38.876;154;1,4
2026-03-18T12:12:39.837;154;1,1
2026-03-18T12:12:40.797;154;1,1
2026-03-18T12:12:41.757;154;1,1
2026-03-18T12:12:42.717;154;1,0
2026-03-18T12:12:44.160;154;1,1
2026-03-18T12:12:45.118;154;1,1
2026-03-18T12:12:46.076;154;1,1
2026-03-18T12:12:47.038;154;1,2
2026-03-18T12:12:47.998;155;1,2
2026-03-18T12:12:48.957;155;1,2
2026-03-18T12:12:49.917;155;1,0
2026-03-18T12:12:50.877;154;1,0
2026-03-18T12:12:51.837;154;1,0
2026-03-18T12:12:52.797;155;1,0
2026-03-18T12:12:53.758;155;1,1
2026-03-18T12:12:54.718;155;1,1
2026-03-18T12:12:56.157;154;1,0
2026-03-18T12:12:57.119;155;0,9
2026-03-18T12:12:58.078;155;1,0
2026-03-18T12:12:59.038;155;1,0
2026-03-18T12:12:59.998;155;1,2
2026-03-18T12:13:00.957;155;1,2
2026-03-18T12:13:01.918;154;1,2
2026-03-18T12:13:02.877;155;1,2
2026-03-18T12:13:03.837;155;1,3
2026-03-18T12:13:05.758;155;1,3
2026-03-18T12:13:05.763;155;1,3
2026-03-18T12:13:06.714;154;1,3
2026-03-18T12:13:08.156;154;1,3
2026-03-18T12:13:09.118;155;1,3
2026-03-18T12:13:10.077;155;1,2
2026-03-18T12:13:11.037;155;1,0
2026-03-18T12:13:11.997;154;1,0
2026-03-18T12:13:12.957;154;1,0
2026-03-18T12:13:13.918;154;1,1
2026-03-18T12:13:15.837;155;1,1
2026-03-18T12:13:15.841;155;1,1
2026-03-18T12:13:16.797;155;1,1
2026-03-18T12:13:17.757;155;1,1
2026-03-18T12:13:18.717;155;1,1
2026-03-18T12:13:20.159;155;1,0
2026-03-18T12:13:21.116;155;1,1
2026-03-18T12:13:22.077;155;1,1
2026-03-18T12:13:23.040;155;1,1
2026-03-18T12:13:24.000;155;1,1
2026-03-18T12:13:24.958;155;1,0
2026-03-18T12:13:25.918;155;1,1
2026-03-18T12:13:26.877;155;1,2
2026-03-18T12:13:27.837;155;1,5
2026-03-18T12:13:28.797;155;1,5
2026-03-18T12:13:29.757;155;1,4
2026-03-18T12:13:30.721;155;1,5
2026-03-18T12:13:32.156;155;1,5
2026-03-18T12:13:33.118;155;1,4
2026-03-18T12:13:34.076;155;1,4
2026-03-18T12:13:35.040;155;1,4
2026-03-18T12:13:35.996;155;1,3
2026-03-18T12:13:36.962;155;1,3
2026-03-18T12:13:37.917;156;1,0
2026-03-18T12:13:38.878;156;0,8
2026-03-18T12:13:39.839;156;0,7
2026-03-18T12:13:40.796;156;0,8
2026-03-18T12:13:41.757;155;0,7
2026-03-18T12:13:43.678;155;0,7
2026-03-18T12:13:44.158;156;0,9
2026-03-18T12:13:45.119;156;0,9
2026-03-18T12:13:46.077;156;0,8
2026-03-18T12:13:47.037;156;0,9
2026-03-18T12:13:48.000;155;0,9
2026-03-18T12:13:48.957;155;0,8
2026-03-18T12:13:49.918;155;1,0
2026-03-18T12:13:50.877;156;1,0
2026-03-18T12:13:52.798;156;1,0
2026-03-18T12:13:52.805;156;1,1
2026-03-18T12:13:53.756;155;1,1
2026-03-18T12:13:54.717;155;0,9
2026-03-18T12:13:56.156;155;0,9
2026-03-18T12:13:57.119;156;1,2
2026-03-18T12:13:58.078;156;1,2
2026-03-18T12:13:59.037;156;1,2
2026-03-18T12:13:59.997;155;1,2
2026-03-18T12:14:00.956;155;1,2
2026-03-18T12:14:01.917;155;1,1
2026-03-18T12:14:02.878;156;1,1
2026-03-18T12:14:03.836;156;1,2
2026-03-18T12:14:04.798;155;1,2
2026-03-18T12:14:05.756;155;1,2
2026-03-18T12:14:06.719;155;1,3
2026-03-18T12:14:08.159;155;1,1
2026-03-18T12:14:09.116;156;1,1
2026-03-18T12:14:10.079;156;1,1
2026-03-18T12:14:11.037;156;1,1
2026-03-18T12:14:11.998;155;1,1
2026-03-18T12:14:12.956;155;1,1
2026-03-18T12:14:13.918;155;1,1
2026-03-18T12:14:15.838;156;0,9
2026-03-18T12:14:15.841;156;1,0
2026-03-18T12:14:16.798;156;0,9
2026-03-18T12:14:17.758;155;0,8
2026-03-18T12:14:18.717;155;0,8
2026-03-18T12:14:20.159;155;0,7
2026-03-18T12:14:21.117;155;0,7
2026-03-18T12:14:22.078;155;0,8
2026-03-18T12:14:23.036;155;0,9
2026-03-18T12:14:23.999;155;0,9
2026-03-18T12:14:24.957;155;0,9
2026-03-18T12:14:25.918;155;0,9
2026-03-18T12:14:26.879;155;0,9
2026-03-18T12:14:27.836;155;0,9
2026-03-18T12:14:28.799;156;1,0
2026-03-18T12:14:30.717;156;1,3
2026-03-18T12:14:30.721;156;1,5
2026-03-18T12:14:32.157;156;1,5
2026-03-18T12:14:33.117;156;1,5
2026-03-18T12:14:34.077;155;1,5
2026-03-18T12:14:35.038;155;1,5
2026-03-18T12:14:36.000;156;1,5
2026-03-18T12:14:36.955;156;1,5
2026-03-18T12:14:37.916;156;1,4
2026-03-18T12:14:39.839;155;1,5
2026-03-18T12:14:39.842;154;1,4
2026-03-18T12:14:40.798;154;1,1
2026-03-18T12:14:41.757;154;0,8
2026-03-18T12:14:42.718;154;0,8
2026-03-18T12:14:44.157;154;0,7
2026-03-18T12:14:45.117;154;0,7
2026-03-18T12:14:46.079;153;0,6
2026-03-18T12:14:47.036;154;0,7
2026-03-18T12:14:47.997;154;0,8
2026-03-18T12:14:48.956;154;0,8
2026-03-18T12:14:49.918;154;0,7
2026-03-18T12:14:50.878;154;0,9
2026-03-18T12:14:51.837;154;0,9
2026-03-18T12:14:52.797;154;0,9
2026-03-18T12:14:53.758;155;1,1
2026-03-18T12:14:54.717;155;1,5
2026-03-18T12:14:56.157;155;1,6
2026-03-18T12:14:57.116;154;1,6
2026-03-18T12:14:58.077;155;1,6
2026-03-18T12:14:59.038;155;1,7
2026-03-18T12:14:59.998;155;1,7
2026-03-18T12:15:00.956;155;1,7
2026-03-18T12:15:01.914;154;1,7
2026-03-18T12:15:02.877;154;1,6
2026-03-18T12:15:03.837;154;1,6
2026-03-18T12:15:04.798;155;1,6
2026-03-18T12:15:05.758;155;1,5
2026-03-18T12:15:06.717;154;1,2
2026-03-18T12:15:08.157;154;1,2
2026-03-18T12:15:09.118;154;1,3
2026-03-18T12:15:10.077;154;1,3
2026-03-18T12:15:11.037;154;1,5
2026-03-18T12:15:11.996;154;1,5
2026-03-18T12:15:12.958;154;1,5
2026-03-18T12:15:13.917;153;1,5
2026-03-18T12:15:14.882;154;1,5
2026-03-18T12:15:15.838;154;1,5
2026-03-18T12:15:17.756;154;1,6
2026-03-18T12:15:17.760;154;1,5
2026-03-18T12:15:18.718;154;1,4
2026-03-18T12:15:20.157;154;1,4
2026-03-18T12:15:21.118;155;1,3
2026-03-18T12:15:22.077;155;1,2
2026-03-18T12:15:23.038;155;0,9
2026-03-18T12:15:23.996;155;1,0
2026-03-18T12:15:24.958;155;1,0
2026-03-18T12:15:26.877;155;1,1
2026-03-18T12:15:26.881;155;1,1
2026-03-18T12:15:27.838;155;1,0
2026-03-18T12:15:28.798;155;1,1
2026-03-18T12:15:29.757;155;1,1
2026-03-18T12:15:30.717;155;1,1
2026-03-18T12:15:32.160;155;1,0
2026-03-18T12:15:33.118;155;1,0
2026-03-18T12:15:34.077;155;1,0
2026-03-18T12:15:35.037;155;1,0
2026-03-18T12:15:35.998;154;1,3
2026-03-18T12:15:36.956;154;5,7
2026-03-18T12:15:37.916;154;22,3
2026-03-18T12:15:38.876;153;47,1
2026-03-18T12:15:39.841;154;47,4
2026-03-18T12:15:41.757;154;47,4
2026-03-18T12:15:41.761;155;47,4
2026-03-18T12:15:42.716;155;47,4
2026-03-18T12:15:44.158;155;47,4
2026-03-18T12:15:45.121;154;47,4
2026-03-18T12:15:46.077;155;47,4
2026-03-18T12:15:47.040;155;47,4
2026-03-18T12:15:47.998;155;47,4
2026-03-18T12:15:48.958;155;47,1
2026-03-18T12:15:49.917;154;38,5
2026-03-18T12:15:50.882;154;1,5
2026-03-18T12:15:51.837;155;1,4
2026-03-18T12:15:52.796;155;1,4
2026-03-18T12:15:53.757;154;1,4
2026-03-18T12:15:54.717;154;1,4
2026-03-18T12:15:56.157;154;1,3
2026-03-18T12:15:57.118;154;1,3
2026-03-18T12:15:58.078;155;1,4
2026-03-18T12:15:59.038;155;1,4
2026-03-18T12:15:59.996;155;1,3
2026-03-18T12:16:00.960;154;1,2
2026-03-18T12:16:01.917;154;1,2
2026-03-18T12:16:02.878;154;1,1
2026-03-18T12:16:04.797;154;1,1
2026-03-18T12:16:04.802;155;1,3
2026-03-18T12:16:05.757;154;1,4
2026-03-18T12:16:06.714;154;1,3
2026-03-18T12:16:08.157;154;1,3
2026-03-18T12:16:09.116;154;1,2
2026-03-18T12:16:10.078;154;1,3
2026-03-18T12:16:11.039;155;1,1
2026-03-18T12:16:11.997;154;1,1
2026-03-18T12:16:12.959;154;1,2
2026-03-18T12:16:13.920;154;1,2
2026-03-18T12:16:14.877;154;1,2
2026-03-18T12:16:15.838;154;0,9
2026-03-18T12:16:16.796;154;0,8
2026-03-18T12:16:17.756;154;0,7
2026-03-18T12:16:18.716;154;9,7
2026-03-18T12:16:20.157;154;9,7
2026-03-18T12:16:21.116;154
2026-03-18T12:16:22.076;154;9,7
2026-03-18T12:16:23.037;154;61,9
2026-03-18T12:16:23.997;154;61,9
2026-03-18T12:16:25.917;154;61,9
2026-03-18T12:16:25.923;153;61,9
2026-03-18T12:16:26.876;153;61,9
2026-03-18T12:16:27.838;153;61,9
2026-03-18T12:16:28.796;153;61,9
2026-03-18T12:16:29.757;153;61,9
2026-03-18T12:16:30.716;153;61,9
2026-03-18T12:16:32.158;152;61,2
2026-03-18T12:16:33.118;153;61,2
2026-03-18T12:16:34.076;153;47,7
2026-03-18T12:16:35.038;153;1,1
2026-03-18T12:16:35.997;152;1,1
2026-03-18T12:16:36.961;152;1,1
2026-03-18T12:16:37.920;152;1,1
2026-03-18T12:16:38.877;152;1,1
2026-03-18T12:16:40.796;152;1,1
2026-03-18T12:16:40.800;152;1,1
2026-03-18T12:16:41.757;151;1,1
2026-03-18T12:16:42.719;152;1,0
2026-03-18T12:16:44.158;152;1,0
2026-03-18T12:16:45.118;152;0,8
2026-03-18T12:16:46.078;151;0,7
2026-03-18T12:16:47.038;151;0,6
2026-03-18T12:16:47.997;151;0,7
2026-03-18T12:16:48.956;152;0,6
2026-03-18T12:16:50.878;152;0,6
2026-03-18T12:16:50.881;151;0,6
2026-03-18T12:16:51.837;151;0,5
2026-03-18T12:16:52.796;151;0,5
2026-03-18T12:16:53.758;152;0,5
2026-03-18T12:16:54.716;152;0,5
2026-03-18T12:16:56.158;152;0,5
2026-03-18T12:16:57.117;151;0,5
2026-03-18T12:16:58.078;152;0,5
2026-03-18T12:16:59.036;152;0,5
2026-03-18T12:16:59.997;152;0,5
2026-03-18T12:17:00.956;152;0,5
2026-03-18T12:17:01.918;152;0,5
2026-03-18T12:17:02.877;152;0,6
2026-03-18T12:17:03.838;152;0,6
2026-03-18T12:17:04.798;152;0,6
2026-03-18T12:17:06.717;152;0,6
2026-03-18T12:17:06.721;151;0,6
2026-03-18T12:17:08.158;152;0,6
2026-03-18T12:17:09.119;152;0,7
2026-03-18T12:17:10.076;152;0,6
2026-03-18T12:17:11.038;152;0,6
2026-03-18T12:17:11.996;151;0,6
2026-03-18T12:17:12.958;152;0,6
2026-03-18T12:17:13.916;152;0,6
2026-03-18T12:17:14.877;152;0,6
2026-03-18T12:17:16.796;151;0,6
2026-03-18T12:17:16.799;151;0,7
2026-03-18T12:17:17.757;151;0,7
2026-03-18T12:17:18.718;151;0,7
2026-03-18T12:17:20.160;151;0,7
2026-03-18T12:17:21.117;151;0,7
2026-03-18T12:17:22.080;151;0,7
2026-03-18T12:17:23.038;151;0,7
2026-03-18T12:17:23.997;151;0,8
2026-03-18T12:17:24.957;150;0,8
2026-03-18T12:17:25.917;150;0,8
2026-03-18T12:17:26.878;151;0,8
2026-03-18T12:17:27.840;151;0,7
2026-03-18T12:17:29.757;150;0,6
2026-03-18T12:17:29.761;150;0,6
2026-03-18T12:17:31.677;151;0,7
2026-03-18T12:17:32.156;151;0,7
2026-03-18T12:17:33.118;150;0,7
2026-03-18T12:17:34.076;150;0,7
2026-03-18T12:17:35.038;150;0,7
2026-03-18T12:17:35.997;151;0,6
2026-03-18T12:17:36.954;151;0,7
2026-03-18T12:17:38.876;150;0,7
2026-03-18T12:17:38.880;151;0,7
2026-03-18T12:17:39.836;151;0,7
2026-03-18T12:17:40.797;151;0,8
2026-03-18T12:17:41.756;150;0,8
2026-03-18T12:17:42.718;150;0,7
2026-03-18T12:17:44.157;150;0,6
2026-03-18T12:17:45.118;150;0,6
2026-03-18T12:17:46.077;150;0,7
2026-03-18T12:17:47.038;150;0,8
2026-03-18T12:17:47.999;150;0,8
2026-03-18T12:17:48.957;150;0,9
2026-03-18T12:17:49.916;150;0,9
2026-03-18T12:17:50.878;149;0,8
2026-03-18T12:17:51.836;150;0,8
2026-03-18T12:17:52.801;150;0,8
2026-03-18T12:17:53.757;150;0,8
2026-03-18T12:17:54.717;149;0,8
2026-03-18T12:17:56.157;149;0,8
2026-03-18T12:17:57.118;149;0,8
2026-03-18T12:17:58.078;149;0,8
2026-03-18T12:17:59.039;149;0,9
2026-03-18T12:17:59.996;149;0,9
2026-03-18T12:18:00.959;148;0,9
2026-03-18T12:18:01.917;149;0,9
2026-03-18T12:18:02.877;148;0,9
2026-03-18T12:18:03.836;148;0,9
2026-03-18T12:18:04.797;148;0,9
2026-03-18T12:18:05.757;148;0,9
2026-03-18T12:18:06.716;148;0,9
2026-03-18T12:18:08.159;147;0,9
2026-03-18T12:18:09.116;147;0,8
2026-03-18T12:18:10.078;147;0,8
2026-03-18T12:18:11.036;147;0,6
2026-03-18T12:18:12.001;146;0,7
2026-03-18T12:18:12.958;146;0,7
2026-03-18T12:18:13.918;146;0,7
2026-03-18T12:18:14.876;146;0,7
2026-03-18T12:18:16.797;146;0,7
2026-03-18T12:18:17.278;146;0,8
2026-03-18T12:18:17.756;146;0,8
2026-03-18T12:18:18.717;146;0,8
2026-03-18T12:18:20.156;146;0,8
2026-03-18T12:18:21.116;146;0,8
2026-03-18T12:18:22.077;146;0,8
2026-03-18T12:18:23.040;146;0,9
2026-03-18T12:18:23.999;146;0,9
2026-03-18T12:18:25.916;146;0,9
2026-03-18T12:18:25.920;146;0,9
2026-03-18T12:18:26.878;146;1,0
2026-03-18T12:18:27.841;147;1,0
2026-03-18T12:18:28.798;147;0,9
2026-03-18T12:18:29.756;146;0,9
2026-03-18T12:18:31.679;146;0,9
2026-03-18T12:18:32.157;146;0,8
2026-03-18T12:18:33.118;146;0,8
2026-03-18T12:18:34.076;146;0,8
2026-03-18T12:18:35.038;146;0,8
2026-03-18T12:18:35.999;146;0,7
2026-03-18T12:18:36.958;146;0,7
2026-03-18T12:18:37.918;146;0,6
2026-03-18T12:18:38.879;146;0,5
2026-03-18T12:18:39.838;146;0,6
2026-03-18T12:18:40.797;146;0,6
2026-03-18T12:18:41.756;146;0,6
2026-03-18T12:18:42.717;146;0,5
2026-03-18T12:18:44.157;146;0,6
2026-03-18T12:18:45.117;146;0,6
2026-03-18T12:18:46.077;146;0,6
2026-03-18T12:18:47.037;146;0,6
2026-03-18T12:18:47.997;146;0,6
2026-03-18T12:18:48.957;146;0,6
2026-03-18T12:18:49.916;146;0,6
2026-03-18T12:18:50.876;146;0,7
2026-03-18T12:18:51.839;146;0,6
2026-03-18T12:18:52.797;146;0,7
2026-03-18T12:18:53.758;146;0,7
2026-03-18T12:18:54.716;145;0,8
2026-03-18T12:18:56.157;145;0,7
2026-03-18T12:18:57.116;145;0,8
2026-03-18T12:18:58.076;145;0,8
2026-03-18T12:18:59.038;145;0,9
2026-03-18T12:18:59.997;145;0,9
2026-03-18T12:19:00.957;145;0,9
2026-03-18T12:19:01.916;145;0,9
2026-03-18T12:19:03.839;145;0,8
2026-03-18T12:19:03.842;145;0,8
2026-03-18T12:19:04.797;145;0,7
2026-03-18T12:19:05.758;145;0,7
2026-03-18T12:19:06.714;145;0,7
2026-03-18T12:19:08.158;145;0,8
2026-03-18T12:19:09.116;145;0,7
2026-03-18T12:19:10.077;145;0,7
2026-03-18T12:19:11.037;145;0,8
2026-03-18T12:19:11.996;145;0,9
2026-03-18T12:19:12.958;145;0,9
2026-03-18T12:19:13.917;145;0,9
2026-03-18T12:19:15.837;145;0,9
2026-03-18T12:19:15.840;145;0,9
2026-03-18T12:19:16.796;145;0,9
2026-03-18T12:19:17.760;145;0,9
2026-03-18T12:19:18.716;146;0,8
2026-03-18T12:19:20.158;146;0,8
2026-03-18T12:19:21.116;146;0,8
2026-03-18T12:19:22.078;146;0,8
2026-03-18T12:19:23.037;146;0,6
2026-03-18T12:19:23.997;146;0,5
2026-03-18T12:19:24.959;146;0,6
2026-03-18T12:19:25.917;147;0,6
2026-03-18T12:19:26.878;146;0,6
2026-03-18T12:19:27.837;146;0,7
2026-03-18T12:19:28.798;147;0,8
2026-03-18T12:19:29.757;147;0,8
2026-03-18T12:19:31.678;146;0,8
2026-03-18T12:19:32.156;146;0,8
2026-03-18T12:19:33.117;147;0,8
2026-03-18T12:19:34.077;147;0,8
2026-03-18T12:19:35.038;146;1,1
2026-03-18T12:19:35.998;147;1,1
2026-03-18T12:19:36.957;147;1,1
2026-03-18T12:19:37.918;147;1,1
2026-03-18T12:19:38.876;147;1,2
2026-03-18T12:19:39.838;147;1,1
2026-03-18T12:19:41.757;147;1,1
2026-03-18T12:19:41.761;147;1,1
2026-03-18T12:19:42.714;147;1,1
2026-03-18T12:19:44.161;147;1,1
2026-03-18T12:19:45.119;147;1,2
2026-03-18T12:19:46.077;147;1,2
2026-03-18T12:19:47.037;147;0,9
2026-03-18T12:19:47.997;147;0,8
2026-03-18T12:19:48.957;147;1,0
2026-03-18T12:19:50.877;147;1,1
2026-03-18T12:19:50.884;147;1,1
2026-03-18T12:19:51.836;147;1,1
2026-03-18T12:19:52.798;147;1,1
2026-03-18T12:19:53.758;147;1,1
2026-03-18T12:19:54.717;148;1,1
2026-03-18T12:19:56.158;147;1,1
2026-03-18T12:19:57.117;147;1,0
2026-03-18T12:19:58.077;147;1,0
2026-03-18T12:19:59.037;147;1,1
2026-03-18T12:19:59.998;147;1,1
2026-03-18T12:20:00.955;147;1,1
2026-03-18T12:20:01.918;148;0,9
2026-03-18T12:20:02.877;147;0,9
2026-03-18T12:20:03.837;147;0,9
2026-03-18T12:20:04.796;147;1,0
2026-03-18T12:20:05.756;148;0,9
2026-03-18T12:20:06.718;147;1,1
2026-03-18T12:20:08.157;147;1,0
2026-03-18T12:20:09.123;147;1,0
2026-03-18T12:20:10.077;147;1,0
2026-03-18T12:20:11.038;147;1,0
2026-03-18T12:20:11.997;147;0,9
2026-03-18T12:20:12.958;147;0,8
2026-03-18T12:20:13.919;147;0,9
2026-03-18T12:20:14.877;147;0,9
2026-03-18T12:20:15.837;147;0,9
2026-03-18T12:20:16.796;147;0,8
2026-03-18T12:20:17.757;147;0,9
2026-03-18T12:20:18.717;147;0,6
2026-03-18T12:20:20.160;147;0,6
2026-03-18T12:20:21.117;148;0,6
2026-03-18T12:20:22.077;147;0,6
2026-03-18T12:20:23.036;147;0,6
2026-03-18T12:20:23.995;147;0,6
2026-03-18T12:20:24.955;147;0,6
2026-03-18T12:20:25.918;147
2026-03-18T12:20:26.875;147
2026-03-18T12:20:27.835;147;8,8
2026-03-18T12:20:28.797;146;148,7
2026-03-18T12:20:29.758;142;148,7
2026-03-18T12:20:30.720;144;258,8
2026-03-18T12:20:32.156;145;258,8
2026-03-18T12:20:33.118;146;258,8
2026-03-18T12:20:34.076;147;258,8
2026-03-18T12:20:35.038;147;258,8
2026-03-18T12:20:35.997;148;258,8
2026-03-18T12:20:36.956;148;258,8
2026-03-18T12:20:37.916;148;258,8
2026-03-18T12:20:38.878;148;258,8
2026-03-18T12:20:39.837;148;258,7
2026-03-18T12:20:40.800;148;211,9
2026-03-18T12:20:41.757;148;1,0
2026-03-18T12:20:42.714;148;1,1
2026-03-18T12:20:44.158;148;1,1
2026-03-18T12:20:45.118;148;1,2
2026-03-18T12:20:46.077;147;1,2
2026-03-18T12:20:47.036;147;1,2
2026-03-18T12:20:47.997;147;1,1
2026-03-18T12:20:48.957;146;1,3
2026-03-18T12:20:50.876;146;1,3
2026-03-18T12:20:50.880;146;1,3
2026-03-18T12:20:51.836;145;1,3
2026-03-18T12:20:52.798;145;1,3
2026-03-18T12:20:53.759;145;1,3
2026-03-18T12:20:54.717;145;1,2
2026-03-18T12:20:56.156;145;1,2
2026-03-18T12:20:57.116;146;1,1
2026-03-18T12:20:58.080;146;1,2
2026-03-18T12:20:59.037;146;1,2
2026-03-18T12:20:59.998;146;1,2
2026-03-18T12:21:00.956;146;1,1
2026-03-18T12:21:01.917;146;0,8
2026-03-18T12:21:02.880;147;0,8
2026-03-18T12:21:03.838;147;0,8
2026-03-18T12:21:04.796;147;0,8
2026-03-18T12:21:05.756;147;0,8
2026-03-18T12:21:06.717;147;0,8
2026-03-18T12:21:08.157;147;0,8
2026-03-18T12:21:09.117;147;0,7
2026-03-18T12:21:10.077;147;0,6
2026-03-18T12:21:11.037;147;0,6
2026-03-18T12:21:11.997;146;0,7
2026-03-18T12:21:12.957;146;0,8
2026-03-18T12:21:13.917;146;0,8
2026-03-18T12:21:15.837;146;0,8
2026-03-18T12:21:15.843;146;0,9
2026-03-18T12:21:16.800;146;0,9
2026-03-18T12:21:17.756;147;1,1
2026-03-18T12:21:18.719;147;1,1
2026-03-18T12:21:20.159;147;1,0
2026-03-18T12:21:21.118;147;1,0
2026-03-18T12:21:22.079;147;1,0
2026-03-18T12:21:23.037;147;1,0
2026-03-18T12:21:23.997;147;0,9
2026-03-18T12:21:24.957;148;1,0
2026-03-18T12:21:25.914;148;1,0
2026-03-18T12:21:26.879;148;1,2
2026-03-18T12:21:27.837;148;1,4
2026-03-18T12:21:28.798;148;1,4
2026-03-18T12:21:29.756;148;1,4
2026-03-18T12:21:31.680;148;1,4
2026-03-18T12:21:32.158;148;1,4
2026-03-18T12:21:33.117;148;1,4
2026-03-18T12:21:34.076;148;1,4
2026-03-18T12:21:35.037;148;1,4
2026-03-18T12:21:35.998;148;1,4
2026-03-18T12:21:36.958;148;1,4
2026-03-18T12:21:37.916;148;1,4
2026-03-18T12:21:38.878;148;1,0
2026-03-18T12:21:39.834;148;1,0
2026-03-18T12:21:41.757;148;0,9
2026-03-18T12:21:41.763;148;0,8
2026-03-18T12:21:42.716;148;0,8
2026-03-18T12:21:44.158;148;0,9
2026-03-18T12:21:45.117;148;0,9
2026-03-18T12:21:46.078;148;0,9
2026-03-18T12:21:47.036;148;0,9
2026-03-18T12:21:47.998;147;0,9
2026-03-18T12:21:48.957;148;0,9
2026-03-18T12:21:49.917;148;0,9
2026-03-18T12:21:50.877;148;0,9
2026-03-18T12:21:51.839;148;0,9
2026-03-18T12:21:52.795;148;0,9
2026-03-18T12:21:53.758;148;1,0
2026-03-18T12:21:54.718;148;0,9
2026-03-18T12:21:56.158;148;0,9
2026-03-18T12:21:57.117;148;0,9
2026-03-18T12:21:58.077;148;0,9
2026-03-18T12:21:59.038;148;0,9
2026-03-18T12:21:59.997;148;0,9
2026-03-18T12:22:00.959;148;0,8
2026-03-18T12:22:02.876;148;0,8
2026-03-18T12:22:02.879;148;0,8
2026-03-18T12:22:03.836;148;0,8
2026-03-18T12:22:04.798;148;0,7
2026-03-18T12:22:06.714;148;0,7
2026-03-18T12:22:06.715;148;0,7
2026-03-18T12:22:08.156;148;0,9
2026-03-18T12:22:09.116;148;0,9
2026-03-18T12:22:10.078;147;0,9
2026-03-18T12:22:11.997;148;0,9
2026-03-18T12:22:12.003;148;0,8
2026-03-18T12:22:12.957;148;0,8
2026-03-18T12:22:13.917;147;0,8
2026-03-18T12:22:14.877;148;0,8
2026-03-18T12:22:16.799;148;0,9
2026-03-18T12:22:16.802;148;0,9
2026-03-18T12:22:17.757;148;0,8
2026-03-18T12:22:18.717;148;0,8
2026-03-18T12:22:20.158;148;0,6
2026-03-18T12:22:21.119;147;0,7
2026-03-18T12:22:22.076;147;0,8
2026-03-18T12:22:23.040;148;0,9
2026-03-18T12:22:23.996;148;0,9
2026-03-18T12:22:25.918;147;0,9
2026-03-18T12:22:25.921;147;0,9
2026-03-18T12:22:26.878;147;0,8
2026-03-18T12:22:27.836;147;0,8
2026-03-18T12:22:28.797;147;0,8
2026-03-18T12:22:29.756;147;0,8
2026-03-18T12:22:31.678;147;0,8
2026-03-18T12:22:32.158;147;0,8
2026-03-18T12:22:33.594;147;0,8
2026-03-18T12:22:34.079;147;0,7
2026-03-18T12:22:35.036;147;0,6
2026-03-18T12:22:35.998;146;0,6
2026-03-18T12:22:36.957;147;0,7
2026-03-18T12:22:37.918;147;1,0
2026-03-18T12:22:38.876;147;1,1
2026-03-18T12:22:39.837;147;1,2
2026-03-18T12:22:41.757;147;1,2
2026-03-18T12:22:41.761;147;1,2
2026-03-18T12:22:42.717;147;1,2
2026-03-18T12:22:44.161;147;1,3
2026-03-18T12:22:45.118;147;1,3
2026-03-18T12:22:46.076;147;1,3
2026-03-18T12:22:47.041;148;1,3
2026-03-18T12:22:47.996;148;1,3
2026-03-18T12:22:48.958;148;1,3
2026-03-18T12:22:49.916;148;1,2
2026-03-18T12:22:50.879;148;1,0
2026-03-18T12:22:51.837;148;1,1
2026-03-18T12:22:52.797;148;1,2
2026-03-18T12:22:53.756;148;1,1
2026-03-18T12:22:54.716;148;1,2
2026-03-18T12:22:56.162;148;1,0
2026-03-18T12:22:57.117;148;1,1
2026-03-18T12:22:58.078;148;1,0
2026-03-18T12:22:59.037;148;1,0
2026-03-18T12:22:59.998;148;0,9
2026-03-18T12:23:00.959;148;0,9
2026-03-18T12:23:01.918;148;0,9
2026-03-18T12:23:02.877;148;0,9
2026-03-18T12:23:03.840;148;0,9
2026-03-18T12:23:04.797;148;0,8
2026-03-18T12:23:05.754;148;0,8
2026-03-18T12:23:06.717;148;0,9
2026-03-18T12:23:08.158;148;0,9
2026-03-18T12:23:09.118;148;0,9
2026-03-18T12:23:10.076;148;0,9
2026-03-18T12:23:11.038;148;1,0
2026-03-18T12:23:11.996;148;1,0
2026-03-18T12:23:12.958;148;1,2
2026-03-18T12:23:13.917;148;1,2
2026-03-18T12:23:14.881;148;1,0
2026-03-18T12:23:15.837;148;1,1
2026-03-18T12:23:16.798;148;1,1
2026-03-18T12:23:17.756;148;1,1
2026-03-18T12:23:18.717;148;0,9
2026-03-18T12:23:20.156;148;0,9
2026-03-18T12:23:21.118;149;1,3
2026-03-18T12:23:22.078;149;1,3
2026-03-18T12:23:23.036;148;1,4
2026-03-18T12:23:24.958;149;1,4
2026-03-18T12:23:24.964;149;1,3
2026-03-18T12:23:25.917;149;1,3
2026-03-18T12:23:26.879;149;1,3
2026-03-18T12:23:27.838;149;1,3
2026-03-18T12:23:28.796;149;1,3
2026-03-18T12:23:29.757;149;1,3
2026-03-18T12:23:30.717;148;1,3
2026-03-18T12:23:32.161;149;0,9
2026-03-18T12:23:33.117;149;1,0
2026-03-18T12:23:34.075;148;0,9
2026-03-18T12:23:35.036;148;0,9
2026-03-18T12:23:35.997;149;0,9
2026-03-18T12:23:36.954;148;0,9
2026-03-18T12:23:37.918;148;1,0
2026-03-18T12:23:38.877;148;1,0
2026-03-18T12:23:39.836;148;1,0
2026-03-18T12:23:40.797;147;1,0
2026-03-18T12:23:41.756;147;0,9
2026-03-18T12:23:42.718;147;0,9
2026-03-18T12:23:44.158;147;0,9
2026-03-18T12:23:45.121;147;0,8
2026-03-18T12:23:46.077;147;0,8
2026-03-18T12:23:47.037;147;0,8
2026-03-18T12:23:48.000;147;0,8
2026-03-18T12:23:48.958;146;0,7
2026-03-18T12:23:49.916;146;0,6
2026-03-18T12:23:50.877;147;0,6
2026-03-18T12:23:51.838;146;0,6
2026-03-18T12:23:52.797;146;0,8
2026-03-18T12:23:53.758;145;0,8
2026-03-18T12:23:55.676;145;0,9
2026-03-18T12:23:56.156;145;0,8
2026-03-18T12:23:57.118;145;0,8
2026-03-18T12:23:58.076;145;1,1
2026-03-18T12:23:59.037;145;1,3
2026-03-18T12:23:59.997;145;1,3
2026-03-18T12:24:00.957;144;1,3
2026-03-18T12:24:01.918;144;1,4
2026-03-18T12:24:02.877;145;1,3
2026-03-18T12:24:03.839;144;1,4
2026-03-18T12:24:04.795;144;1,3
2026-03-18T12:24:05.758;144;1,3
2026-03-18T12:24:06.713;144;1,3
2026-03-18T12:24:08.156;144;1,4
2026-03-18T12:24:09.117;144;1,7
2026-03-18T12:24:10.078;144;1,5
2026-03-18T12:24:11.040;144;1,4
2026-03-18T12:24:11.997;145;1,3
2026-03-18T12:24:13.436;144;1,3
2026-03-18T12:24:13.915;144;1,3
2026-03-18T12:24:14.881;144;1,4
2026-03-18T12:24:15.836;144;1,4
2026-03-18T12:24:16.798;144;1,5
2026-03-18T12:24:17.758;144;1,4
2026-03-18T12:24:18.717;145;1,4
2026-03-18T12:24:20.158;145;1,7
2026-03-18T12:24:21.117;145;1,7
2026-03-18T12:24:22.074;145
2026-03-18T12:24:23.038;144;1,4
2026-03-18T12:24:23.997;144;1,4
2026-03-18T12:24:24.954;144
2026-03-18T12:24:25.914;144
2026-03-18T12:24:26.877;144;3,6
2026-03-18T12:24:27.837;143;5,5
2026-03-18T12:24:28.798;143;6,8
2026-03-18T12:24:29.754;143;6,8
2026-03-18T12:24:31.677;143;26,1
2026-03-18T12:24:32.157;143;26,2
2026-03-18T12:24:33.117;143;46,2
2026-03-18T12:24:34.077;143;46,2
2026-03-18T12:24:35.037;144;46,2
2026-03-18T12:24:35.997;144;46,2
2026-03-18T12:24:36.960;144;46,2
2026-03-18T12:24:37.918;145;46,2
2026-03-18T12:24:38.877;145;46,2
2026-03-18T12:24:39.836;145;46,2
2026-03-18T12:24:41.759;146;45,9
2026-03-18T12:24:41.762;146;45,8
2026-03-18T12:24:42.718;146;43,6
2026-03-18T12:24:44.157;146;38,1
2026-03-18T12:24:45.118;146;1,7
2026-03-18T12:24:46.076;146;1,8
2026-03-18T12:24:47.036;146;1,0
2026-03-18T12:24:47.999;146;1,0
2026-03-18T12:24:48.957;146;1,0
2026-03-18T12:24:49.918;146;0,9
2026-03-18T12:24:50.878;146;1,1
2026-03-18T12:24:51.839;146;1,1
2026-03-18T12:24:52.797;146;1,1
2026-03-18T12:24:53.757;146;1,1
2026-03-18T12:24:54.718;146;1,1
2026-03-18T12:24:56.156;146;1,1
2026-03-18T12:24:57.117;146;1,2
2026-03-18T12:24:58.077;146;1,2
2026-03-18T12:24:59.039;146;1,1
2026-03-18T12:24:59.997;146;1,0
2026-03-18T12:25:00.958;146;1,1
2026-03-18T12:25:01.917;147;1,1
2026-03-18T12:25:02.878;146;1,0
2026-03-18T12:25:03.837;146;0,9
2026-03-18T12:25:04.798;146;0,9
2026-03-18T12:25:05.757;147;1,1
2026-03-18T12:25:06.714;147;1,1
2026-03-18T12:25:08.161;147;1,1
2026-03-18T12:25:09.116;147;0,9
2026-03-18T12:25:10.078;146;0,9
2026-03-18T12:25:11.037;147;0,8
2026-03-18T12:25:11.996;147;0,9
2026-03-18T12:25:12.957;147;0,9
2026-03-18T12:25:13.916;146;0,9
2026-03-18T12:25:14.881;147;0,8
2026-03-18T12:25:15.838;147;0,8
2026-03-18T12:25:16.802;147;0,7
2026-03-18T12:25:17.756;147;0,7
2026-03-18T12:25:18.718;147;0,6
2026-03-18T12:25:20.157;147;1,0
2026-03-18T12:25:21.118;147;1,0
2026-03-18T12:25:22.076;147;1,0
2026-03-18T12:25:23.037;147;1,0
2026-03-18T12:25:23.998;147;1,0
2026-03-18T12:25:24.957;147;1,0
2026-03-18T12:25:25.917;148;1,1
2026-03-18T12:25:26.876;148;1,1
2026-03-18T12:25:27.838;147;1,2
2026-03-18T12:25:28.797;147;1,1
2026-03-18T12:25:29.757;148;1,3
2026-03-18T12:25:31.676;148;1,3
2026-03-18T12:25:32.158;148;1,1
2026-03-18T12:25:33.119;148;1,0
2026-03-18T12:25:34.078;148;1,1
2026-03-18T12:25:35.036;148;1,1
2026-03-18T12:25:35.997;147;1,1
2026-03-18T12:25:36.955;148;1,2
2026-03-18T12:25:37.917;148;1,0
2026-03-18T12:25:38.878;147;1,1
2026-03-18T12:25:39.834;147;1,1
2026-03-18T12:25:40.798;148;1,0
2026-03-18T12:25:41.757;148;1,0
2026-03-18T12:25:42.718;148;1,1
2026-03-18T12:25:44.157;148;1,2
2026-03-18T12:25:45.119;149;1,4
2026-03-18T12:25:46.076;149;1,3
2026-03-18T12:25:47.038;148;1,3
2026-03-18T12:25:47.998;148;1,2
2026-03-18T12:25:48.958;149;1,3
2026-03-18T12:25:49.917;149;1,3
2026-03-18T12:25:50.877;149;1,2
2026-03-18T12:25:51.838;149;1,2
2026-03-18T12:25:52.798;149;1,2
2026-03-18T12:25:53.758;149;1,2
2026-03-18T12:25:54.718;149;1,1
2026-03-18T12:25:56.158;149;0,8
2026-03-18T12:25:57.118;149;0,7
2026-03-18T12:25:58.078;149;0,9
2026-03-18T12:25:59.036;149;0,9
2026-03-18T12:26:00.001;149;0,9
2026-03-18T12:26:00.956;149;0,9
2026-03-18T12:26:01.917;149;0,9
2026-03-18T12:26:02.876;149;0,9
2026-03-18T12:26:03.838;149;1,0
2026-03-18T12:26:04.797;149;0,9
2026-03-18T12:26:05.757;149;1,0
2026-03-18T12:26:07.677;149;0,9
2026-03-18T12:26:08.160;149;0,9
2026-03-18T12:26:09.117;149;0,9
2026-03-18T12:26:10.078;149;1,0
2026-03-18T12:26:11.038;149;1,0
2026-03-18T12:26:11.999;149;1,0
2026-03-18T12:26:12.957;149;1,0
2026-03-18T12:26:13.918;149;1,0
2026-03-18T12:26:14.877;149;0,9
2026-03-18T12:26:15.837;150;0,9
2026-03-18T12:26:16.796;150;0,9
2026-03-18T12:26:17.758;150;1,1
2026-03-18T12:26:18.716;150;1,3
2026-03-18T12:26:20.158;150;1,4
2026-03-18T12:26:21.117;149;1,4
2026-03-18T12:26:22.078;149;1,3
2026-03-18T12:26:23.037;149;1,3
2026-03-18T12:26:23.999;149;1,3
2026-03-18T12:26:25.921;149;1,3
2026-03-18T12:26:25.925;149;1,4
2026-03-18T12:26:26.877;149;1,4
2026-03-18T12:26:27.836;149;1,4
2026-03-18T12:26:28.798;149;1,4
2026-03-18T12:26:29.756;149;1,3
2026-03-18T12:26:30.717;149;0,8
2026-03-18T12:26:32.157;149;0,8
2026-03-18T12:26:33.119;148;0,9
2026-03-18T12:26:34.075;148;0,9
2026-03-18T12:26:35.037;148;1,1
2026-03-18T12:26:35.997;148;1,1
2026-03-18T12:26:36.954;148;1,0
2026-03-18T12:26:37.916;148;1,0
2026-03-18T12:26:38.878;148;1,1
2026-03-18T12:26:39.836;147;1,1
2026-03-18T12:26:40.794;146;1,2
2026-03-18T12:26:41.757;146;1,2
2026-03-18T12:26:42.717;146;1,2
2026-03-18T12:26:44.158;146;1,3
2026-03-18T12:26:45.116;145;1,3
2026-03-18T12:26:46.077;145;1,3
2026-03-18T12:26:47.037;145;1,4
2026-03-18T12:26:47.998;145;1,4
2026-03-18T12:26:48.958;145;1,4
2026-03-18T12:26:49.916;145;1,7
2026-03-18T12:26:50.878;145;1,5
2026-03-18T12:26:51.838;145;1,5
2026-03-18T12:26:52.796;146;1,5
2026-03-18T12:26:54.718;146;1,6
2026-03-18T12:26:54.720;146;1,6
2026-03-18T12:26:56.158;146;1,7
2026-03-18T12:26:57.117;146;1,8
2026-03-18T12:26:58.077;146;2,7
2026-03-18T12:26:59.037;146;2,7
2026-03-18T12:26:59.997;147;2,9
2026-03-18T12:27:00.954;147
2026-03-18T12:27:01.914;147
2026-03-18T12:27:02.874;147
2026-03-18T12:27:03.834;147
2026-03-18T12:27:04.797;147;25,2
2026-03-18T12:27:05.756;147;35,2
2026-03-18T12:27:06.716;148;35,9
2026-03-18T12:27:08.157;147;53,8
2026-03-18T12:27:09.116;146;53,8
2026-03-18T12:27:10.077;145;53,8
2026-03-18T12:27:11.037;145;53,8
2026-03-18T12:27:11.997;145;53,8
2026-03-18T12:27:12.958;144;53,8
2026-03-18T12:27:13.915;145;53,8
2026-03-18T12:27:14.878;145;53,8
2026-03-18T12:27:15.838;144;53,7
2026-03-18T12:27:16.797;145;53,7
2026-03-18T12:27:17.756;145;40,7
2026-03-18T12:27:18.718;145;24,7
2026-03-18T12:27:20.157;145;1,2
2026-03-18T12:27:21.118;145;1,2
2026-03-18T12:27:22.078;145;1,2
2026-03-18T12:27:23.037;145;1,3
2026-03-18T12:27:23.998;145;1,5
2026-03-18T12:27:24.957;145;1,4
2026-03-18T12:27:26.878;145;1,3
2026-03-18T12:27:26.883;145;1,3
2026-03-18T12:27:27.836;145;1,5
2026-03-18T12:27:28.798;144;1,5
2026-03-18T12:27:29.757;144;1,5
2026-03-18T12:27:31.677;144;1,4
2026-03-18T12:27:32.158;144;1,3
2026-03-18T12:27:33.117;144;1,3
2026-03-18T12:27:34.077;144;1,4
2026-03-18T12:27:35.038;143;1,4
2026-03-18T12:27:35.996;144;1,2
2026-03-18T12:27:36.958;143;1,2
2026-03-18T12:27:37.917;143;1,2
2026-03-18T12:27:38.878;143;1,2
2026-03-18T12:27:39.837;143;0,9
2026-03-18T12:27:41.756;143;0,9
2026-03-18T12:27:41.760;143;0,9
2026-03-18T12:27:42.717;143;0,9
2026-03-18T12:27:44.156;143;0,9
2026-03-18T12:27:45.117;143;0,9
2026-03-18T12:27:46.077;143;0,8
2026-03-18T12:27:47.038;143;0,9
2026-03-18T12:27:47.997;144;0,9
2026-03-18T12:27:48.956;143;0,9
2026-03-18T12:27:49.917;144;0,8
2026-03-18T12:27:50.877;144;0,8
2026-03-18T12:27:51.836;144;0,8
2026-03-18T12:27:52.798;144;0,8
2026-03-18T12:27:53.756;144;0,8
2026-03-18T12:27:54.721;144;0,8
2026-03-18T12:27:56.156;144;0,9
2026-03-18T12:27:57.117;144;0,9
2026-03-18T12:27:58.076;144;0,8
2026-03-18T12:27:59.039;144;0,6
2026-03-18T12:27:59.997;145;0,6
2026-03-18T12:28:00.956;145;0,6
2026-03-18T12:28:01.918;145;0,6
2026-03-18T12:28:02.876;145;0,7
2026-03-18T12:28:03.838;145;0,7
2026-03-18T12:28:04.797;145;0,7
2026-03-18T12:28:05.758;145;0,8
2026-03-18T12:28:06.714;144;0,8
2026-03-18T12:28:08.156;144;0,7
2026-03-18T12:28:09.117;144;0,7
2026-03-18T12:28:10.078;144;0,7
2026-03-18T12:28:11.037;144;0,7
2026-03-18T12:28:11.997;144;0,7
2026-03-18T12:28:12.957;144;0,7
2026-03-18T12:28:13.918;144;0,7
2026-03-18T12:28:14.877;144;0,6
2026-03-18T12:28:15.837;144;0,6
2026-03-18T12:28:16.797;144;0,6
2026-03-18T12:28:17.756;144;0,6
2026-03-18T12:28:19.677;144;0,6
2026-03-18T12:28:20.158;144;0,6
2026-03-18T12:28:21.116;144;0,7
2026-03-18T12:28:22.078;144;0,7
2026-03-18T12:28:23.037;144;0,7
2026-03-18T12:28:23.997;144;0,7
2026-03-18T12:28:24.958;144;0,9
2026-03-18T12:28:25.917;144;0,9
2026-03-18T12:28:26.879;144;0,8
2026-03-18T12:28:28.797;144;0,8
2026-03-18T12:28:28.800;144;0,8
2026-03-18T12:28:29.758;144;0,8
2026-03-18T12:28:30.717;145;0,8
2026-03-18T12:28:32.157;145;0,8
2026-03-18T12:28:33.114;145;0,7
2026-03-18T12:28:34.078;145;0,8
2026-03-18T12:28:35.037;146;0,8
2026-03-18T12:28:35.998;146;0,8
2026-03-18T12:28:36.958;146;0,6
2026-03-18T12:28:37.916;146;0,8
2026-03-18T12:28:38.877;146;1,0
2026-03-18T12:28:39.837;146;1,0
2026-03-18T12:28:41.757;146;1,1
2026-03-18T12:28:41.761;147;1,1
2026-03-18T12:28:42.718;147;1,1
2026-03-18T12:28:44.157;147;1,1
2026-03-18T12:28:45.117;147;1,1
2026-03-18T12:28:46.077;147;1,1
2026-03-18T12:28:47.036;146;1,1
2026-03-18T12:28:47.997;147;1,1
2026-03-18T12:28:48.957;147;1,2
2026-03-18T12:28:49.917;147;1,1
2026-03-18T12:28:50.877;147;1,1
2026-03-18T12:28:51.837;147;1,1
2026-03-18T12:28:52.797;147;1,0
2026-03-18T12:28:53.757;147;1,0
2026-03-18T12:28:54.717;147;1,0
2026-03-18T12:28:56.157;147;1,1
2026-03-18T12:28:57.117;147;1,1
2026-03-18T12:28:58.077;147;1,1
2026-03-18T12:28:59.038;147;1,2
2026-03-18T12:28:59.998;148;1,2
2026-03-18T12:29:00.958;148;0,9
2026-03-18T12:29:01.917;148;0,9
2026-03-18T12:29:02.878;148;0,9
2026-03-18T12:29:03.836;149;0,9
2026-03-18T12:29:04.798;149;0,9
2026-03-18T12:29:06.717;149;0,9
2026-03-18T12:29:06.723;150;1,2
2026-03-18T12:29:08.158;150;1,3
2026-03-18T12:29:09.117;150;1,3
2026-03-18T12:29:10.078;150;1,3
2026-03-18T12:29:11.038;151;1,5
2026-03-18T12:29:11.996;151;1,5
2026-03-18T12:29:12.958;151;1,5
2026-03-18T12:29:13.917;151;1,5
2026-03-18T12:29:14.878;152;1,6
2026-03-18T12:29:16.797;152;1,6
2026-03-18T12:29:16.800;152;1,6
2026-03-18T12:29:17.758;152;1,7
2026-03-18T12:29:18.717;153;1,5
2026-03-18T12:29:20.161;153;1,4
2026-03-18T12:29:21.116;153;1,4
2026-03-18T12:29:22.080;153;1,7
2026-03-18T12:29:23.036;154;1,7
2026-03-18T12:29:23.998;154;1,7
2026-03-18T12:29:24.956;155;1,7
2026-03-18T12:29:25.918;154;1,7
2026-03-18T12:29:26.877;155;1,7
2026-03-18T12:29:27.840;155;1,7
2026-03-18T12:29:28.794;155
2026-03-18T12:29:29.757;156;1,6
2026-03-18T12:29:31.674;156;1,6
2026-03-18T12:29:32.157;156;1,6
2026-03-18T12:29:33.117;156;1,6
2026-03-18T12:29:34.078;156;1,8
2026-03-18T12:29:35.036;155;1,3
2026-03-18T12:29:35.998;155;1,3
2026-03-18T12:29:36.956;155;1,4
2026-03-18T12:29:37.915;155;1,4
2026-03-18T12:29:38.877;156;1,4
2026-03-18T12:29:39.836;156;1,5
2026-03-18T12:29:40.797;155;1,4
2026-03-18T12:29:41.756;155;1,4
2026-03-18T12:29:42.716;156;1,4
2026-03-18T12:29:44.158;156;1,6
2026-03-18T12:29:45.116;157;1,6
2026-03-18T12:29:46.079;156;1,6
2026-03-18T12:29:47.037;157;1,6
2026-03-18T12:29:47.997;158;1,4
2026-03-18T12:29:48.956;158;1,4
2026-03-18T12:29:50.881;158;1,3
2026-03-18T12:29:50.885;158;1,4
2026-03-18T12:29:51.838;157;1,4
2026-03-18T12:29:53.756;157;1,4
2026-03-18T12:29:53.760;157;1,4
2026-03-18T12:29:54.718;157;1,2
2026-03-18T12:29:56.157;157;1,1
2026-03-18T12:29:57.117;158;1,1
2026-03-18T12:29:58.076;157;1,1
2026-03-18T12:29:59.039;158;1,1
2026-03-18T12:29:59.995;158;1,1
2026-03-18T12:30:00.959;159;1,6
2026-03-18T12:30:01.916;159;1,6
2026-03-18T12:30:02.878;158;1,8
2026-03-18T12:30:03.834;158
2026-03-18T12:30:04.794;158
2026-03-18T12:30:06.716;158
2026-03-18T12:30:06.717;158
2026-03-18T12:30:08.156;157;1,8
2026-03-18T12:30:09.117;158;1,9
2026-03-18T12:30:10.076;158;1,9
2026-03-18T12:30:11.515;159;1,9
2026-03-18T12:30:11.998;158;1,9
2026-03-18T12:30:12.956;158;1,9
2026-03-18T12:30:13.919;158;2,0
2026-03-18T12:30:14.877;158;1,9
2026-03-18T12:30:15.838;158;1,5
2026-03-18T12:30:16.798;158;1,5
2026-03-18T12:30:18.238;158;1,4
2026-03-18T12:30:18.717;158;1,2
2026-03-18T12:30:20.160;157;1,0
2026-03-18T12:30:21.119;157;1,0
2026-03-18T12:30:22.077;157;1,0
2026-03-18T12:30:23.038;157;1,0
2026-03-18T12:30:23.999;157;1,0
2026-03-18T12:30:24.958;157;0,9
2026-03-18T12:30:25.917;157;0,9
2026-03-18T12:30:26.880;156;1,0
2026-03-18T12:30:27.836;156;0,9
2026-03-18T12:30:28.798;156;0,9
2026-03-18T12:30:29.757;156;0,9
2026-03-18T12:30:31.676;156;0,7
2026-03-18T12:30:32.157;156;0,8
2026-03-18T12:30:33.118;155;0,8
2026-03-18T12:30:34.078;155;0,7
2026-03-18T12:30:35.036;154;0,8
2026-03-18T12:30:35.998;154;0,8
2026-03-18T12:30:36.958;153;0,9
2026-03-18T12:30:37.916;153;0,8
2026-03-18T12:30:38.878;154;0,8
2026-03-18T12:30:40.797;154;0,8
2026-03-18T12:30:40.803;153;0,8
2026-03-18T12:30:41.756;153;1,1
2026-03-18T12:30:42.717;153;1,2
2026-03-18T12:30:44.156;154;1,2
2026-03-18T12:30:45.117;154;1,2
2026-03-18T12:30:46.076;153;1,1
2026-03-18T12:30:47.037;153;1,1
2026-03-18T12:30:47.997;152;1,1
2026-03-18T12:30:48.957;152;1,1
2026-03-18T12:30:50.877;152;1,1
2026-03-18T12:30:50.880;152;1,1
2026-03-18T12:30:51.837;151;1,1
2026-03-18T12:30:52.797;151;1,0
2026-03-18T12:30:53.758;150;0,8
2026-03-18T12:30:54.718;150;0,8
2026-03-18T12:30:56.158;150;0,8
2026-03-18T12:30:57.116;149;0,9
2026-03-18T12:30:58.077;148;0,9
2026-03-18T12:30:59.039;148;0,9
2026-03-18T12:30:59.997;148;0,9
2026-03-18T12:31:00.958;147;0,9
2026-03-18T12:31:01.916;147;0,9
2026-03-18T12:31:02.878;146;1,0
2026-03-18T12:31:03.837;146;1,0
2026-03-18T12:31:04.797;145;1,1
2026-03-18T12:31:06.714;144;1,1
2026-03-18T12:31:06.715;144;1,0
2026-03-18T12:31:08.154;144;1,1
2026-03-18T12:31:09.118;143;1,1
2026-03-18T12:31:10.077;143;1,1
2026-03-18T12:31:11.038;143;1,2
2026-03-18T12:31:12.062;142;1,3
2026-03-18T12:31:12.973;142;1,4
2026-03-18T12:31:13.928;141;1,4
2026-03-18T12:31:14.940;141;1,4
2026-03-18T12:31:15.878;140;1,4
2026-03-18T12:31:16.888;140;1,3
2026-03-18T12:31:18.734;139;1,4
2026-03-18T12:31:18.737;139;1,4
2026-03-18T12:31:20.218;138;1,4
2026-03-18T12:31:21.184;137;1,3
2026-03-18T12:31:22.148;137;1,3
2026-03-18T12:31:23.104;137;1,3
2026-03-18T12:31:24.057;136;1,1
2026-03-18T12:31:25.013;136;1,0
2026-03-18T12:31:25.974;135;1,1
2026-03-18T12:31:27.897;135;1,1
2026-03-18T12:31:27.899;134;1,2
2026-03-18T12:31:28.855;134;1,2
2026-03-18T12:31:29.820;132;1,5
2026-03-18T12:31:30.790;131;1,6
2026-03-18T12:31:32.218;130;1,6
2026-03-18T12:31:33.119;129;1,7
2026-03-18T12:31:34.074;129;1,7
2026-03-18T12:31:35.107;128;1,8
2026-03-18T12:31:36.060;127;1,8
2026-03-18T12:31:37.036;126;1,8
2026-03-18T12:31:37.974;125;1,8
2026-03-18T12:31:38.940;125;1,9
2026-03-18T12:31:39.904;124;1,8
2026-03-18T12:31:40.837;124;1,8
2026-03-18T12:31:41.816;124;1,7
2026-03-18T12:31:42.732;123;1,6
2026-03-18T12:31:44.220;123;1,4
2026-03-18T12:31:45.181;123;1,2
2026-03-18T12:31:46.146;123;1,2
2026-03-18T12:31:47.100;122;1,2
2026-03-18T12:31:48.060;122;1,1
2026-03-18T12:31:49.019;122;1,0
2026-03-18T12:31:50.940;122;1,0
2026-03-18T12:31:50.941;122;0,9
2026-03-18T12:31:51.904;122;1,0
2026-03-18T12:31:52.861;121;1,2
2026-03-18T12:31:53.825;121;1,2
2026-03-18T12:31:54.781;120;1,3
2026-03-18T12:31:56.218;120;1,2
2026-03-18T12:31:57.181;120;1,3
2026-03-18T12:31:58.144;120;1,2
2026-03-18T12:31:59.041;120;1,2
2026-03-18T12:32:00.044;120;1,2
2026-03-18T12:32:00.997;120;1,2
2026-03-18T12:32:01.934;120;1,4
2026-03-18T12:32:02.944;120;1,4
2026-03-18T12:32:03.855;119;1,4
2026-03-18T12:32:05.817;119;1,4
2026-03-18T12:32:05.818;118;1,4
2026-03-18T12:32:06.755;118;1,4
2026-03-18T12:32:08.224;118;1,2
2026-03-18T12:32:09.188;118;1,1
2026-03-18T12:32:10.146;117;1,5
2026-03-18T12:32:11.094;117;1,6
2026-03-18T12:32:12.058;116;1,6
2026-03-18T12:32:13.021;116;1,6
2026-03-18T12:32:14.933;116;1,7
2026-03-18T12:32:14.934;116;1,7
2026-03-18T12:32:15.895;116;1,7
2026-03-18T12:32:16.855;116;1,6
2026-03-18T12:32:17.815;117;1,6
2026-03-18T12:32:18.777;117;1,5
2026-03-18T12:32:20.211;117;1,4
2026-03-18T12:32:21.175;117;1,5
2026-03-18T12:32:22.141;117;1,5
2026-03-18T12:32:23.100;117;1,6
2026-03-18T12:32:24.003;117;1,3
2026-03-18T12:32:24.961;117;1,3
2026-03-18T12:32:25.917;117;1,1
2026-03-18T12:32:26.934;117;1,1
2026-03-18T12:32:27.840;117;1,1
2026-03-18T12:32:28.815;117;1,0
2026-03-18T12:32:29.758;117;1,0
2026-03-18T12:32:31.737;117;1,0
2026-03-18T12:32:32.216;117;1,1
2026-03-18T12:32:33.122;117;1,3
2026-03-18T12:32:34.135;117;1,3
2026-03-18T12:32:35.094;117;1,5
2026-03-18T12:32:36.000;116;1,4
2026-03-18T12:32:37.021;116;1,4
2026-03-18T12:32:37.984;116;1,3
2026-03-18T12:32:38.946;116;1,3
2026-03-18T12:32:39.898;116;1,4
2026-03-18T12:32:40.882;117;1,5
2026-03-18T12:32:41.827;117;1,5
2026-03-18T12:32:42.784;117;1,5
2026-03-18T12:32:44.224;117;1,5
2026-03-18T12:32:45.176;117;1,5
2026-03-18T12:32:46.141;117;1,4
2026-03-18T12:32:47.102;117;1,4
2026-03-18T12:32:48.053;118;1,1
2026-03-18T12:32:49.022;118;1,1
2026-03-18T12:32:49.974;118;1,0
2026-03-18T12:32:50.917;118;1,0
2026-03-18T12:32:52.799;118;1,0
2026-03-18T12:32:52.803;118;1,2
2026-03-18T12:32:53.774;117;1,3
2026-03-18T12:32:54.773;117;1,2
2026-03-18T12:32:56.219;117;1,1
2026-03-18T12:32:57.183;116;1,1
2026-03-18T12:32:58.144;116;1,2
2026-03-18T12:32:59.041;115;1,3
2026-03-18T12:33:00.057;115;1,4
2026-03-18T12:33:00.989;115;1,4
2026-03-18T12:33:01.935;114;1,3
2026-03-18T12:33:02.937;115;1,4
2026-03-18T12:33:03.901;115;1,4
2026-03-18T12:33:04.813;115;1,4
2026-03-18T12:33:05.817;115;1,4
2026-03-18T12:33:06.790;114;1,5
2026-03-18T12:33:08.201;114;1,4
2026-03-18T12:33:09.183;113;1,4
2026-03-18T12:33:10.139;113;1,4
2026-03-18T12:33:11.054;113;1,4
2026-03-18T12:33:12.068;113;1,4
2026-03-18T12:33:13.025;113;1,5
2026-03-18T12:33:13.981;113;1,5
2026-03-18T12:33:14.894;112;1,4
2026-03-18T12:33:15.855;112;1,4
2026-03-18T12:33:16.811;112;1,4
2026-03-18T12:33:17.771;112;1,4
2026-03-18T12:33:18.768;112;1,7
2026-03-18T12:33:20.171;112;1,7
2026-03-18T12:33:21.131;113;1,7
2026-03-18T12:33:22.091;112;1,7
2026-03-18T12:33:23.045;112;1,7
2026-03-18T12:33:24.015;112;1,6
2026-03-18T12:33:24.974;112;1,7
2026-03-18T12:33:25.935;112;1,6
2026-03-18T12:33:26.896;112;1,6
2026-03-18T12:33:27.855;111;2,0
2026-03-18T12:33:28.815;110;2,3
2026-03-18T12:33:29.774;110;2,3
2026-03-18T12:33:30.722;109;2,2
2026-03-18T12:33:32.213;110;2,3
2026-03-18T12:33:33.158;110;2,3
2026-03-18T12:33:34.142;110;2,4
2026-03-18T12:33:35.094;111;2,2
2026-03-18T12:33:36.056;111;2,2
2026-03-18T12:33:37.019;111;2,2
2026-03-18T12:33:37.977;111;2,1
2026-03-18T12:33:39.899;111;2,1
2026-03-18T12:33:39.900;111;2,3
2026-03-18T12:33:40.863;111;2,3
2026-03-18T12:33:41.822;111;2,4
2026-03-18T12:33:42.780;111;2,1
2026-03-18T12:33:44.214;110;2,1
2026-03-18T12:33:45.176;110;1,6
2026-03-18T12:33:46.135;110;1,7
2026-03-18T12:33:47.102;110;1,7
2026-03-18T12:33:48.056;110;1,5
2026-03-18T12:33:49.013;110;1,5
2026-03-18T12:33:49.984;110;1,5
2026-03-18T12:33:50.941;110;1,8
2026-03-18T12:33:51.898;109;1,9
2026-03-18T12:33:52.857;109;1,9
2026-03-18T12:33:53.818;109;2,1
2026-03-18T12:33:54.777;110;2,0
2026-03-18T12:33:56.213;110;1,9
2026-03-18T12:33:57.180;110;1,8
2026-03-18T12:33:58.135;110;1,9
2026-03-18T12:33:59.098;110;1,9
2026-03-18T12:34:00.005;110;1,9
2026-03-18T12:34:01.017;110;1,9
2026-03-18T12:34:01.976;110;1,9
2026-03-18T12:34:02.933;110;1,8
2026-03-18T12:34:03.900;111;2,2
2026-03-18T12:34:04.867;111;2,2
2026-03-18T12:34:05.831;112;2,1
2026-03-18T12:34:06.780;112;1,8
2026-03-18T12:34:08.224;112;1,9
2026-03-18T12:34:09.182;112;1,9
2026-03-18T12:34:10.137;112;1,7
2026-03-18T12:34:11.097;112;2,6
2026-03-18T12:34:12.069;110;3,1
2026-03-18T12:34:13.017;109;3,1
2026-03-18T12:34:13.980;108;3,0
2026-03-18T12:34:14.938;108;3,0
2026-03-18T12:34:15.898;108;3,1
2026-03-18T12:34:17.808;108;3,2
2026-03-18T12:34:17.809;109;3,2
2026-03-18T12:34:18.778;109;3,2
2026-03-18T12:34:20.220;109;3,0
2026-03-18T12:34:21.181;108;3,0
2026-03-18T12:34:22.140;108;3,0
2026-03-18T12:34:23.099;108;3,0
2026-03-18T12:34:24.062;108;3,1
2026-03-18T12:34:25.030;108;3,0
2026-03-18T12:34:26.941;107;3,1
2026-03-18T12:34:26.942;107;2,6
2026-03-18T12:34:27.849;106;2,3
2026-03-18T12:34:28.864;106;2,2
2026-03-18T12:34:29.824;105;2,3
2026-03-18T12:34:30.784;106;2,4
2026-03-18T12:34:32.223;106;2,4
2026-03-18T12:34:33.180;106;2,3
2026-03-18T12:34:34.140;107;2,4
2026-03-18T12:34:35.098;108;2,4
2026-03-18T12:34:36.062;108;2,3
2026-03-18T12:34:37.026;109;2,4
2026-03-18T12:34:37.980;110;2,6
2026-03-18T12:34:38.941;110;2,6
2026-03-18T12:34:39.901;111;2,6
2026-03-18T12:34:40.865;111;2,6
2026-03-18T12:34:41.813;110;2,9
2026-03-18T12:34:42.775;110;2,8
2026-03-18T12:34:44.220;110;2,8
2026-03-18T12:34:45.167;110;2,6
2026-03-18T12:34:46.136;110;2,6
2026-03-18T12:34:47.099;110;2,5
2026-03-18T12:34:48.064;110;2,5
2026-03-18T12:34:49.022;110;2,7
2026-03-18T12:34:50.894;110;2,6
2026-03-18T12:34:50.896;109;3,2
2026-03-18T12:34:51.856;108;3,2
2026-03-18T12:34:52.815;107;3,1
2026-03-18T12:34:53.775;107;3,1
2026-03-18T12:34:54.736;107;3,0
2026-03-18T12:34:56.219;107;3,1
2026-03-18T12:34:57.176;107;3,1
2026-03-18T12:34:58.135;107;2,7
2026-03-18T12:34:59.098;107;2,7
2026-03-18T12:35:00.065;107;2,8
2026-03-18T12:35:01.026;107;2,8
2026-03-18T12:35:01.950;107;2,8
2026-03-18T12:35:02.896;108;2,9
2026-03-18T12:35:04.817;109;3,0
2026-03-18T12:35:04.819;109;3,0
2026-03-18T12:35:05.776;109;2,8
2026-03-18T12:35:06.736;110;2,2
2026-03-18T12:35:08.222;109;2,6
2026-03-18T12:35:09.174;109;2,9
2026-03-18T12:35:10.139;108;2,9
2026-03-18T12:35:11.087;108;2,9
2026-03-18T12:35:12.055;108;2,8
2026-03-18T12:35:13.023;108;2,9
2026-03-18T12:35:13.985;108;2,9
2026-03-18T12:35:14.931;109;2,9
2026-03-18T12:35:15.879;108;3,4
2026-03-18T12:35:16.815;107;3,4
2026-03-18T12:35:17.775;107;3,3
2026-03-18T12:35:18.735;107;3,3
2026-03-18T12:35:20.176;107;3,1
2026-03-18T12:35:21.123;107;3,1
2026-03-18T12:35:22.096;108;3,1
2026-03-18T12:35:23.103;108;3,1
2026-03-18T12:35:24.073;107;3,2
2026-03-18T12:35:25.021;106;2,8
2026-03-18T12:35:26.015;106;2,9
2026-03-18T12:35:26.941;106;2,9
2026-03-18T12:35:27.898;106;2,8
2026-03-18T12:35:28.868;106;2,7
2026-03-18T12:35:29.826;106;2,7
2026-03-18T12:35:30.787;106;2,7
2026-03-18T12:35:32.172;106;2,3
2026-03-18T12:35:33.123;106;1,9
2026-03-18T12:35:34.140;106;2,0
2026-03-18T12:35:35.106;106;2,0
2026-03-18T12:35:36.057;105;2,6
2026-03-18T12:35:37.027;104;2,7
2026-03-18T12:35:37.998;104;2,8
2026-03-18T12:35:38.991;103;2,8
2026-03-18T12:35:39.858;104;3,0
2026-03-18T12:35:40.815;104;2,9
2026-03-18T12:35:41.772;105;2,9
2026-03-18T12:35:42.784;105;2,8
2026-03-18T12:35:44.174;105;3,0
2026-03-18T12:35:45.116;105;2,9
2026-03-18T12:35:46.077;105;3,0
2026-03-18T12:35:47.055;105;3,0
2026-03-18T12:35:48.016;106;3,3
2026-03-18T12:35:49.032;107;3,4
2026-03-18T12:35:50.952;108;3,5
2026-03-18T12:35:50.953;109;3,5
2026-03-18T12:35:51.901;109;3,1
2026-03-18T12:35:52.865;109;3,1
2026-03-18T12:35:53.839;109;3,0
2026-03-18T12:35:54.787;109;3,0
2026-03-18T12:35:56.224;108;3,4
2026-03-18T12:35:57.187;107;3,2
2026-03-18T12:35:58.136;106;3,7
2026-03-18T12:35:59.104;105;3,7
2026-03-18T12:36:00.002;105;3,7
2026-03-18T12:36:00.974;105;3,9
2026-03-18T12:36:01.938;105;3,9
2026-03-18T12:36:02.896;106;3,9
2026-03-18T12:36:03.853;107;3,8
2026-03-18T12:36:04.802;107;3,6
2026-03-18T12:36:05.756;107;3,6
2026-03-18T12:36:06.732;108;3,6
2026-03-18T12:36:08.158;108;3,5
2026-03-18T12:36:09.119;107;3,5
2026-03-18T12:36:10.075;107;3,5
2026-03-18T12:36:11.052;107;3,6
2026-03-18T12:36:12.013;108;3,6
2026-03-18T12:36:12.960;108;2,9
2026-03-18T12:36:13.973;108;2,3
2026-03-18T12:36:14.945;107;2,4
2026-03-18T12:36:15.835;107;2,4
2026-03-18T12:36:16.798;107;2,0
2026-03-18T12:36:17.772;107;1,8
2026-03-18T12:36:18.732;107;1,7
2026-03-18T12:36:20.155;107;1,7
2026-03-18T12:36:21.117;107;1,6
2026-03-18T12:36:22.091;107;1,5
2026-03-18T12:36:23.051;107;1,5
2026-03-18T12:36:24.002;107;1,3
