Phone timestamp;HR [bpm];HRV [ms];Breathing interval [rpm];
2026-03-24T17:47:42.158;142;1,1
2026-03-24T17:47:42.642;141;5,3
2026-03-24T17:47:43.611;141;5,4
2026-03-24T17:47:44.561;140;5,4
2026-03-24T17:47:45.516;139;5,4
2026-03-24T17:47:46.479;139;5,4
2026-03-24T17:47:47.441;138;5,5
2026-03-24T17:47:49.361;137;5,5
2026-03-24T17:47:49.838;136;5,5
2026-03-24T17:47:50.836;136;5,5
2026-03-24T17:47:51.758;136;5,6
2026-03-24T17:47:52.720;136;5,6
2026-03-24T17:47:53.678;135;5,7
2026-03-24T17:47:54.679;133;6,6
2026-03-24T17:47:55.636;130;4,0
2026-03-24T17:47:56.598;129;4,0
2026-03-24T17:47:57.554;129;4,0
2026-03-24T17:47:58.517;129;4,0
2026-03-24T17:47:59.429;130;4,2
2026-03-24T17:48:00.384;131;4,2
2026-03-24T17:48:01.831;132;4,1
2026-03-24T17:48:02.835;132;4,1
2026-03-24T17:48:03.795;132;4,1
2026-03-24T17:48:05.716;132;4,1
2026-03-24T17:48:05.718;132;4,0
2026-03-24T17:48:06.680;132;3,8
2026-03-24T17:48:07.589;132;2,0
2026-03-24T17:48:09.072;132;1,8
2026-03-24T17:48:09.520;132;1,8
2026-03-24T17:48:10.516;133;1,6
2026-03-24T17:48:11.470;133;1,7
2026-03-24T17:48:12.440;134;1,1
2026-03-24T17:48:13.841;134;1,1
2026-03-24T17:48:14.797;133;3,7
2026-03-24T17:48:15.799;128;6,4
2026-03-24T17:48:16.768;126;6,4
2026-03-24T17:48:17.717;126;7,5
2026-03-24T17:48:18.681;127;7,5
2026-03-24T17:48:19.637;128;7,5
2026-03-24T17:48:21.553;129;7,5
2026-03-24T17:48:21.554;130;7,6
2026-03-24T17:48:22.521;132;7,7
2026-03-24T17:48:23.439;134;7,7
2026-03-24T17:48:24.437;135;7,7
2026-03-24T17:48:25.878;135;7,7
2026-03-24T17:48:26.835;135;7,7
2026-03-24T17:48:27.804;135;6,8
2026-03-24T17:48:28.770;135;4,4
2026-03-24T17:48:29.717;135;4,5
2026-03-24T17:48:30.669;135;2,2
2026-03-24T17:48:31.677;134;2,2
2026-03-24T17:48:32.558;133;2,3
2026-03-24T17:48:33.521;133;2,3
2026-03-24T17:48:34.482;132;2,1
2026-03-24T17:48:35.955;133;1,7
2026-03-24T17:48:36.391;133;1,8
2026-03-24T17:48:37.877;134;1,8
2026-03-24T17:48:38.835;134;1,8
2026-03-24T17:48:39.835;134;2,1
2026-03-24T17:48:40.780;134;2,1
2026-03-24T17:48:41.681;133;2,3
2026-03-24T17:48:42.637;134;2,3
2026-03-24T17:48:43.602;135;2,4
2026-03-24T17:48:44.562;135;2,3
2026-03-24T17:48:45.522;135;2,0
2026-03-24T17:48:46.481;135;2,1
2026-03-24T17:48:47.488;134;2,1
2026-03-24T17:48:48.439;134;2,1
2026-03-24T17:48:49.897;134;2,0
2026-03-24T17:48:50.841;134;2,0
2026-03-24T17:48:51.798;134;2,0
2026-03-24T17:48:52.759;134;1,8
2026-03-24T17:48:53.722;135;1,7
2026-03-24T17:48:54.678;135;1,4
2026-03-24T17:48:55.640;135;1,8
2026-03-24T17:48:56.611;134;2,5
2026-03-24T17:48:57.560;132;2,6
2026-03-24T17:48:58.519;131;2,6
2026-03-24T17:48:59.474;131;2,6
2026-03-24T17:49:00.449;131;2,6
2026-03-24T17:49:01.879;132;2,6
2026-03-24T17:49:02.840;133;2,7
2026-03-24T17:49:03.804;134;2,7
2026-03-24T17:49:04.759;135;2,8
2026-03-24T17:49:05.721;136;2,8
2026-03-24T17:49:06.689;138;2,9
2026-03-24T17:49:08.602;139;2,8
2026-03-24T17:49:08.603;139;2,8
2026-03-24T17:49:09.562;140;2,1
2026-03-24T17:49:10.521;141;2,0
2026-03-24T17:49:11.962;142;2,0
2026-03-24T17:49:12.396;142;1,9
2026-03-24T17:49:13.883;142;1,9
2026-03-24T17:49:15.803;142;1,9
2026-03-24T17:49:15.806;143;2,3
2026-03-24T17:49:16.774;144;2,3
2026-03-24T17:49:17.716;146;2,2
2026-03-24T17:49:18.683;146;2,2
2026-03-24T17:49:19.635;148;2,2
2026-03-24T17:49:20.597;149;2,2
2026-03-24T17:49:21.562;149;2,0
2026-03-24T17:49:22.478;150;2,1
2026-03-24T17:49:23.440;150;2,1
2026-03-24T17:49:24.387;151;2,1
2026-03-24T17:49:25.827;152;2,0
2026-03-24T17:49:27.282;152;1,3
2026-03-24T17:49:27.760;152;1,7
2026-03-24T17:49:28.722;153;2,0
2026-03-24T17:49:29.682;153;2,0
2026-03-24T17:49:30.642;153;1,8
2026-03-24T17:49:31.603;153;1,8
2026-03-24T17:49:32.562;153;1,9
2026-03-24T17:49:33.521;152;1,9
2026-03-24T17:49:34.483;151;1,8
2026-03-24T17:49:35.921;151;1,9
2026-03-24T17:49:36.401;151;2,0
2026-03-24T17:49:37.841;151;2,0
2026-03-24T17:49:38.802;150;2,0
2026-03-24T17:49:40.722;150;1,3
2026-03-24T17:49:40.726;151;1,2
2026-03-24T17:49:41.683;151;1,1
2026-03-24T17:49:42.640;151;1,2
2026-03-24T17:49:43.602;152;1,4
2026-03-24T17:49:44.562;152;1,4
2026-03-24T17:49:46.482;154;1,4
2026-03-24T17:49:46.486;155;1,4
2026-03-24T17:49:47.443;156;1,2
2026-03-24T17:49:48.882;156;1,2
2026-03-24T17:49:49.838;157;1,2
2026-03-24T17:49:50.802;158;1,2
2026-03-24T17:49:52.241;158;1,2
2026-03-24T17:49:52.719;159;1,2
2026-03-24T17:49:53.670;160;1,5
2026-03-24T17:49:54.623;161;1,5
2026-03-24T17:49:57.508;161;1,3
2026-03-24T17:49:57.511;161;1,3
2026-03-24T17:49:57.512;161;1,4
2026-03-24T17:49:58.482;161;1,4
2026-03-24T17:49:59.443;161;1,3
2026-03-24T17:50:00.402;162;1,3
2026-03-24T17:50:01.842;162;1,4
2026-03-24T17:50:02.787;162;1,4
2026-03-24T17:50:03.760;162;1,5
2026-03-24T17:50:04.719;162;1,5
2026-03-24T17:50:05.680;161;1,1
2026-03-24T17:50:06.642;161;1,1
2026-03-24T17:50:07.603;161;1,1
2026-03-24T17:50:08.562;161;1,0
2026-03-24T17:50:09.523;161;0,9
2026-03-24T17:50:10.962;161;0,9
2026-03-24T17:50:11.922;161;0,9
2026-03-24T17:50:13.363;161;0,7
2026-03-24T17:50:14.322;161;0,7
2026-03-24T17:50:15.283;161;0,8
2026-03-24T17:50:15.758;162;0,9
2026-03-24T17:50:16.721;162;0,9
2026-03-24T17:50:17.683;163;0,9
2026-03-24T17:50:18.642;163;0,9
2026-03-24T17:50:19.603;163;0,9
2026-03-24T17:50:20.562;163;0,9
2026-03-24T17:50:21.522;163;1,2
2026-03-24T17:50:22.483;164;1,2
2026-03-24T17:50:23.442;164;1,2
2026-03-24T17:50:24.403;164;1,2
2026-03-24T17:50:25.841;165;1,2
2026-03-24T17:50:26.802;165;1,1
2026-03-24T17:50:27.760;165;1,2
2026-03-24T17:50:28.722;165;1,1
2026-03-24T17:50:29.681;165;1,1
2026-03-24T17:50:30.641;165;1,2
2026-03-24T17:50:31.603;165;1,2
2026-03-24T17:50:33.523;165;0,9
2026-03-24T17:50:33.525;166;1,2
2026-03-24T17:50:34.485;165;1,6
2026-03-24T17:50:35.443;165;1,6
2026-03-24T17:50:36.403;165;1,7
2026-03-24T17:50:37.842;165;1,6
2026-03-24T17:50:38.802;165;1,6
2026-03-24T17:50:40.722;165;1,6
2026-03-24T17:50:40.725;165;1,6
2026-03-24T17:50:41.681;165;14,2
2026-03-24T17:50:42.643;165;19,9
2026-03-24T17:50:43.601;165;19,9
2026-03-24T17:50:44.561;165;19,9
2026-03-24T17:50:45.523;165;19,9
2026-03-24T17:50:46.484;164;19,9
2026-03-24T17:50:47.443;164;19,8
2026-03-24T17:50:48.403;164;19,8
2026-03-24T17:50:49.835;164;19,8
2026-03-24T17:50:51.283;164;19,8
2026-03-24T17:50:51.759;163;19,8
2026-03-24T17:50:52.720;163;14,0
2026-03-24T17:50:53.683;163;0,9
2026-03-24T17:50:54.643;162;0,9
2026-03-24T17:50:55.603;162;1,0
2026-03-24T17:50:56.561;162;1,0
2026-03-24T17:50:57.523;162;1,0
2026-03-24T17:50:58.964;163;1,0
2026-03-24T17:50:59.442;163;1,2
2026-03-24T17:51:00.402;164;1,2
2026-03-24T17:51:01.844;164;1,9
2026-03-24T17:51:02.800;164;2,0
2026-03-24T17:51:03.759;164;2,7
2026-03-24T17:51:05.205;163;3,2
2026-03-24T17:51:06.640;163;3,2
2026-03-24T17:51:06.643;163;3,3
2026-03-24T17:51:08.563;162;3,4
2026-03-24T17:51:08.566;162;3,4
2026-03-24T17:51:12.867;162;3,4
2026-03-24T17:51:12.871;162;3,5
2026-03-24T17:51:12.874;162;3,5
2026-03-24T17:51:12.877;162;3,5
2026-03-24T17:51:14.802;163;3,5
2026-03-24T17:51:15.759;163;3,2
2026-03-24T17:51:16.706;162;2,9
2026-03-24T17:51:16.709;162;1,8
2026-03-24T17:51:18.644;163;1,6
2026-03-24T17:51:19.601;163
2026-03-24T17:51:19.603;162;1,9
2026-03-24T17:51:22.484;161;2,1
2026-03-24T17:51:22.488;162;2,0
2026-03-24T17:51:22.491;163;1,9
2026-03-24T17:51:23.441;163;1,9
2026-03-24T17:51:24.403;163;2,0
2026-03-24T17:51:25.829;164;2,0
2026-03-24T17:51:26.784;164;2,0
2026-03-24T17:51:27.759;164;2,1
2026-03-24T17:51:29.683;165;2,2
2026-03-24T17:51:30.163;165;2,4
2026-03-24T17:51:31.602;165;2,4
2026-03-24T17:51:32.083;165;2,6
2026-03-24T17:51:32.561;166;2,5
2026-03-24T17:51:33.522;166;2,7
2026-03-24T17:51:34.484;166;3,1
2026-03-24T17:51:35.443;165;3,8
2026-03-24T17:51:36.404;166;3,8
2026-03-24T17:51:37.843;165;3,7
2026-03-24T17:51:38.803;166;3,7
2026-03-24T17:51:40.724;166;3,7
2026-03-24T17:51:40.727;166;3,5
2026-03-24T17:51:42.163;165;3,5
2026-03-24T17:51:43.122;166;3,5
2026-03-24T17:51:43.602;165;3,1
2026-03-24T17:51:44.563;165;3,1
2026-03-24T17:51:45.522;164;2,9
2026-03-24T17:51:46.484;164;1,9
2026-03-24T17:51:47.442;164;0,9
2026-03-24T17:51:48.403;163;1,0
2026-03-24T17:51:49.843;163;1,0
2026-03-24T17:51:50.801;163;1,0
2026-03-24T17:51:51.761;163;0,9
2026-03-24T17:51:52.722;162;0,9
2026-03-24T17:51:53.683;162;0,7
2026-03-24T17:51:54.642;162;0,6
2026-03-24T17:51:56.563;162;0,7
2026-03-24T17:51:56.567;161;0,6
2026-03-24T17:51:58.484;161;0,6
2026-03-24T17:51:58.487;161;0,6
2026-03-24T17:51:59.443;161;0,6
2026-03-24T17:52:00.403;162;0,6
2026-03-24T17:52:01.843;162;0,7
2026-03-24T17:52:02.803;162;0,7
2026-03-24T17:52:03.762;162;0,7
2026-03-24T17:52:04.723;163;1,0
2026-03-24T17:52:05.679;163;1,2
2026-03-24T17:52:06.643;163;1,3
2026-03-24T17:52:07.602;163;1,2
2026-03-24T17:52:08.563;163;1,2
2026-03-24T17:52:09.523;163;1,4
2026-03-24T17:52:10.483;163;1,5
2026-03-24T17:52:11.443;163;1,5
2026-03-24T17:52:12.403;163;1,4
2026-03-24T17:52:13.843;163;1,4
2026-03-24T17:52:15.283;163;1,4
2026-03-24T17:52:15.761;163;1,3
2026-03-24T17:52:16.721;164;1,3
2026-03-24T17:52:17.683;164;1,1
2026-03-24T17:52:18.643;164;1,1
2026-03-24T17:52:19.602;165;1,1
2026-03-24T17:52:20.562;164;0,9
2026-03-24T17:52:21.522;165;0,7
2026-03-24T17:52:22.945;165;0,7
2026-03-24T17:52:23.428;165;0,8
2026-03-24T17:52:24.384;165;1,8
2026-03-24T17:52:26.802;165;1,9
2026-03-24T17:52:27.283;165;1,9
2026-03-24T17:52:27.760;165;1,9
2026-03-24T17:52:28.723;165;1,9
2026-03-24T17:52:31.118;164;2,1
2026-03-24T17:52:31.121;164;2,1
2026-03-24T17:52:31.588;163;2,1
2026-03-24T17:52:32.565;163;2,1
2026-03-24T17:52:33.524;162;2,1
2026-03-24T17:52:34.483;162;2,1
2026-03-24T17:52:35.444;162;1,7
2026-03-24T17:52:36.404;162;1,5
2026-03-24T17:52:37.844;162;1,5
2026-03-24T17:52:38.803;163;1,6
2026-03-24T17:52:40.720;164;1,2
2026-03-24T17:52:40.721;164;1,3
2026-03-24T17:52:41.682;164;1,4
2026-03-24T17:52:42.644;165;1,3
2026-03-24T17:52:43.602;165;1,3
2026-03-24T17:52:45.518;165;1,3
2026-03-24T17:52:46.004;166;1,3
2026-03-24T17:52:46.482;166;1,0
2026-03-24T17:52:47.444;166;1,0
2026-03-24T17:52:48.404;167;1,0
2026-03-24T17:52:49.844;167;1,0
2026-03-24T17:52:50.803;167;1,4
2026-03-24T17:52:51.760;167;1,5
2026-03-24T17:52:52.717;168;1,5
2026-03-24T17:52:53.684;168;1,5
2026-03-24T17:52:54.644;169;1,6
2026-03-24T17:52:55.601;169
2026-03-24T17:52:56.563;169;1,6
2026-03-24T17:52:57.522;169;1,6
2026-03-24T17:52:58.964;168;30,6
2026-03-24T17:53:00.884;168;43,4
2026-03-24T17:53:00.887;168;43,5
2026-03-24T17:53:01.845;169;43,4
2026-03-24T17:53:02.803;169;43,4
2026-03-24T17:53:03.762;169;43,4
2026-03-24T17:53:04.724;168;43,4
2026-03-24T17:53:05.682;168;43,4
2026-03-24T17:53:06.644;168;43,4
2026-03-24T17:53:07.605;168;43,4
2026-03-24T17:53:09.042;168;43,4
2026-03-24T17:53:09.511;168;30,9
2026-03-24T17:53:10.483;168;0,8
2026-03-24T17:53:11.444;168;2,5
2026-03-24T17:53:12.403;168;2,5
2026-03-24T17:53:13.844;168;2,5
2026-03-24T17:53:14.792;168;2,5
2026-03-24T17:53:15.760;168;2,5
2026-03-24T17:53:16.724;168;2,5
2026-03-24T17:53:17.683;167;2,5
2026-03-24T17:53:18.644;167;2,5
2026-03-24T17:53:19.603;166;2,5
2026-03-24T17:53:20.564;166;2,5
2026-03-24T17:53:21.522;166;2,0
2026-03-24T17:53:22.484;165;0,9
2026-03-24T17:53:23.444;165;0,9
2026-03-24T17:53:24.402;164;0,9
2026-03-24T17:53:25.842;163;0,9
2026-03-24T17:53:26.804;163;0,9
2026-03-24T17:53:27.760;162;0,9
2026-03-24T17:53:28.724;162;1,0
2026-03-24T17:53:29.684;161;1,0
2026-03-24T17:53:30.643;161;1,0
2026-03-24T17:53:32.565;161;0,9
2026-03-24T17:53:33.042;160;0,9
2026-03-24T17:53:33.522;160;0,7
2026-03-24T17:53:34.484;160;0,8
2026-03-24T17:53:35.442;159;0,8
2026-03-24T17:53:36.404;159;0,8
2026-03-24T17:53:37.844;158;0,8
2026-03-24T17:53:38.803;158;0,7
2026-03-24T17:53:39.761;157;0,7
2026-03-24T17:53:40.721;157;0,8
2026-03-24T17:53:41.683;157;0,8
2026-03-24T17:53:42.642;156;0,8
2026-03-24T17:53:43.604;156;0,8
2026-03-24T17:53:44.562;155;0,9
2026-03-24T17:53:45.524;155;1,0
2026-03-24T17:53:46.964;155;1,0
2026-03-24T17:53:47.444;154;1,1
2026-03-24T17:53:48.403;154;1,1
2026-03-24T17:53:49.844;154;1,2
2026-03-24T17:53:51.284;154;1,1
2026-03-24T17:53:52.243;153;1,1
2026-03-24T17:53:52.722;153;1,1
2026-03-24T17:53:53.684;153;1,2
2026-03-24T17:53:54.644;153;1,3
2026-03-24T17:53:56.083;153;1,4
2026-03-24T17:53:56.563;153;1,3
2026-03-24T17:53:57.521;153;1,2
2026-03-24T17:53:58.485;152;1,4
2026-03-24T17:53:59.444;152;1,3
2026-03-24T17:54:00.404;151;1,3
2026-03-24T17:54:01.844;151;1,4
2026-03-24T17:54:02.800;151;1,5
2026-03-24T17:54:04.244;151;1,5
2026-03-24T17:54:04.721;151;1,5
2026-03-24T17:54:05.683;151;1,3
2026-03-24T17:54:06.644;150;1,2
2026-03-24T17:54:07.604;150;1,2
2026-03-24T17:54:08.563;150;1,3
2026-03-24T17:54:09.523;150;1,3
2026-03-24T17:54:10.483;149;1,3
2026-03-24T17:54:11.443;148;1,3
2026-03-24T17:54:12.404;148;1,5
2026-03-24T17:54:13.845;147;1,4
2026-03-24T17:54:15.284;147;1,4
2026-03-24T17:54:15.761;146;1,5
2026-03-24T17:54:16.724;145;1,5
2026-03-24T17:54:17.682;145;1,5
2026-03-24T17:54:18.645;143;1,6
2026-03-24T17:54:19.603;143;1,6
2026-03-24T17:54:20.562;142;1,6
2026-03-24T17:54:21.525;141;1,9
2026-03-24T17:54:22.996;140;1,9
2026-03-24T17:54:23.484;139;1,9
2026-03-24T17:54:24.441;138;1,9
2026-03-24T17:54:25.878;137;1,8
2026-03-24T17:54:27.323;136;1,8
2026-03-24T17:54:27.761;136;1,8
2026-03-24T17:54:28.763;135;1,8
2026-03-24T17:54:29.724;135;1,7
2026-03-24T17:54:30.687;134;1,7
2026-03-24T17:54:31.646;134;1,7
2026-03-24T17:54:33.084;134;1,7
2026-03-24T17:54:33.508;134;1,7
2026-03-24T17:54:34.520;134;1,2
2026-03-24T17:54:35.480;134;1,1
2026-03-24T17:54:36.442;134;1,0
2026-03-24T17:54:37.886;134;1,0
2026-03-24T17:54:38.844;134;0,9
2026-03-24T17:54:39.811;134;0,9
2026-03-24T17:54:40.764;134;0,9
2026-03-24T17:54:41.726;134;0,9
2026-03-24T17:54:42.688;134;0,8
2026-03-24T17:54:43.643;134;0,7
2026-03-24T17:54:44.547;134;0,7
2026-03-24T17:54:45.577;134;0,7
2026-03-24T17:54:46.483;134;0,7
2026-03-24T17:54:47.451;134;0,6
2026-03-24T17:54:48.384;134;0,6
2026-03-24T17:54:49.830;134;0,6
2026-03-24T17:54:50.787;134;0,6
2026-03-24T17:54:51.801;133;0,6
2026-03-24T17:54:52.766;133;0,4
2026-03-24T17:54:53.721;133;0,5
2026-03-24T17:54:54.627;133;0,5
2026-03-24T17:54:56.546;133;0,6
2026-03-24T17:54:56.549;133;0,6
2026-03-24T17:54:57.553;133;0,6
2026-03-24T17:54:58.554;132;0,7
2026-03-24T17:54:59.452;132;0,9
2026-03-24T17:55:00.403;132;0,9
2026-03-24T17:55:01.891;131;0,8
2026-03-24T17:55:02.823;131;0,9
2026-03-24T17:55:03.812;131;1,0
2026-03-24T17:55:04.767;130;1,0
2026-03-24T17:55:06.207;130;1,0
2026-03-24T17:55:06.643;130;1,0
2026-03-24T17:55:07.645;129;1,1
2026-03-24T17:55:08.606;129;1,1
2026-03-24T17:55:09.572;129;1,1
2026-03-24T17:55:10.525;129;1,1
2026-03-24T17:55:11.488;129;1,1
2026-03-24T17:55:12.444;129;0,9
2026-03-24T17:55:13.879;129;0,9
2026-03-24T17:55:14.839;128;1,0
2026-03-24T17:55:15.808;128;1,0
2026-03-24T17:55:16.768;128;0,8
2026-03-24T17:55:17.728;128;0,8
2026-03-24T17:55:18.694;127;0,9
2026-03-24T17:55:19.640;127;1,0
2026-03-24T17:55:20.604;126;1,1
2026-03-24T17:55:21.567;125;1,2
2026-03-24T17:55:22.543;124;1,6
2026-03-24T17:55:23.483;123;1,7
2026-03-24T17:55:25.406;121;1,9
2026-03-24T17:55:25.843;119;3,1
2026-03-24T17:55:26.803;118;3,1
2026-03-24T17:55:27.764;117;3,1
2026-03-24T17:55:29.249;117;3,1
2026-03-24T17:55:29.684;117;3,2
2026-03-24T17:55:31.646;117;3,2
2026-03-24T17:55:31.647;117;3,2
2026-03-24T17:55:32.605;117;3,2
2026-03-24T17:55:34.038;118;3,2
2026-03-24T17:55:34.525;118;3,2
2026-03-24T17:55:35.966;119;3,1
2026-03-24T17:55:36.404;118;3,2
2026-03-24T17:55:37.883;118;3,1
2026-03-24T17:55:38.842;118;3,0
2026-03-24T17:55:40.763;118;2,8
2026-03-24T17:55:40.764;118;1,5
2026-03-24T17:55:41.721;118;1,5
2026-03-24T17:55:43.168;118;1,5
2026-03-24T17:55:43.602;119;1,5
2026-03-24T17:55:45.074;119;1,4
2026-03-24T17:55:45.563;119;1,4
2026-03-24T17:55:46.997;119;1,4
2026-03-24T17:55:47.463;119;1,5
2026-03-24T17:55:48.932;120;1,4
2026-03-24T17:55:49.884;120;1,4
2026-03-24T17:55:50.842;121;1,4
2026-03-24T17:55:52.285;121;1,1
2026-03-24T17:55:52.721;121;1,1
2026-03-24T17:55:53.719;121;1,1
2026-03-24T17:55:54.678;121;0,9
2026-03-24T17:55:55.644;121;1,0
2026-03-24T17:55:56.608;121;1,0
2026-03-24T17:55:57.566;121;0,9
2026-03-24T17:55:58.519;121;0,9
2026-03-24T17:55:59.479;122;0,9
2026-03-24T17:56:00.441;122;0,9
2026-03-24T17:56:02.365;123;0,8
2026-03-24T17:56:02.846;123;0,9
2026-03-24T17:56:03.794;123;0,8
2026-03-24T17:56:04.765;123;0,8
2026-03-24T17:56:07.164;123;0,8
2026-03-24T17:56:07.165;123;0,9
2026-03-24T17:56:07.605;123;0,9
2026-03-24T17:56:08.603;123;0,9
2026-03-24T17:56:09.565;123;0,9
2026-03-24T17:56:10.533;123;0,9
2026-03-24T17:56:11.481;123;1,0
2026-03-24T17:56:12.447;123;1,0
2026-03-24T17:56:13.883;124;1,0
2026-03-24T17:56:15.331;124;1,0
2026-03-24T17:56:15.807;124;0,9
2026-03-24T17:56:17.258;123;1,1
2026-03-24T17:56:17.684;123;1,3
2026-03-24T17:56:18.686;122;1,4
2026-03-24T17:56:19.605;121;1,4
2026-03-24T17:56:20.564;121;1,5
2026-03-24T17:56:22.045;121;1,5
2026-03-24T17:56:23.005;121;1,5
2026-03-24T17:56:23.444;121;1,5
2026-03-24T17:56:24.441;121;1,5
2026-03-24T17:56:25.893;120;1,5
2026-03-24T17:56:26.850;120;1,5
2026-03-24T17:56:27.807;120;1,5
2026-03-24T17:56:28.759;119;1,5
2026-03-24T17:56:30.206;119;1,5
2026-03-24T17:56:30.643;119;1,4
2026-03-24T17:56:31.644;119;1,3
2026-03-24T17:56:32.607;119;1,1
2026-03-24T17:56:33.569;119;1,1
2026-03-24T17:56:34.522;119;1,1
2026-03-24T17:56:35.490;118;1,2
2026-03-24T17:56:36.459;117;1,3
2026-03-24T17:56:38.366;117;1,3
2026-03-24T17:56:38.855;117;1,4
2026-03-24T17:56:40.771;118;2,0
2026-03-24T17:56:40.772;118;1,9
2026-03-24T17:56:41.726;118;2,1
2026-03-24T17:56:42.688;118;2,0
2026-03-24T17:56:43.646;118;2,0
2026-03-24T17:56:45.083;118;2,0
2026-03-24T17:56:45.563;118;2,0
2026-03-24T17:56:46.524;118;2,0
2026-03-24T17:56:47.492;118;2,0
2026-03-24T17:56:48.446;118;2,0
2026-03-24T17:56:49.877;118;2,0
2026-03-24T17:56:50.802;118;1,8
2026-03-24T17:56:51.762;118;1,9
2026-03-24T17:56:52.721;118;1,9
2026-03-24T17:56:53.680;117;2,2
2026-03-24T17:56:54.642;116;1,6
2026-03-24T17:56:55.601;116;1,6
2026-03-24T17:56:56.565;116;1,5
2026-03-24T17:56:57.524;116;1,5
2026-03-24T17:56:58.521;117;1,5
2026-03-24T17:56:59.492;117;1,5
2026-03-24T17:57:00.443;117;1,5
2026-03-24T17:57:01.881;118;1,5
2026-03-24T17:57:02.840;118;1,5
2026-03-24T17:57:03.802;118;1,6
2026-03-24T17:57:04.768;117;1,6
2026-03-24T17:57:05.721;117;1,7
2026-03-24T17:57:06.676;117;1,7
2026-03-24T17:57:07.647;117;1,7
2026-03-24T17:57:09.094;117;1,2
2026-03-24T17:57:09.523;117;1,3
2026-03-24T17:57:10.523;116;1,3
2026-03-24T17:57:11.488;116;1,5
2026-03-24T17:57:12.440;115;1,4
2026-03-24T17:57:14.365;115;1,4
2026-03-24T17:57:14.803;115;1,4
2026-03-24T17:57:15.804;115;1,4
2026-03-24T17:57:16.773;115;1,4
2026-03-24T17:57:17.724;116;1,4
2026-03-24T17:57:18.686;116;1,3
2026-03-24T17:57:19.606;116;1,4
2026-03-24T17:57:20.605;115;1,1
2026-03-24T17:57:21.558;115;1,3
2026-03-24T17:57:22.561;114;1,4
2026-03-24T17:57:23.484;114;1,4
2026-03-24T17:57:24.452;113;1,5
2026-03-24T17:57:25.883;113;1,5
2026-03-24T17:57:26.841;113;1,4
2026-03-24T17:57:27.805;114;1,4
2026-03-24T17:57:29.234;114;1,4
2026-03-24T17:57:29.681;114;1,5
2026-03-24T17:57:30.686;113;1,5
2026-03-24T17:57:31.647;114;1,5
2026-03-24T17:57:32.603;114;1,6
2026-03-24T17:57:33.563;114;1,6
2026-03-24T17:57:35.010;115;1,6
2026-03-24T17:57:35.443;114;1,7
2026-03-24T17:57:37.405;114;1,8
2026-03-24T17:57:37.843;113;1,7
2026-03-24T17:57:38.842;113;1,7
2026-03-24T17:57:41.238;113;1,8
2026-03-24T17:57:41.239;114;1,9
2026-03-24T17:57:42.210;114;1,9
2026-03-24T17:57:42.643;114;1,9
2026-03-24T17:57:44.136;115;1,9
2026-03-24T17:57:45.086;115;1,9
2026-03-24T17:57:45.525;115;2,0
2026-03-24T17:57:47.000;114;2,0
2026-03-24T17:57:47.494;114;2,0
2026-03-24T17:57:48.923;113;2,0
2026-03-24T17:57:49.828;114;2,0
2026-03-24T17:57:51.285;114;1,9
2026-03-24T17:57:51.755;114;1,9
2026-03-24T17:57:53.246;114;1,9
2026-03-24T17:57:54.198;115;1,9
2026-03-24T17:57:54.634;115;1,9
2026-03-24T17:57:56.547;114;1,8
2026-03-24T17:57:56.550;114;1,8
2026-03-24T17:57:57.508;113;1,8
2026-03-24T17:57:58.518;113;1,8
2026-03-24T17:57:59.955;114;1,9
2026-03-24T17:58:00.934;114;2,0
2026-03-24T17:58:01.883;114;2,0
2026-03-24T17:58:02.795;114;1,9
2026-03-24T17:58:03.809;115;1,9
2026-03-24T17:58:04.762;115;1,9
2026-03-24T17:58:05.723;115;1,8
2026-03-24T17:58:06.690;115;1,7
2026-03-24T17:58:08.123;115;1,7
2026-03-24T17:58:08.605;114;1,7
2026-03-24T17:58:10.043;114;1,7
2026-03-24T17:58:10.484;114;1,6
2026-03-24T17:58:11.495;114;1,5
2026-03-24T17:58:12.450;113;1,5
2026-03-24T17:58:13.883;113;1,5
2026-03-24T17:58:14.838;113;1,7
2026-03-24T17:58:15.803;114;1,3
2026-03-24T17:58:17.241;114;1,3
2026-03-24T17:58:17.726;114;1,3
2026-03-24T17:58:18.685;114;1,8
2026-03-24T17:58:19.642;113;1,8
2026-03-24T17:58:20.609;113;1,8
2026-03-24T17:58:21.562;113;1,8
2026-03-24T17:58:22.519;113;1,8
2026-03-24T17:58:24.450;113;1,9
2026-03-24T17:58:24.451;113;1,8
2026-03-24T17:58:25.881;114;2,0
2026-03-24T17:58:27.286;114;1,9
2026-03-24T17:58:27.764;114;2,4
2026-03-24T17:58:28.726;113;3,0
2026-03-24T17:58:29.728;112;3,0
2026-03-24T17:58:31.639;111;2,9
2026-03-24T17:58:31.640;111;2,9
2026-03-24T17:58:32.611;111;3,0
2026-03-24T17:58:33.563;112;3,1
2026-03-24T17:58:34.523;112;2,8
2026-03-24T17:58:35.964;112;2,9
2026-03-24T17:58:36.404;112;2,9
2026-03-24T17:58:37.883;112;3,1
2026-03-24T17:58:38.845;110;3,8
2026-03-24T17:58:39.806;109;3,7
2026-03-24T17:58:41.243;109;3,8
2026-03-24T17:58:41.685;109;4,1
2026-03-24T17:58:42.680;110;4,1
2026-03-24T17:58:43.649;110;3,9
2026-03-24T17:58:44.654;111;3,4
2026-03-24T17:58:45.529;111;3,4
2026-03-24T17:58:46.485;111;3,4
2026-03-24T17:58:47.446;111;3,3
2026-03-24T17:58:48.406;111;3,3
2026-03-24T17:58:49.845;112;3,2
2026-03-24T17:58:51.282;112;3,2
2026-03-24T17:58:51.793;112;3,2
2026-03-24T17:58:52.763;112;3,3
2026-03-24T17:58:54.209;111;2,8
2026-03-24T17:58:54.644;111;2,1
2026-03-24T17:58:56.604;111;2,1
2026-03-24T17:58:56.605;111;2,1
2026-03-24T17:58:57.560;112;1,2
2026-03-24T17:58:58.523;111;1,2
2026-03-24T17:58:59.480;111;1,1
2026-03-24T17:59:00.450;111;1,3
2026-03-24T17:59:01.878;110;1,4
2026-03-24T17:59:02.843;110;1,4
2026-03-24T17:59:03.806;110;1,5
2026-03-24T17:59:04.766;111;1,4
2026-03-24T17:59:05.723;111;1,4
2026-03-24T17:59:06.685;111;1,4
2026-03-24T17:59:07.643;111;1,5
2026-03-24T17:59:08.602;110;1,5
2026-03-24T17:59:09.535;110;1,5
2026-03-24T17:59:10.529;110;1,5
2026-03-24T17:59:11.487;111;1,5
2026-03-24T17:59:12.929;111;1,6
2026-03-24T17:59:13.888;112;1,6
2026-03-24T17:59:15.808;112;1,7
2026-03-24T17:59:15.808;112;1,7
2026-03-24T17:59:16.760;112;1,6
2026-03-24T17:59:17.717;111;1,6
2026-03-24T17:59:18.678;112;1,6
2026-03-24T17:59:19.647;112;1,7
2026-03-24T17:59:20.590;112;1,7
2026-03-24T17:59:21.560;113;1,8
2026-03-24T17:59:22.522;113;1,8
2026-03-24T17:59:23.447;113;1,6
2026-03-24T17:59:24.448;113;1,6
2026-03-24T17:59:25.888;113;2,0
2026-03-24T17:59:26.845;112;2,3
2026-03-24T17:59:27.799;111;2,2
2026-03-24T17:59:28.766;110;2,2
2026-03-24T17:59:29.724;110;2,2
2026-03-24T17:59:31.647;110;2,2
2026-03-24T17:59:31.648;110;2,1
2026-03-24T17:59:32.604;111;2,1
2026-03-24T17:59:33.565;111;2,1
2026-03-24T17:59:34.530;110;1,9
2026-03-24T17:59:35.977;110;2,1
2026-03-24T17:59:36.403;110;2,3
2026-03-24T17:59:37.878;109;2,3
2026-03-24T17:59:38.847;109;2,3
2026-03-24T17:59:39.805;108;2,3
2026-03-24T17:59:40.765;109;2,4
2026-03-24T17:59:41.728;109;2,1
2026-03-24T17:59:42.692;108;2,3
2026-03-24T17:59:43.659;107;2,5
2026-03-24T17:59:44.606;106;2,6
2026-03-24T17:59:46.047;106;2,6
2026-03-24T17:59:46.484;106;2,5
2026-03-24T17:59:47.487;106;2,6
2026-03-24T17:59:49.886;106;2,5
2026-03-24T17:59:49.887;106;2,5
2026-03-24T17:59:50.849;106;2,5
2026-03-24T17:59:51.808;106;2,4
2026-03-24T17:59:52.766;107;2,4
2026-03-24T17:59:53.725;107;2,6
2026-03-24T17:59:55.164;107;2,5
2026-03-24T17:59:56.142;108;2,5
2026-03-24T17:59:56.566;107;3,0
2026-03-24T17:59:58.044;106;3,3
2026-03-24T17:59:58.483;105;3,3
2026-03-24T17:59:59.927;105;3,0
2026-03-24T18:00:00.405;106;3,0
2026-03-24T18:00:01.877;106;3,1
2026-03-24T18:00:03.318;107;3,6
2026-03-24T18:00:03.802;108;3,6
2026-03-24T18:00:05.725;108;3,6
2026-03-24T18:00:05.725;108;3,7
2026-03-24T18:00:06.697;107;3,8
2026-03-24T18:00:07.657;107;3,8
2026-03-24T18:00:08.597;106;3,7
2026-03-24T18:00:09.529;106;3,7
2026-03-24T18:00:10.484;106;3,6
2026-03-24T18:00:11.443;107;3,9
2026-03-24T18:00:12.403;107;4,1
2026-03-24T18:00:13.844;108;3,7
2026-03-24T18:00:14.804;108;3,6
2026-03-24T18:00:15.798;107;4,1
2026-03-24T18:00:16.761;107;4,0
2026-03-24T18:00:17.722;106;3,9
2026-03-24T18:00:18.690;106;3,4
2026-03-24T18:00:19.653;107;3,5
2026-03-24T18:00:20.605;108;3,8
2026-03-24T18:00:21.562;109;3,9
2026-03-24T18:00:23.003;109;3,9
2026-03-24T18:00:23.446;110;3,9
2026-03-24T18:00:24.445;110;4,0
2026-03-24T18:00:25.879;110;4,0
2026-03-24T18:00:26.843;110;4,0
2026-03-24T18:00:27.767;110;3,6
2026-03-24T18:00:28.759;111;3,6
2026-03-24T18:00:29.723;112;4,0
2026-03-24T18:00:32.126;112;3,9
2026-03-24T18:00:32.127;113;3,4
2026-03-24T18:00:33.087;113;3,8
2026-03-24T18:00:33.564;111;4,3
2026-03-24T18:00:35.480;110;4,3
2026-03-24T18:00:35.481;110;4,3
2026-03-24T18:00:36.443;109;4,0
2026-03-24T18:00:37.883;110;4,3
2026-03-24T18:00:38.845;111;4,4
2026-03-24T18:00:40.289;112;4,4
2026-03-24T18:00:40.724;113;4,4
2026-03-24T18:00:42.204;114;4,4
2026-03-24T18:00:43.168;114;4,4
2026-03-24T18:00:43.648;115;4,4
2026-03-24T18:00:44.607;116;4,5
2026-03-24T18:00:45.564;117;4,2
2026-03-24T18:00:46.487;117;4,1
2026-03-24T18:00:47.483;118;4,0
2026-03-24T18:00:48.442;118;3,4
2026-03-24T18:00:49.884;119;3,1
2026-03-24T18:00:50.844;120;3,2
2026-03-24T18:00:51.804;121;3,2
2026-03-24T18:00:52.766;121;2,6
2026-03-24T18:00:53.722;122;2,4
2026-03-24T18:00:55.170;122;2,4
2026-03-24T18:00:57.083;123;2,4
2026-03-24T18:00:57.084;123;2,3
2026-03-24T18:00:58.472;124;2,4
2026-03-24T18:00:58.476;126;2,0
2026-03-24T18:00:59.966;126;2,0
2026-03-24T18:01:00.393;127;2,2
2026-03-24T18:01:01.835;127;2,2
2026-03-24T18:01:02.789;128;2,2
2026-03-24T18:01:04.229;128;2,0
2026-03-24T18:01:04.728;129;1,8
2026-03-24T18:01:05.723;129;1,8
2026-03-24T18:01:07.195;130;2,0
2026-03-24T18:01:07.607;130;1,9
2026-03-24T18:01:08.608;131;2,0
2026-03-24T18:01:09.515;132;2,0
2026-03-24T18:01:10.528;133;1,9
2026-03-24T18:01:11.489;134;1,8
2026-03-24T18:01:12.449;134;1,8
2026-03-24T18:01:14.364;134;1,6
2026-03-24T18:01:14.803;134;1,6
2026-03-24T18:01:15.805;135;1,6
2026-03-24T18:01:16.770;135;1,7
2026-03-24T18:01:17.738;136;1,7
2026-03-24T18:01:18.682;136;1,7
2026-03-24T18:01:20.117;136;1,4
2026-03-24T18:01:20.605;136;1,4
2026-03-24T18:01:21.563;136;1,1
2026-03-24T18:01:23.484;136;1,2
2026-03-24T18:01:23.486;136;1,1
2026-03-24T18:01:24.923;136;1,0
2026-03-24T18:01:25.887;137;1,0
2026-03-24T18:01:26.842;137;1,1
2026-03-24T18:01:27.804;138;1,1
2026-03-24T18:01:28.764;138;1,1
2026-03-24T18:01:29.730;138;1,1
2026-03-24T18:01:30.681;138;1,1
2026-03-24T18:01:32.129;138;1,2
2026-03-24T18:01:32.567;137;1,2
2026-03-24T18:01:34.007;137;1,2
2026-03-24T18:01:34.487;137;1,2
2026-03-24T18:01:35.483;136;1,2
2026-03-24T18:01:36.449;135;1,3
2026-03-24T18:01:37.883;135;1,3
2026-03-24T18:01:38.856;134;1,4
2026-03-24T18:01:41.246;134;1,3
2026-03-24T18:01:41.247;134;1,2
2026-03-24T18:01:41.685;134;1,1
2026-03-24T18:01:42.688;134;1,2
2026-03-24T18:01:43.645;135;1,2
2026-03-24T18:01:44.610;135;1,2
2026-03-24T18:01:45.566;135;1,2
2026-03-24T18:01:46.530;135;1,3
2026-03-24T18:01:47.966;136;1,3
2026-03-24T18:01:48.405;136;1,4
2026-03-24T18:01:49.888;136;1,3
2026-03-24T18:01:50.844;136;1,2
2026-03-24T18:01:52.288;136;1,2
2026-03-24T18:01:52.726;136;1,2
2026-03-24T18:01:54.683;135;1,4
2026-03-24T18:01:54.684;134;1,4
2026-03-24T18:01:56.122;133;1,6
2026-03-24T18:01:56.604;132;1,5
2026-03-24T18:01:57.572;131;1,8
2026-03-24T18:01:58.533;129;2,5
2026-03-24T18:01:59.486;126;2,9
2026-03-24T18:02:01.401;125;2,9
2026-03-24T18:02:01.845;123;3,0
2026-03-24T18:02:02.851;122;3,0
2026-03-24T18:02:04.286;122;3,0
2026-03-24T18:02:05.725;122;3,0
2026-03-24T18:02:05.726;122;3,0
2026-03-24T18:02:07.166;123;3,3
2026-03-24T18:02:08.127;125;3,3
2026-03-24T18:02:08.564;125;3,3
2026-03-24T18:02:09.528;125;3,5
2026-03-24T18:02:10.524;126;3,6
2026-03-24T18:02:11.926;125;3,6
2026-03-24T18:02:12.438;124;3,6
2026-03-24T18:02:13.892;123;3,3
2026-03-24T18:02:15.809;122;2,9
2026-03-24T18:02:15.810;121;2,9
2026-03-24T18:02:16.768;121;3,0
2026-03-24T18:02:18.687;120;3,0
2026-03-24T18:02:19.126;120;3,0
2026-03-24T18:02:19.607;119;2,9
2026-03-24T18:02:21.088;119;2,7
2026-03-24T18:02:22.529;119;2,6
2026-03-24T18:02:22.530;120;2,7
2026-03-24T18:02:23.502;120;2,4
2026-03-24T18:02:24.447;121;2,5
2026-03-24T18:02:25.894;122;2,4
2026-03-24T18:02:27.329;122;2,5
2026-03-24T18:02:29.738;123;2,4
2026-03-24T18:02:29.739;124;2,1
2026-03-24T18:02:29.739;125;2,3
2026-03-24T18:02:31.169;125;2,1
2026-03-24T18:02:31.605;126;2,1
2026-03-24T18:02:32.609;126;2,1
2026-03-24T18:02:33.570;126;2,1
2026-03-24T18:02:35.014;127;2,1
2026-03-24T18:02:35.446;127;2,1
2026-03-24T18:02:36.925;128;2,0
2026-03-24T18:02:38.838;128;1,9
2026-03-24T18:02:38.839;128;1,9
2026-03-24T18:02:40.769;128;1,7
2026-03-24T18:02:41.208;129;1,7
2026-03-24T18:02:41.726;130;1,7
2026-03-24T18:02:42.687;131;1,8
2026-03-24T18:02:43.630;132;1,6
2026-03-24T18:02:46.047;132;1,6
2026-03-24T18:02:46.048;133;1,6
2026-03-24T18:02:46.525;133;1,5
2026-03-24T18:02:48.445;133;1,5
2026-03-24T18:02:48.446;133;1,5
2026-03-24T18:02:49.885;134;1,5
2026-03-24T18:02:50.857;134;1,5
2026-03-24T18:02:52.287;134;1,5
2026-03-24T18:02:53.731;134;1,4
2026-03-24T18:02:53.732;134;1,0
2026-03-24T18:02:54.683;134;1,0
2026-03-24T18:02:55.646;134;0,9
2026-03-24T18:02:56.604;134;0,8
2026-03-24T18:02:57.567;134;0,8
2026-03-24T18:02:58.535;135;0,8
2026-03-24T18:03:00.448;135;0,8
2026-03-24T18:03:00.449;134;0,7
2026-03-24T18:03:01.885;134;0,7
2026-03-24T18:03:02.845;134;0,7
2026-03-24T18:03:03.803;134;0,8
2026-03-24T18:03:04.775;134;0,8
2026-03-24T18:03:05.732;135;0,8
2026-03-24T18:03:06.690;134;0,8
2026-03-24T18:03:07.644;134;1,0
2026-03-24T18:03:08.549;134;1,1
2026-03-24T18:03:09.516;134;1,1
2026-03-24T18:03:11.002;134;1,1
2026-03-24T18:03:11.492;134;1,2
2026-03-24T18:03:12.397;134;1,2
2026-03-24T18:03:14.792;135;1,4
2026-03-24T18:03:15.804;135;1,4
2026-03-24T18:03:15.805;135;1,5
2026-03-24T18:03:16.772;135;1,5
2026-03-24T18:03:20.554;134;1,7
2026-03-24T18:03:20.555;134;1,9
2026-03-24T18:03:20.557;134;2,3
2026-03-24T18:03:21.045;133;2,2
2026-03-24T18:03:21.526;132;2,4
2026-03-24T18:03:22.969;131;2,4
2026-03-24T18:03:23.447;131;2,5
2026-03-24T18:03:24.405;130;2,5
2026-03-24T18:03:25.848;130;2,4
2026-03-24T18:03:26.809;129;2,4
2026-03-24T18:03:28.248;129;2,3
2026-03-24T18:03:28.728;129;2,4
2026-03-24T18:03:30.169;129;2,3
2026-03-24T18:03:31.607;129;2,2
2026-03-24T18:03:31.610;129;2,5
2026-03-24T18:03:32.567;129;2,4
2026-03-24T18:03:34.008;130;2,5
2026-03-24T18:03:34.483;130;2,8
2026-03-24T18:03:35.446;131;3,1
2026-03-24T18:03:36.406;132;3,0
2026-03-24T18:03:38.328;132;3,0
2026-03-24T18:03:38.807;132;3,0
2026-03-24T18:03:40.729;132;3,0
2026-03-24T18:03:40.732;131;3,1
2026-03-24T18:03:41.689;130;3,4
2026-03-24T18:03:42.650;129;3,4
2026-03-24T18:03:43.608;128;3,4
2026-03-24T18:03:44.569;128;3,4
2026-03-24T18:03:46.009;128;3,4
2026-03-24T18:03:46.485;129;3,4
2026-03-24T18:03:47.928;129;3,1
2026-03-24T18:03:48.408;130;2,5
2026-03-24T18:03:49.850;130;2,3
2026-03-24T18:03:50.807;130;2,4
2026-03-24T18:03:52.755;130;2,3
2026-03-24T18:03:54.166;130
2026-03-24T18:03:54.168;130
2026-03-24T18:03:54.643;130
2026-03-24T18:03:56.086;130
2026-03-24T18:03:56.564;130;2,4
2026-03-24T18:03:57.530;130;84,0
2026-03-24T18:03:58.488;130;84,0
2026-03-24T18:03:59.449;130;118,7
2026-03-24T18:04:01.833;130;118,7
2026-03-24T18:04:02.327;130;118,7
2026-03-24T18:04:02.807;130;118,7
2026-03-24T18:04:04.249;130;118,7
2026-03-24T18:04:04.730;130;118,7
2026-03-24T18:04:05.690;130;118,7
2026-03-24T18:04:07.129;130;118,7
2026-03-24T18:04:10.010;130;118,7
2026-03-24T18:04:10.012;130;118,7
2026-03-24T18:04:10.014;129;118,7
2026-03-24T18:04:10.487;128;118,7
2026-03-24T18:04:11.449;127;83,9
2026-03-24T18:04:13.369;127;1,5
2026-03-24T18:04:13.846;126;1,5
2026-03-24T18:04:16.249;127;1,6
2026-03-24T18:04:16.251;127;1,6
2026-03-24T18:04:16.726;127;1,6
2026-03-24T18:04:18.169;127;1,5
2026-03-24T18:04:18.644;128;1,8
2026-03-24T18:04:19.607;128;1,8
2026-03-24T18:04:20.568;127;1,8
2026-03-24T18:04:21.528;127;1,9
2026-03-24T18:04:22.489;127;2,5
2026-03-24T18:04:24.453;126;2,5
2026-03-24T18:04:24.454;125;2,3
2026-03-24T18:04:25.883;125;2,3
2026-03-24T18:04:27.328;124;2,4
2026-03-24T18:04:27.767;123;2,8
2026-03-24T18:04:29.249;120;3,7
2026-03-24T18:04:30.157;117;4,6
2026-03-24T18:04:30.647;115;4,6
2026-03-24T18:04:31.607;114;4,6
2026-03-24T18:04:32.567;113;4,6
2026-03-24T18:04:33.529;113;4,6
2026-03-24T18:04:34.477;113;4,6
2026-03-24T18:04:35.447;113;4,7
2026-03-24T18:04:36.408;114;4,8
2026-03-24T18:04:37.848;115;4,6
2026-03-24T18:04:39.769;117;4,8
2026-03-24T18:04:41.677;118;4,8
2026-03-24T18:04:41.680;119;4,8
2026-03-24T18:04:41.682;119;4,7
2026-03-24T18:04:42.635;119;4,5
2026-03-24T18:04:43.609;120;3,8
2026-03-24T18:04:45.090;120;2,6
2026-03-24T18:04:45.567;119;2,6
2026-03-24T18:04:47.491;119;2,6
2026-03-24T18:04:47.492;120;2,8
2026-03-24T18:04:48.448;121;2,9
2026-03-24T18:04:49.835;121;2,6
2026-03-24T18:04:51.328;121;2,4
2026-03-24T18:04:51.811;121;2,3
2026-03-24T18:04:52.786;121;1,9
2026-03-24T18:04:53.734;121;1,8
2026-03-24T18:04:54.690;122;2,9
2026-03-24T18:04:56.620;123;2,9
2026-03-24T18:04:58.048;124;3,1
2026-03-24T18:04:59.005;125;3,1
2026-03-24T18:04:59.006;126;3,1
2026-03-24T18:04:59.447;127;3,0
2026-03-24T18:05:00.452;128;3,0
2026-03-24T18:05:01.887;128;2,8
2026-03-24T18:05:02.852;128;2,7
2026-03-24T18:05:03.798;128;2,8
2026-03-24T18:05:05.734;127;2,9
2026-03-24T18:05:05.735;126;2,9
2026-03-24T18:05:06.694;125;2,9
2026-03-24T18:05:07.644;125;2,9
2026-03-24T18:05:08.568;124;1,8
2026-03-24T18:05:09.568;125;1,7
2026-03-24T18:05:10.528;126;1,7
2026-03-24T18:05:12.932;126;1,7
2026-03-24T18:05:13.366;126;2,1
2026-03-24T18:05:13.849;127;2,2
2026-03-24T18:05:15.808;128;2,2
2026-03-24T18:05:15.810;129;2,2
2026-03-24T18:05:16.772;130;2,2
2026-03-24T18:05:17.724;130;2,0
2026-03-24T18:05:18.684;130;2,0
2026-03-24T18:05:19.648;130;1,9
2026-03-24T18:05:20.605;131;1,9
2026-03-24T18:05:21.529;131;2,0
2026-03-24T18:05:22.537;132;1,9
2026-03-24T18:05:23.487;132;1,7
2026-03-24T18:05:24.418;133;1,7
2026-03-24T18:05:26.371;133;1,1
2026-03-24T18:05:26.841;133;0,8
2026-03-24T18:05:28.285;133;0,8
2026-03-24T18:05:28.726;133;0,8
2026-03-24T18:05:29.723;134;0,7
2026-03-24T18:05:30.689;133;0,9
2026-03-24T18:05:31.653;133;0,8
2026-03-24T18:05:32.580;133;1,0
2026-03-24T18:05:37.404;133;1,1
2026-03-24T18:05:37.404;133
2026-03-24T18:05:37.405;133;1,2
2026-03-24T18:05:37.406;134;1,5
2026-03-24T18:05:37.846;134;1,7
2026-03-24T18:05:38.809;134;1,7
2026-03-24T18:05:39.770;134;1,7
2026-03-24T18:05:40.775;134;1,7
2026-03-24T18:05:41.738;133;1,7
2026-03-24T18:05:42.685;133;1,8
2026-03-24T18:05:43.653;132;1,8
2026-03-24T18:05:44.610;132;1,8
2026-03-24T18:05:45.568;131;1,8
2026-03-24T18:05:47.966;131;1,8
2026-03-24T18:05:47.968;131;1,7
2026-03-24T18:05:48.449;131;1,7
2026-03-24T18:05:49.897;132;1,3
2026-03-24T18:05:50.844;132;1,0
2026-03-24T18:05:52.290;132;1,1
2026-03-24T18:05:52.719;133;1,1
2026-03-24T18:05:53.729;133;1,1
2026-03-24T18:05:54.685;134;1,1
2026-03-24T18:05:56.608;134;1,0
2026-03-24T18:05:56.609;134;0,9
2026-03-24T18:05:57.577;134;0,8
2026-03-24T18:05:58.525;134;0,9
2026-03-24T18:05:59.493;134;0,9
2026-03-24T18:06:00.395;134;1,0
2026-03-24T18:06:01.900;133;1,1
2026-03-24T18:06:02.845;132;1,3
2026-03-24T18:06:03.849;132;1,3
2026-03-24T18:06:04.728;132;1,2
2026-03-24T18:06:05.717;132;1,3
2026-03-24T18:06:06.649;132;1,2
2026-03-24T18:06:07.609;132;1,2
2026-03-24T18:06:08.616;132;1,2
2026-03-24T18:06:09.562;132;1,2
2026-03-24T18:06:11.002;132;1,2
2026-03-24T18:06:11.966;132;1,2
2026-03-24T18:06:12.458;131;1,2
2026-03-24T18:06:14.374;131;1,3
2026-03-24T18:06:15.334;130;1,3
2026-03-24T18:06:15.766;129;1,2
2026-03-24T18:06:16.765;129;1,2
2026-03-24T18:06:17.687;129;1,2
2026-03-24T18:06:19.164;129;1,1
2026-03-24T18:06:19.611;129;1,1
2026-03-24T18:06:20.606;128;1,2
2026-03-24T18:06:21.564;125;3,3
2026-03-24T18:06:22.524;122;4,4
2026-03-24T18:06:23.481;118;5,4
2026-03-24T18:06:25.417;117;5,5
2026-03-24T18:06:25.849;117;6,0
2026-03-24T18:06:27.327;118;6,1
2026-03-24T18:06:30.690;118;6,1
2026-03-24T18:06:31.174;119;6,1
2026-03-24T18:06:31.176;120;6,1
2026-03-24T18:06:31.610;120;6,1
2026-03-24T18:06:31.612;120;6,3
2026-03-24T18:06:32.613;118;6,7
2026-03-24T18:06:34.518;117;6,8
2026-03-24T18:06:34.519;115;6,8
2026-03-24T18:06:35.489;114;6,8
2026-03-24T18:06:36.449;113;6,3
2026-03-24T18:06:37.886;113;5,6
2026-03-24T18:06:38.848;114;4,6
2026-03-24T18:06:40.766;115;4,7
2026-03-24T18:06:40.767;116;4,7
2026-03-24T18:06:42.212;116;4,1
2026-03-24T18:06:43.645;116;4,1
2026-03-24T18:06:43.646;115;4,9
2026-03-24T18:06:45.568;113;4,9
2026-03-24T18:06:45.570;112;4,9
2026-03-24T18:06:46.535;113;4,8
2026-03-24T18:06:47.486;113
2026-03-24T18:06:48.447;114;4,3
2026-03-24T18:06:50.389;114;17,9
2026-03-24T18:06:50.808;115;29,2
2026-03-24T18:06:51.813;117;29,2
2026-03-24T18:06:52.730;118;29,2
2026-03-24T18:06:53.688;117;29,2
2026-03-24T18:06:54.648;115;29,2
2026-03-24T18:06:56.569;115;29,3
2026-03-24T18:06:56.572;113;29,2
2026-03-24T18:06:58.049;113;29,3
2026-03-24T18:06:58.528;113;29,3
2026-03-24T18:06:59.487;114;29,1
2026-03-24T18:07:00.449;116;29,2
2026-03-24T18:07:01.863;116
2026-03-24T18:07:02.853;117;29,2
2026-03-24T18:07:03.806;118;29,1
2026-03-24T18:07:05.726;119;23,3
2026-03-24T18:07:05.727;119;23,3
2026-03-24T18:07:06.682;118;3,9
2026-03-24T18:07:07.644;117;3,9
2026-03-24T18:07:08.555;117;3,6
2026-03-24T18:07:09.512;117;2,9
2026-03-24T18:07:10.472;118;2,7
2026-03-24T18:07:13.410;118;2,7
2026-03-24T18:07:13.411;118;2,7
2026-03-24T18:07:13.850;119;2,6
2026-03-24T18:07:14.848;119;2,2
2026-03-24T18:07:15.815;120;1,9
2026-03-24T18:07:16.716;121;2,1
2026-03-24T18:07:17.728;122;2,3
2026-03-24T18:07:18.686;124;2,4
2026-03-24T18:07:19.656;126;2,4
2026-03-24T18:07:21.086;126
2026-03-24T18:07:21.528;127;2,4
2026-03-24T18:07:22.523;127;2,4
2026-03-24T18:07:23.490;129;2,8
2026-03-24T18:07:24.449;130;2,8
2026-03-24T18:07:25.891;130;2,7
2026-03-24T18:07:26.851;130;2,7
2026-03-24T18:07:28.294;131;11,5
2026-03-24T18:07:29.251;131;27,7
2026-03-24T18:07:30.688;131;27,7
2026-03-24T18:07:30.689;131;75,6
2026-03-24T18:07:31.651;131;75,6
2026-03-24T18:07:32.608;132;75,6
2026-03-24T18:07:33.570;132;75,6
2026-03-24T18:07:34.489;132;75,6
2026-03-24T18:07:35.450;132;75,6
2026-03-24T18:07:36.454;132;75,6
2026-03-24T18:07:37.878;132;75,6
2026-03-24T18:07:38.852;133;75,6
2026-03-24T18:07:40.732;134;75,6
2026-03-24T18:07:40.735;135;75,6
2026-03-24T18:07:42.701;135;75,6
2026-03-24T18:07:43.643;136;70,4
2026-03-24T18:07:44.129;137;63,5
2026-03-24T18:07:45.583;137;1,5
2026-03-24T18:07:46.008;137;1,5
2026-03-24T18:07:46.534;136;1,6
2026-03-24T18:07:47.445;136;1,4
2026-03-24T18:07:48.444;136;1,4
2026-03-24T18:07:50.370;136;1,4
2026-03-24T18:07:50.852;136;1,4
2026-03-24T18:07:51.802;136;1,2
2026-03-24T18:07:53.731;137;1,2
2026-03-24T18:07:54.633;137;1,0
2026-03-24T18:07:54.636;137;1,0
2026-03-24T18:07:56.556;137;1,0
2026-03-24T18:07:56.559;138;0,9
2026-03-24T18:07:57.519;138;0,9
2026-03-24T18:08:00.406;138;1,1
2026-03-24T18:08:00.407;138;1,2
2026-03-24T18:08:01.404;138;1,2
2026-03-24T18:08:03.325;138
2026-03-24T18:08:03.326;138;76,7
2026-03-24T18:08:03.770;138;76,7
2026-03-24T18:08:04.718;138;108,3
2026-03-24T18:08:06.210;139;108,3
2026-03-24T18:08:06.647;139;108,3
2026-03-24T18:08:08.129;139;108,3
2026-03-24T18:08:08.610;139;108,3
2026-03-24T18:08:11.492;139;108,3
2026-03-24T18:08:11.928;138;108,3
2026-03-24T18:08:12.923;137;108,3
2026-03-24T18:08:12.925;136;108,3
2026-03-24T18:08:13.892;136;108,3
2026-03-24T18:08:15.810;135;76,5
2026-03-24T18:08:15.811;135;76,5
2026-03-24T18:08:16.765;135;76,5
2026-03-24T18:08:17.729;136;1,3
2026-03-24T18:08:18.692;136;1,3
2026-03-24T18:08:19.651;136;1,3
2026-03-24T18:08:20.617;136;1,3
2026-03-24T18:08:22.050;137;1,3
2026-03-24T18:08:22.488;137;1,3
2026-03-24T18:08:23.487;138;1,2
2026-03-24T18:08:24.452;138;1,2
2026-03-24T18:08:25.851;138;0,9
2026-03-24T18:08:26.843;138;0,9
2026-03-24T18:08:27.769;138;1,0
2026-03-24T18:08:29.690;138;1,0
2026-03-24T18:08:29.694;138;0,7
2026-03-24T18:08:30.648;138;0,7
2026-03-24T18:08:31.608;138;0,9
2026-03-24T18:08:33.088;138;0,9
2026-03-24T18:08:33.529;138;0,9
2026-03-24T18:08:34.491;137;0,9
2026-03-24T18:08:35.488;136;1,3
2026-03-24T18:08:36.934;135;1,3
2026-03-24T18:08:38.849;134;2,6
2026-03-24T18:08:38.850;133;2,6
2026-03-24T18:08:40.769;132;2,6
2026-03-24T18:08:40.771;130;2,7
2026-03-24T18:08:41.728;130;2,7
2026-03-24T18:08:42.685;129;2,7
2026-03-24T18:08:44.128;129;2,7
2026-03-24T18:08:44.607;129;2,7
2026-03-24T18:08:47.015;129;2,7
2026-03-24T18:08:47.017;129;2,7
2026-03-24T18:08:47.969;129;2,7
2026-03-24T18:08:48.452;129;2,7
2026-03-24T18:08:49.881;129;2,6
2026-03-24T18:08:50.851;129;2,6
2026-03-24T18:08:51.807;129;1,3
2026-03-24T18:08:53.251;129;1,3
2026-03-24T18:08:53.732;130;1,3
2026-03-24T18:08:54.690;131;1,5
2026-03-24T18:08:56.610;131;1,6
2026-03-24T18:08:57.568;131
2026-03-24T18:08:57.569;131;1,6
2026-03-24T18:08:58.530;131;1,8
2026-03-24T18:08:59.488;130;2,1
2026-03-24T18:09:00.453;128;2,3
2026-03-24T18:09:02.370;127;2,4
2026-03-24T18:09:02.806;126;2,4
2026-03-24T18:09:03.805;125;2,7
2026-03-24T18:09:04.773;122;4,0
2026-03-24T18:09:06.690;113;7,3
2026-03-24T18:09:07.128;111;9,2
2026-03-24T18:09:07.650;107;9,2
2026-03-24T18:09:08.609;105;9,6
2026-03-24T18:09:09.569;106;10,0
2026-03-24T18:09:10.531;109;11,4
2026-03-24T18:09:11.489;112;11,5
2026-03-24T18:09:12.446;114;11,6
2026-03-24T18:09:14.369;117;11,6
2026-03-24T18:09:14.849;119;11,6
2026-03-24T18:09:15.814;120;11,5
2026-03-24T18:09:16.772;120;11,5
2026-03-24T18:09:17.726;121;11,5
2026-03-24T18:09:18.686;121;11,4
2026-03-24T18:09:19.648;121;11,1
2026-03-24T18:09:20.606;122;9,3
2026-03-24T18:09:21.573;123;7,4
2026-03-24T18:09:22.532;123;7,4
2026-03-24T18:09:24.451;124;6,9
2026-03-24T18:09:24.452;124;6,3
2026-03-24T18:09:25.891;124;3,7
2026-03-24T18:09:26.851;123;3,4
2026-03-24T18:09:27.813;123;3,0
2026-03-24T18:09:28.770;123;3,1
2026-03-24T18:09:29.732;124;3,0
2026-03-24T18:09:30.685;125;3,1
2026-03-24T18:09:31.645;126;3,2
2026-03-24T18:09:33.575;127;3,1
2026-03-24T18:09:33.576;127;3,1
2026-03-24T18:09:34.532;127;3,0
2026-03-24T18:09:35.490;126;3,1
2026-03-24T18:09:36.448;125;3,2
2026-03-24T18:09:37.892;123;3,2
2026-03-24T18:09:38.855;123;3,1
2026-03-24T18:09:41.728;122;2,6
2026-03-24T18:09:41.729;122;2,6
2026-03-24T18:09:41.730;122;2,7
2026-03-24T18:09:44.131;122;2,3
2026-03-24T18:09:44.132;122;2,3
2026-03-24T18:09:45.568;122;2,4
2026-03-24T18:09:45.569;123;2,2
2026-03-24T18:09:47.012;123;2,2
2026-03-24T18:09:47.450;123;2,2
2026-03-24T18:09:48.443;123;2,1
2026-03-24T18:09:49.849;122;2,3
2026-03-24T18:09:50.809;121;1,8
2026-03-24T18:09:51.769;119;2,4
2026-03-24T18:09:52.728;119;2,8
2026-03-24T18:09:53.688;116;4,1
2026-03-24T18:09:54.648;114;4,1
2026-03-24T18:09:55.611;113;4,1
2026-03-24T18:09:56.571;113;4,1
2026-03-24T18:09:57.531;113;4,3
2026-03-24T18:09:58.491;114;4,4
2026-03-24T18:09:59.452;116;5,0
2026-03-24T18:10:00.891;117;5,0
2026-03-24T18:10:01.851;119;5,0
2026-03-24T18:10:02.812;119;5,0
2026-03-24T18:10:04.730;118;5,1
2026-03-24T18:10:04.732;118;5,0
2026-03-24T18:10:05.689;118;5,0
2026-03-24T18:10:06.650;118;4,8
2026-03-24T18:10:07.612;119;4,7
2026-03-24T18:10:08.570;120;3,6
2026-03-24T18:10:09.532;120;3,6
2026-03-24T18:10:10.479;120;3,7
2026-03-24T18:10:11.434;121;3,7
2026-03-24T18:10:12.411;121;3,4
2026-03-24T18:10:14.332;122;2,4
2026-03-24T18:10:14.812;122;2,3
2026-03-24T18:10:16.252;121;2,4
2026-03-24T18:10:16.730;121;2,4
2026-03-24T18:10:18.172;120;2,7
2026-03-24T18:10:18.632;119;2,8
2026-03-24T18:10:19.608;117;3,0
2026-03-24T18:10:20.571;116;3,0
2026-03-24T18:10:21.529;116;2,8
2026-03-24T18:10:22.491;115;2,7
2026-03-24T18:10:23.451;114;2,8
2026-03-24T18:10:25.373;113;2,9
2026-03-24T18:10:25.850;112;2,8
2026-03-24T18:10:26.808;112;2,7
2026-03-24T18:10:27.771;112;2,7
2026-03-24T18:10:28.731;112;2,6
2026-03-24T18:10:29.690;112;2,6
2026-03-24T18:10:31.611;112;2,7
2026-03-24T18:10:31.615;111;2,6
2026-03-24T18:10:32.572;112;2,2
2026-03-24T18:10:33.532;112;2,0
2026-03-24T18:10:34.491;112;2,0
2026-03-24T18:10:36.411;111;2,0
2026-03-24T18:10:36.414;110;2,9
2026-03-24T18:10:38.332;108;2,9
2026-03-24T18:10:39.291;109;3,4
2026-03-24T18:10:39.770;110;3,9
2026-03-24T18:10:40.731;112;4,5
2026-03-24T18:10:41.691;114;4,5
2026-03-24T18:10:42.651;115;4,6
2026-03-24T18:10:44.092;115;4,6
2026-03-24T18:10:44.569;116;4,6
2026-03-24T18:10:45.531;117;4,5
2026-03-24T18:10:46.963;118;4,6
2026-03-24T18:10:47.451;118;4,7
2026-03-24T18:10:48.411;119;4,8
2026-03-24T18:10:50.332;120;4,8
2026-03-24T18:10:51.327;121;4,4
2026-03-24T18:10:51.768;121;4,1
2026-03-24T18:10:52.771;121;4,2
2026-03-24T18:10:53.729;120;3,2
2026-03-24T18:10:54.691;120;2,2
2026-03-24T18:10:56.607;119;2,2
2026-03-24T18:10:56.608;118;2,6
2026-03-24T18:10:58.529;116;3,4
2026-03-24T18:10:58.530;115;3,4
2026-03-24T18:10:59.494;113;3,8
2026-03-24T18:11:00.441;113;4,1
2026-03-24T18:11:01.897;110;5,1
2026-03-24T18:11:02.858;107;5,6
2026-03-24T18:11:03.807;106;5,6
2026-03-24T18:11:04.770;104;5,9
2026-03-24T18:11:06.211;103;5,8
2026-03-24T18:11:06.651;102;5,8
2026-03-24T18:11:07.654;102;5,9
2026-03-24T18:11:08.611;102;5,9
2026-03-24T18:11:09.564;102;5,9
2026-03-24T18:11:10.531;102;5,9
2026-03-24T18:11:11.493;102;5,9
2026-03-24T18:11:12.452;102;5,7
2026-03-24T18:11:13.890;101;5,7
2026-03-24T18:11:15.809;101;5,3
2026-03-24T18:11:15.810;102;5,5
2026-03-24T18:11:17.251;104;5,6
2026-03-24T18:11:17.689;105;5,6
2026-03-24T18:11:18.694;106;4,8
2026-03-24T18:11:20.133;107;4,1
2026-03-24T18:11:20.570;108;3,8
2026-03-24T18:11:21.583;108;3,8
2026-03-24T18:11:22.542;108;3,8
2026-03-24T18:11:23.451;108;3,8
2026-03-24T18:11:24.453;108;3,7
2026-03-24T18:11:25.892;109;3,7
2026-03-24T18:11:26.844;110;3,9
2026-03-24T18:11:27.805;111;4,1
2026-03-24T18:11:28.768;113;4,1
2026-03-24T18:11:29.726;114;4,2
2026-03-24T18:11:30.684;115;4,1
2026-03-24T18:11:31.651;115;3,6
2026-03-24T18:11:33.087;115;3,1
2026-03-24T18:11:33.530;115;2,9
2026-03-24T18:11:34.530;115;2,9
2026-03-24T18:11:36.455;115;2,9
2026-03-24T18:11:36.456;115;2,6
2026-03-24T18:11:37.894;115;2,6
2026-03-24T18:11:38.852;116;2,6
2026-03-24T18:11:39.812;116;2,5
2026-03-24T18:11:41.731;116;2,5
2026-03-24T18:11:41.732;117;2,1
2026-03-24T18:11:42.690;117;1,7
2026-03-24T18:11:43.641;116;2,0
2026-03-24T18:11:45.570;115;2,7
2026-03-24T18:11:45.571;114;3,0
2026-03-24T18:11:46.530;112;3,0
2026-03-24T18:11:48.447;111;3,1
2026-03-24T18:11:48.448;111;2,9
2026-03-24T18:11:49.896;111;3,0
2026-03-24T18:11:50.854;111;3,0
2026-03-24T18:11:51.820;111;3,0
2026-03-24T18:11:52.769;111;3,0
2026-03-24T18:11:53.731;110;3,1
2026-03-24T18:11:54.689;110;3,2
2026-03-24T18:11:56.612;109;3,2
2026-03-24T18:11:56.613;109;3,3
2026-03-24T18:11:57.586;108;3,3
2026-03-24T18:11:58.541;108;3,3
2026-03-24T18:11:59.495;108;3,2
2026-03-24T18:12:00.455;108;2,5
2026-03-24T18:12:01.889;109;2,3
2026-03-24T18:12:02.848;109;2,2
2026-03-24T18:12:03.812;110;2,2
2026-03-24T18:12:04.784;110;2,2
2026-03-24T18:12:05.725;110;2,1
2026-03-24T18:12:06.690;111;2,1
2026-03-24T18:12:09.091;112;2,1
2026-03-24T18:12:09.092;112;2,1
2026-03-24T18:12:09.521;112;2,1
2026-03-24T18:12:10.530;111;2,0
2026-03-24T18:12:11.490;110;3,5
2026-03-24T18:12:12.448;108;4,1
2026-03-24T18:12:13.894;105;6,7
2026-03-24T18:12:15.812;103;7,5
2026-03-24T18:12:15.812;101;7,8
2026-03-24T18:12:17.262;96;8,9
2026-03-24T18:12:18.210;94;10,3
2026-03-24T18:12:19.174;92;12,1
2026-03-24T18:12:19.611;89;15,0
2026-03-24T18:12:20.620;86;15,0
2026-03-24T18:12:21.577;85;15,0
2026-03-24T18:12:23.495;84;15,0
2026-03-24T18:12:23.931;82;15,7
2026-03-24T18:12:24.454;81;15,7
2026-03-24T18:12:25.903;80;15,7
2026-03-24T18:12:26.852;79;15,8
2026-03-24T18:12:27.813;79;15,8
2026-03-24T18:12:28.777;78;16,0
2026-03-24T18:12:30.211;78;16,0
2026-03-24T18:12:31.169;78;16,0
2026-03-24T18:12:31.610;78;16,1
2026-03-24T18:12:32.611;78;16,1
2026-03-24T18:12:33.574;78;16,1
2026-03-24T18:12:34.541;79;15,8
2026-03-24T18:12:35.491;79;14,9
2026-03-24T18:12:36.446;79;14,8
2026-03-24T18:12:37.893;79;14,3
2026-03-24T18:12:38.859;79;14,0
2026-03-24T18:12:40.291;79;13,7
2026-03-24T18:12:41.726;79;11,0
2026-03-24T18:12:42.693;79;6,5
2026-03-24T18:12:42.694;79;6,7
2026-03-24T18:12:43.652;80;6,8
2026-03-24T18:12:44.605;80;6,8
2026-03-24T18:12:45.572;81;6,3
2026-03-24T18:12:46.532;82;6,2
2026-03-24T18:12:47.491;83;6,1
2026-03-24T18:12:48.457;83;6,0
2026-03-24T18:12:49.893;84;5,6
2026-03-24T18:12:51.338;84;5,4
2026-03-24T18:12:51.772;84;5,4
2026-03-24T18:12:52.769;84;5,5
2026-03-24T18:12:53.735;84;6,4
2026-03-24T18:12:54.693;84;6,4
2026-03-24T18:12:56.607;83;6,6
2026-03-24T18:12:56.608;83;6,6
2026-03-24T18:12:58.050;82;7,4
2026-03-24T18:12:58.528;82;7,4
2026-03-24T18:12:59.491;81;7,4
2026-03-24T18:13:00.412;81;7,4
2026-03-24T18:13:01.852;81;7,4
2026-03-24T18:13:02.853;81;7,4
2026-03-24T18:13:03.799;81;7,3
2026-03-24T18:13:04.776;81;7,1
2026-03-24T18:13:05.727;81;7,1
2026-03-24T18:13:06.687;81;6,5
2026-03-24T18:13:07.598;82;7,3
2026-03-24T18:13:08.608;83;7,8
2026-03-24T18:13:10.477;83;7,8
2026-03-24T18:13:10.479;84;7,8
2026-03-24T18:13:11.435;84;7,8
2026-03-24T18:13:12.891;84;8,0
2026-03-24T18:13:13.853;85;7,7
2026-03-24T18:13:14.847;85;6,9
2026-03-24T18:13:16.286;85;6,9
2026-03-24T18:13:16.732;85;6,7
2026-03-24T18:13:17.677;85;6,7
2026-03-24T18:13:18.697;84;6,3
2026-03-24T18:13:19.656;84;6,4
2026-03-24T18:13:20.609;84;6,3
2026-03-24T18:13:21.567;83;6,3
2026-03-24T18:13:22.530;83;6,3
2026-03-24T18:13:23.490;83;6,4
2026-03-24T18:13:24.449;83;6,4
2026-03-24T18:13:25.893;83;6,4
2026-03-24T18:13:26.854;83;5,7
2026-03-24T18:13:27.813;83;5,7
2026-03-24T18:13:28.771;83;4,7
2026-03-24T18:13:29.733;83;3,7
2026-03-24T18:13:31.655;83;3,7
2026-03-24T18:13:31.656;83;3,8
2026-03-24T18:13:32.613;83;3,8
2026-03-24T18:13:33.584;83;3,5
2026-03-24T18:13:34.532;83;3,5
2026-03-24T18:13:35.489;83;3,5
2026-03-24T18:13:36.448;83;3,5
2026-03-24T18:13:37.890;83;3,8
2026-03-24T18:13:38.843;83;4,0
2026-03-24T18:13:39.801;82;3,4
2026-03-24T18:13:40.770;82;4,0
2026-03-24T18:13:41.691;81;4,0
2026-03-24T18:13:42.651;81;4,0
2026-03-24T18:13:43.633;81;4,1
2026-03-24T18:13:44.604;81;4,5
2026-03-24T18:13:45.578;81;4,4
2026-03-24T18:13:46.526;81;4,5
2026-03-24T18:13:48.452;81;4,6
2026-03-24T18:13:48.891;81;4,6
2026-03-24T18:13:49.890;81;6,1
2026-03-24T18:13:50.852;81;6,4
2026-03-24T18:13:51.812;82;6,4
2026-03-24T18:13:52.773;82;6,4
2026-03-24T18:13:53.730;83;6,3
2026-03-24T18:13:54.690;83;6,3
2026-03-24T18:13:56.611;83;6,3
2026-03-24T18:13:56.612;83;6,4
2026-03-24T18:13:57.571;83;6,4
2026-03-24T18:13:58.530;83;6,5
2026-03-24T18:13:59.492;83;6,3
2026-03-24T18:14:00.448;83;6,3
2026-03-24T18:14:01.864;83;5,7
2026-03-24T18:14:02.850;83;5,6
2026-03-24T18:14:03.807;83;5,6
2026-03-24T18:14:04.767;82;5,5
2026-03-24T18:14:06.690;82;5,2
2026-03-24T18:14:06.691;83;5,3
2026-03-24T18:14:07.650;83;5,2
2026-03-24T18:14:08.617;84;7,2
2026-03-24T18:14:10.052;84;7,2
2026-03-24T18:14:10.492;85;5,9
2026-03-24T18:14:11.496;85;5,8
2026-03-24T18:14:12.445;85;5,8
2026-03-24T18:14:13.892;86;5,8
2026-03-24T18:14:14.849;86;5,9
2026-03-24T18:14:15.799;86;5,9
2026-03-24T18:14:16.767;86;5,8
2026-03-24T18:14:17.730;86;5,9
2026-03-24T18:14:19.169;86;5,8
2026-03-24T18:14:19.610;86;5,8
2026-03-24T18:14:20.612;86;5,8
2026-03-24T18:14:21.569;86;5,8
2026-03-24T18:14:22.540;86;6,3
2026-03-24T18:14:23.441;86;6,3
2026-03-24T18:14:24.450;85;6,4
2026-03-24T18:14:25.903;84;6,9
2026-03-24T18:14:26.849;84;7,3
2026-03-24T18:14:27.815;83;7,2
2026-03-24T18:14:28.776;83;7,2
2026-03-24T18:14:29.742;82;5,2
2026-03-24T18:14:30.697;82;5,5
2026-03-24T18:14:31.647;81;5,6
2026-03-24T18:14:32.614;81;5,4
2026-03-24T18:14:33.571;80;5,4
2026-03-24T18:14:35.493;80;5,4
2026-03-24T18:14:35.494;80;5,4
2026-03-24T18:14:36.451;80;5,7
2026-03-24T18:14:38.856;80;5,7
2026-03-24T18:14:38.857;80;5,6
2026-03-24T18:14:40.774;80;5,5
2026-03-24T18:14:40.775;80;5,8
2026-03-24T18:14:41.725;80;6,2
2026-03-24T18:14:43.173;79;6,2
2026-03-24T18:14:43.610;79;6,2
2026-03-24T18:14:44.615;79;6,5
2026-03-24T18:14:45.532;79;7,0
2026-03-24T18:14:46.534;80;6,9
2026-03-24T18:14:47.505;80;6,4
2026-03-24T18:14:48.457;80;6,0
2026-03-24T18:14:49.891;80;6,1
2026-03-24T18:14:50.849;80;6,1
2026-03-24T18:14:51.807;80;6,1
2026-03-24T18:14:52.773;80;5,7
2026-03-24T18:14:53.727;81;5,8
2026-03-24T18:14:54.689;81;5,8
2026-03-24T18:14:56.133;81;5,8
2026-03-24T18:14:56.571;81;5,8
2026-03-24T18:14:57.566;81;5,7
2026-03-24T18:14:58.528;81;5,4
2026-03-24T18:14:59.493;82;6,0
2026-03-24T18:15:00.456;82
2026-03-24T18:15:01.892;83;6,3
2026-03-24T18:15:02.857;83;5,9
2026-03-24T18:15:03.813;83;7,4
2026-03-24T18:15:04.770;84;8,2
2026-03-24T18:15:05.729;85;7,6
2026-03-24T18:15:06.692;87;7,1
2026-03-24T18:15:07.651;88;7,2
2026-03-24T18:15:09.092;87;8,1
2026-03-24T18:15:10.527;87;8,1
2026-03-24T18:15:10.529;88;8,1
2026-03-24T18:15:11.488;88;8,2
2026-03-24T18:15:12.413;89;8,5
2026-03-24T18:15:13.885;91;9,4
2026-03-24T18:15:15.803;93;9,9
2026-03-24T18:15:15.804;95;10,0
2026-03-24T18:15:17.251;98;10,0
2026-03-24T18:15:17.694;100;10,1
2026-03-24T18:15:19.173;101;9,7
2026-03-24T18:15:19.614;102;9,7
2026-03-24T18:15:20.608;102;9,4
2026-03-24T18:15:22.523;100;9,7
2026-03-24T18:15:22.973;98;10,5
2026-03-24T18:15:23.491;95;11,4
2026-03-24T18:15:24.452;94;11,4
2026-03-24T18:15:25.890;93;11,5
2026-03-24T18:15:26.850;93;10,9
2026-03-24T18:15:27.810;93;11,0
2026-03-24T18:15:28.772;94;12,0
2026-03-24T18:15:29.734;95;11,9
2026-03-24T18:15:30.702;96;11,7
2026-03-24T18:15:31.657;97;10,5
2026-03-24T18:15:32.613;97
2026-03-24T18:15:33.578;98;10,5
2026-03-24T18:15:35.019;98;10,9
2026-03-24T18:15:35.502;96;11,0
2026-03-24T18:15:36.443;95;11,0
2026-03-24T18:15:37.901;96;11,1
2026-03-24T18:15:38.858;96;9,9
2026-03-24T18:15:40.291;95;8,5
2026-03-24T18:15:41.248;95;8,4
2026-03-24T18:15:41.694;98;8,3
2026-03-24T18:15:42.698;98;8,2
2026-03-24T18:15:43.654;99;8,2
2026-03-24T18:15:45.575;99;8,1
2026-03-24T18:15:45.576;99;6,4
2026-03-24T18:15:46.535;100;6,4
2026-03-24T18:15:47.971;100;6,4
2026-03-24T18:15:48.447;100;6,4
2026-03-24T18:15:49.893;100;6,4
2026-03-24T18:15:50.851;100;6,4
2026-03-24T18:15:51.812;99;5,6
2026-03-24T18:15:53.252;99;5,3
2026-03-24T18:15:54.224;99;5,2
2026-03-24T18:15:54.652;99;5,1
2026-03-24T18:15:56.616;99;4,9
2026-03-24T18:15:56.617;99;4,9
2026-03-24T18:15:57.578;99;1,9
2026-03-24T18:15:58.536;99;1,9
2026-03-24T18:16:00.452;99;2,0
2026-03-24T18:16:00.453;99;2,0
2026-03-24T18:16:01.850;99;1,6
2026-03-24T18:16:02.852;99;1,8
2026-03-24T18:16:03.807;100;2,1
2026-03-24T18:16:04.768;100;2,2
2026-03-24T18:16:05.733;101;2,7
2026-03-24T18:16:06.688;102;2,7
2026-03-24T18:16:07.644;103;2,7
2026-03-24T18:16:09.573;103;2,7
2026-03-24T18:16:09.574;104;2,6
2026-03-24T18:16:10.975;105;2,6
2026-03-24T18:16:13.894;105;2,6
2026-03-24T18:16:13.894;105;2,5
2026-03-24T18:16:13.895;105;2,5
2026-03-24T18:16:15.815;106;2,5
2026-03-24T18:16:15.816;106;2,6
2026-03-24T18:16:16.774;106;2,5
2026-03-24T18:16:17.732;106;2,5
2026-03-24T18:16:18.693;105;3,7
2026-03-24T18:16:19.651;104;3,8
2026-03-24T18:16:20.613;104;3,7
2026-03-24T18:16:22.065;103;3,6
2026-03-24T18:16:22.531;103;3,5
2026-03-24T18:16:23.496;103
2026-03-24T18:16:24.460;103
2026-03-24T18:16:25.894;103;3,5
2026-03-24T18:16:26.858;103;3,5
2026-03-24T18:16:27.807;104;4,1
2026-03-24T18:16:28.765;104
2026-03-24T18:16:29.736;105;4,1
2026-03-24T18:16:31.166;104;6,9
2026-03-24T18:16:31.644;103;10,3
2026-03-24T18:16:32.605;103;21,6
2026-03-24T18:16:34.059;102;21,6
2026-03-24T18:16:34.490;101;21,6
2026-03-24T18:16:35.500;100;21,9
2026-03-24T18:16:36.446;97;22,1
2026-03-24T18:16:38.376;94;22,1
2026-03-24T18:16:38.811;93;22,2
2026-03-24T18:16:40.734;93;22,2
2026-03-24T18:16:40.736;92;22,2
2026-03-24T18:16:41.694;92;22,1
2026-03-24T18:16:42.693;91;22,0
2026-03-24T18:16:43.650;84;23,5
2026-03-24T18:16:45.098;77;54,3
2026-03-24T18:16:46.534;71;54,3
2026-03-24T18:16:46.535;70;54,9
2026-03-24T18:16:47.500;70;55,5
2026-03-24T18:16:49.436;70;55,7
2026-03-24T18:16:49.437;71;56,8
2026-03-24T18:16:50.851;72;56,9
2026-03-24T18:16:51.813;74;57,4
2026-03-24T18:16:52.775;75;57,6
2026-03-24T18:16:54.200;78;56,9
2026-03-24T18:16:54.688;79;53,6
2026-03-24T18:16:56.606;80;53,6
2026-03-24T18:16:56.607;81;53,9
2026-03-24T18:16:57.574;81;54,2
2026-03-24T18:16:59.490;80;54,2
2026-03-24T18:16:59.491;80;54,2
2026-03-24T18:17:00.455;81;54,7
2026-03-24T18:17:01.889;82;54,8
2026-03-24T18:17:02.852;83;54,9
2026-03-24T18:17:03.813;84;54,9
2026-03-24T18:17:04.776;85;54,9
2026-03-24T18:17:05.730;85;23,9
2026-03-24T18:17:07.175;85;23,9
2026-03-24T18:17:07.615;86;21,7
2026-03-24T18:17:10.058;89;19,3
2026-03-24T18:17:10.059;90;18,6
2026-03-24T18:17:10.494;92;17,5
2026-03-24T18:17:11.490;93;16,9
2026-03-24T18:17:12.454;95;16,1
2026-03-24T18:17:13.893;95
2026-03-24T18:17:15.810;94;16,1
2026-03-24T18:17:15.811;94;16,8
2026-03-24T18:17:16.774;93;15,9
2026-03-24T18:17:17.733;92;14,7
2026-03-24T18:17:18.695;92;14,3
2026-03-24T18:17:19.670;93;14,7
2026-03-24T18:17:20.620;93;13,9
2026-03-24T18:17:21.580;94;12,8
2026-03-24T18:17:22.535;94;12,2
2026-03-24T18:17:24.458;94;18,4
2026-03-24T18:17:24.459;94;40,6
2026-03-24T18:17:25.890;93;40,5
2026-03-24T18:17:26.857;91;43,3
2026-03-24T18:17:27.812;89;44,7
2026-03-24T18:17:28.777;87;44,6
2026-03-24T18:17:29.730;86;44,5
2026-03-24T18:17:31.655;86;44,5
2026-03-24T18:17:31.656;85;44,2
2026-03-24T18:17:32.617;84;44,2
2026-03-24T18:17:34.534;83;44,5
2026-03-24T18:17:34.535;82;44,6
2026-03-24T18:17:35.495;81;44,6
2026-03-24T18:17:36.933;80;44,5
2026-03-24T18:17:37.372;80;44,5
2026-03-24T18:17:38.850;80;44,4
2026-03-24T18:17:40.294;80;44,4
2026-03-24T18:17:40.788;80;44,4
2026-03-24T18:17:41.736;79;44,4
2026-03-24T18:17:42.689;79;44,2
2026-03-24T18:17:43.656;79;44,2
2026-03-24T18:17:44.611;79;44,3
2026-03-24T18:17:45.578;79;41,9
2026-03-24T18:17:46.537;79;21,2
2026-03-24T18:17:47.975;79;21,2
2026-03-24T18:17:48.410;79;14,4
2026-03-24T18:17:50.373;79;9,3
2026-03-24T18:17:50.856;78;9,3
2026-03-24T18:17:51.811;78;8,9
2026-03-24T18:17:52.777;78;9,2
