Phone timestamp;HR [bpm];HRV [ms];Breathing interval [rpm];
2026-03-24T18:23:51.813;78;8,2
2026-03-24T18:23:52.755;78;8,2
2026-03-24T18:23:54.218;77;11,0
2026-03-24T18:23:56.618;76;13,7
2026-03-24T18:23:56.619;75;15,3
2026-03-24T18:23:56.619;74;15,3
2026-03-24T18:23:58.064;74;15,3
2026-03-24T18:23:58.543;74;18,6
2026-03-24T18:23:59.496;73;18,5
2026-03-24T18:24:00.455;73;18,5
2026-03-24T18:24:02.858;72;20,7
2026-03-24T18:24:02.859;72;20,6
2026-03-24T18:24:03.812;71;20,3
2026-03-24T18:24:05.257;71;20,5
2026-03-24T18:24:05.697;71;20,7
2026-03-24T18:24:08.135;71;20,8
2026-03-24T18:24:08.136;71;20,9
2026-03-24T18:24:08.576;71;20,9
2026-03-24T18:24:09.577;72;20,8
2026-03-24T18:24:10.537;72;20,4
2026-03-24T18:24:11.983;72;20,4
2026-03-24T18:24:13.418;72;20,3
2026-03-24T18:24:13.419;72;20,3
2026-03-24T18:24:15.336;72;20,4
2026-03-24T18:24:16.297;73;20,3
2026-03-24T18:24:16.735;73;20,3
2026-03-24T18:24:18.211;73;20,3
2026-03-24T18:24:18.700;72;19,7
2026-03-24T18:24:20.622;72;17,6
2026-03-24T18:24:20.623;72;16,2
2026-03-24T18:24:21.572;72;16,3
2026-03-24T18:24:23.494;72;12,4
2026-03-24T18:24:23.935;72;13,4
2026-03-24T18:24:24.897;73;13,4
2026-03-24T18:24:25.375;73;10,6
2026-03-24T18:24:27.331;72;11,0
2026-03-24T18:24:28.296;72;11,0
2026-03-24T18:24:28.736;72;11,3
2026-03-24T18:24:30.217;72;11,1
2026-03-24T18:24:30.655;73;11,5
2026-03-24T18:24:31.662;73;11,4
2026-03-24T18:24:33.577;73;11,4
2026-03-24T18:24:33.578;74;11,4
2026-03-24T18:24:34.544;73;13,6
2026-03-24T18:24:35.498;73;13,6
2026-03-24T18:24:36.934;73;14,6
2026-03-24T18:24:37.415;72;14,5
2026-03-24T18:24:39.332;72;15,3
2026-03-24T18:24:40.775;73;17,9
2026-03-24T18:24:40.776;74;17,7
2026-03-24T18:24:41.742;75;17,7
2026-03-24T18:24:42.699;75;17,7
2026-03-24T18:24:43.655;77;17,7
2026-03-24T18:24:45.577;78;17,7
2026-03-24T18:24:46.059;79;17,2
2026-03-24T18:24:47.003;80;17,2
2026-03-24T18:24:47.974;81;17,2
2026-03-24T18:24:49.422;82;16,3
2026-03-24T18:24:49.422;82;16,4
2026-03-24T18:24:50.858;82;17,2
2026-03-24T18:24:51.823;81;17,9
2026-03-24T18:24:52.736;80;22,9
2026-03-24T18:24:53.699;78;22,6
2026-03-24T18:24:55.173;78;22,6
2026-03-24T18:24:55.655;77;22,6
2026-03-24T18:24:57.123;76;22,6
2026-03-24T18:24:59.499;76;21,3
2026-03-24T18:24:59.500;75;20,8
2026-03-24T18:24:59.500;75;21,4
2026-03-24T18:25:01.422;75;21,4
2026-03-24T18:25:01.423;75;20,8
2026-03-24T18:25:02.857;75;20,7
2026-03-24T18:25:04.722;74;19,5
2026-03-24T18:25:05.216;73;23,6
2026-03-24T18:25:07.171;72;23,5
2026-03-24T18:25:07.172;71;23,5
2026-03-24T18:25:08.138;71;23,5
2026-03-24T18:25:09.102;71;25,3
2026-03-24T18:25:10.055;71;25,2
2026-03-24T18:25:11.973;71;25,5
2026-03-24T18:25:12.938;72;25,5
2026-03-24T18:25:12.939;72;25,5
2026-03-24T18:25:14.807;72;25,5
2026-03-24T18:25:14.809;71;26,8
2026-03-24T18:25:15.810;71;26,5
2026-03-24T18:25:16.736;70;25,7
2026-03-24T18:25:19.137;70;21,4
2026-03-24T18:25:19.615;70;21,5
2026-03-24T18:25:19.617;70;21,5
2026-03-24T18:25:20.576;70;22,3
2026-03-24T18:25:22.016;70;22,3
2026-03-24T18:25:22.496;70;22,3
2026-03-24T18:25:23.937;71;22,4
2026-03-24T18:25:24.416;71;21,9
2026-03-24T18:25:25.375;72;21,9
2026-03-24T18:25:29.697;72;22,0
2026-03-24T18:25:29.699;71;22,9
2026-03-24T18:25:29.701;71;24,4
2026-03-24T18:25:29.702;70;20,2
2026-03-24T18:25:31.138;69;20,2
2026-03-24T18:25:31.615;69;21,1
2026-03-24T18:25:34.977;69;22,1
2026-03-24T18:25:37.857;70;21,1
2026-03-24T18:25:40.739;70;21,1
2026-03-24T18:25:40.741;71;20,6
2026-03-24T18:25:40.743;71;20,9
2026-03-24T18:25:40.745;70;23,2
2026-03-24T18:25:40.746;69;23,1
2026-03-24T18:25:40.747;69;21,6
2026-03-24T18:25:40.749;70;24,5
2026-03-24T18:25:41.697;71;24,5
2026-03-24T18:25:43.136;72;25,5
2026-03-24T18:25:43.617;74;25,5
2026-03-24T18:25:45.538;75;24,8
2026-03-24T18:25:46.978;75;24,8
2026-03-24T18:25:47.457;76;24,8
2026-03-24T18:25:47.459;75;26,2
2026-03-24T18:25:49.378;75;28,7
2026-03-24T18:25:52.739;73;29,2
2026-03-24T18:25:54.174;73;29,1
2026-03-24T18:25:58.978;73;29,2
2026-03-24T18:25:59.938;74;29,2
2026-03-24T18:26:00.416;74;29,4
2026-03-24T18:26:00.418;75;29,4
2026-03-24T18:26:00.420;75;28,8
2026-03-24T18:26:00.421;75;28,2
2026-03-24T18:26:00.422;75;30,1
2026-03-24T18:26:00.423;74;32,1
2026-03-24T18:26:00.425;71;33,9
2026-03-24T18:26:00.427;71;33,9
2026-03-24T18:26:01.378;71;38,1
2026-03-24T18:26:02.819;74;38,6
2026-03-24T18:26:04.256;75;37,2
2026-03-24T18:26:04.735;77;36,6
2026-03-24T18:26:05.693;78;36,6
2026-03-24T18:26:06.656;80;36,6
2026-03-24T18:26:07.618;81;36,6
2026-03-24T18:26:09.057;81;36,6
2026-03-24T18:26:09.534;81;35,8
2026-03-24T18:26:10.497;81;33,9
2026-03-24T18:26:14.325;80;33,4
2026-03-24T18:26:14.327;80;33,4
2026-03-24T18:26:14.328;80;32,2
2026-03-24T18:26:14.818;80;31,5
2026-03-24T18:26:15.776;79;31,1
2026-03-24T18:26:16.738;78;31,8
2026-03-24T18:26:20.577;77;31,8
2026-03-24T18:26:20.579;76;31,7
