Phone timestamp;HR [bpm];HRV [ms];Breathing interval [rpm];
2026-03-19T12:19:26.987;139;280,1
2026-03-19T12:19:27.945;140;259,3
2026-03-19T12:19:29.387;141;259,3
2026-03-19T12:19:29.390;141;259,3
2026-03-19T12:19:30.345;142;256,6
2026-03-19T12:19:32.266;142;256,3
2026-03-19T12:19:32.268;142;256,0
2026-03-19T12:19:33.709;142;256,0
2026-03-19T12:19:34.664;142;258,3
2026-03-19T12:19:36.103;142;257,5
2026-03-19T12:19:36.588;143;257,2
2026-03-19T12:19:38.968;143;155,3
2026-03-19T12:19:39.465;143;69,4
2026-03-19T12:19:39.468;143;54,3
2026-03-19T12:19:40.424;142;50,6
2026-03-19T12:19:41.387;142;50,6
2026-03-19T12:19:42.328;141;50,6
2026-03-19T12:19:43.307;141;50,6
2026-03-19T12:19:45.708;142;50,6
2026-03-19T12:19:45.711;142;50,6
2026-03-19T12:19:46.662;142;35,9
2026-03-19T12:19:47.624;143;1,7
2026-03-19T12:19:49.546;143;1,5
2026-03-19T12:19:49.550;144;1,5
2026-03-19T12:19:51.466;144;2,2
2026-03-19T12:19:51.470;144;2,3
2026-03-19T12:19:52.906;146;2,1
2026-03-19T12:19:54.828;147;2,5
2026-03-19T12:19:54.830;147;2,5
2026-03-19T12:19:57.227;149;2,6
2026-03-19T12:19:57.230;149;2,6
2026-03-19T12:19:58.664;150;2,7
2026-03-19T12:19:58.665;150;2,7
2026-03-19T12:19:59.612;151;2,7
2026-03-19T12:20:00.587;151;2,7
2026-03-19T12:20:01.547;151;2,1
2026-03-19T12:20:02.971;151;2,0
2026-03-19T12:20:03.465;151;2,0
2026-03-19T12:20:05.385;151;2,0
2026-03-19T12:20:05.388;151;1,5
2026-03-19T12:20:07.306;151;1,2
2026-03-19T12:20:07.310;151;1,4
2026-03-19T12:20:11.146;151;1,3
2026-03-19T12:20:11.150;151;1,1
2026-03-19T12:20:11.624;151;0,9
2026-03-19T12:20:11.626;152;0,9
2026-03-19T12:20:13.066;152;1,1
2026-03-19T12:20:13.545;152;1,1
2026-03-19T12:20:14.506;152;1,2
2026-03-19T12:20:15.467;152;1,2
2026-03-19T12:20:16.425;152;1,1
2026-03-19T12:20:17.386;152;1,1
2026-03-19T12:20:18.346;152;1,0
2026-03-19T12:20:19.306;152;1,0
2026-03-19T12:20:20.264;152;1,0
2026-03-19T12:20:21.687;152;1,1
2026-03-19T12:20:22.664;152;1,1
2026-03-19T12:20:23.613;152;1,0
2026-03-19T12:20:24.587;152;1,0
2026-03-19T12:20:26.025;152;0,9
2026-03-19T12:20:26.987;152;0,9
2026-03-19T12:20:28.426;152;0,9
2026-03-19T12:20:28.429;152;0,9
2026-03-19T12:20:29.847;152;1,0
2026-03-19T12:20:30.345;152;1,0
2026-03-19T12:20:31.290;152;0,9
2026-03-19T12:20:32.727;152;0,9
2026-03-19T12:20:34.170;152;0,8
2026-03-19T12:20:36.086;152;1,0
2026-03-19T12:20:36.088;152;1,0
2026-03-19T12:20:37.064;153;0,9
2026-03-19T12:20:37.544;153;1,0
2026-03-19T12:20:39.464;153;1,1
2026-03-19T12:20:39.466;153;1,1
2026-03-19T12:20:40.408;152;1,1
2026-03-19T12:20:41.366;152;1,1
2026-03-19T12:20:42.334;153;1,2
2026-03-19T12:20:43.305;153;1,2
2026-03-19T12:20:44.250;153;1,2
2026-03-19T12:20:45.689;153;1,8
2026-03-19T12:20:46.664;153;1,8
2026-03-19T12:20:47.624;152;1,7
2026-03-19T12:20:48.584;152;1,7
2026-03-19T12:20:49.528;152;1,7
2026-03-19T12:20:51.449;152;1,6
2026-03-19T12:20:51.453;152;1,6
2026-03-19T12:20:52.903;152;1,6
2026-03-19T12:20:53.367;152;1,6
2026-03-19T12:20:55.783;152;1,5
2026-03-19T12:20:55.785;153;1,6
2026-03-19T12:20:56.744;153;0,8
2026-03-19T12:20:57.710;152;0,9
2026-03-19T12:20:58.664;153;0,9
2026-03-19T12:20:59.624;153;1,1
2026-03-19T12:21:00.570;154;1,1
2026-03-19T12:21:01.526;154
2026-03-19T12:21:02.496;153;1,1
2026-03-19T12:21:04.409;153;1,1
2026-03-19T12:21:04.411;153;2,1
2026-03-19T12:21:05.864;154;2,1
2026-03-19T12:21:07.301;153;2,1
2026-03-19T12:21:07.303;153;2,1
2026-03-19T12:21:08.252;153;2,1
2026-03-19T12:21:09.709;153;2,1
2026-03-19T12:21:11.147;153;2,1
2026-03-19T12:21:12.107;153;2,1
2026-03-19T12:21:13.067;152;2,0
2026-03-19T12:21:14.506;151;2,1
2026-03-19T12:21:14.510;151;2,1
2026-03-19T12:21:15.467;151;1,8
2026-03-19T12:21:16.425;150;1,1
2026-03-19T12:21:17.370;150;0,9
2026-03-19T12:21:18.827;150;1,2
2026-03-19T12:21:19.787;150;1,1
2026-03-19T12:21:20.266;149;1,1
2026-03-19T12:21:22.187;149;1,1
2026-03-19T12:21:23.129;149;1,1
2026-03-19T12:21:23.627;150;1,0
2026-03-19T12:21:24.587;150;1,0
2026-03-19T12:21:26.509;149;1,0
2026-03-19T12:21:26.513;149;1,0
2026-03-19T12:21:28.423;150;1,0
2026-03-19T12:21:28.424;150;1,0
2026-03-19T12:21:30.348;150;1,0
2026-03-19T12:21:30.353;150;0,6
2026-03-19T12:21:31.307;151;0,7
2026-03-19T12:21:32.264;151;0,8
2026-03-19T12:21:34.169;152;0,8
2026-03-19T12:21:34.664;151;0,8
2026-03-19T12:21:35.626;151;0,8
2026-03-19T12:21:36.587;151;0,9
2026-03-19T12:21:37.529;152;0,9
2026-03-19T12:21:38.489;152;0,9
2026-03-19T12:21:39.469;152;0,9
2026-03-19T12:21:40.409;152;0,9
2026-03-19T12:21:42.825;153;0,9
2026-03-19T12:21:42.828;153;0,8
2026-03-19T12:21:43.307;153;0,8
2026-03-19T12:21:44.748;153;0,8
2026-03-19T12:21:46.187;153;0,9
2026-03-19T12:21:47.130;153;0,9
2026-03-19T12:21:47.623;154;0,8
2026-03-19T12:21:48.588;154;0,7
2026-03-19T12:21:50.970;154;0,7
2026-03-19T12:21:50.974;154;0,7
2026-03-19T12:21:51.467;154;0,7
2026-03-19T12:21:52.426;154;0,7
2026-03-19T12:21:53.387;153;1,0
2026-03-19T12:21:54.344;153;1,0
2026-03-19T12:21:55.305;152;1,0
2026-03-19T12:21:56.264;152;1,0
2026-03-19T12:21:57.703;152;1,0
2026-03-19T12:21:58.662;152;0,9
2026-03-19T12:21:59.624;151;0,9
2026-03-19T12:22:00.573;151;0,9
2026-03-19T12:22:01.548;151;0,9
2026-03-19T12:22:02.507;151;0,9
2026-03-19T12:22:03.468;151;1,1
2026-03-19T12:22:04.409;151;1,2
2026-03-19T12:22:05.388;151;1,0
2026-03-19T12:22:07.308;151;1,0
2026-03-19T12:22:07.313;151;1,0
2026-03-19T12:22:08.266;150;1,0
2026-03-19T12:22:09.696;150;1,0
2026-03-19T12:22:10.664;150;1,0
2026-03-19T12:22:11.611;149;1,1
2026-03-19T12:22:12.588;149;1,1
2026-03-19T12:22:13.547;148;1,1
2026-03-19T12:22:14.507;148;1,1
2026-03-19T12:22:15.466;147;1,1
2026-03-19T12:22:17.388;147;0,9
2026-03-19T12:22:17.392;146;1,0
2026-03-19T12:22:18.348;145;1,0
2026-03-19T12:22:19.307;144;1,2
2026-03-19T12:22:20.268;144;1,4
2026-03-19T12:22:22.187;144;1,4
2026-03-19T12:22:23.625;143;1,4
2026-03-19T12:22:25.067;142;1,5
2026-03-19T12:22:25.070;142;1,7
2026-03-19T12:22:25.546;141;1,7
2026-03-19T12:22:26.985;140;1,8
2026-03-19T12:22:27.467;138;1,8
2026-03-19T12:22:28.425;137;1,8
2026-03-19T12:22:29.387;136;2,1
2026-03-19T12:22:30.347;135;2,1
2026-03-19T12:22:32.266;134;2,5
2026-03-19T12:22:32.269;132;2,4
2026-03-19T12:22:33.692;131;2,4
2026-03-19T12:22:34.665;130;2,4
2026-03-19T12:22:36.106;130;2,4
2026-03-19T12:22:36.585;130;2,4
2026-03-19T12:22:37.535;129;2,4
2026-03-19T12:22:38.508;128;2,5
2026-03-19T12:22:39.467;127;2,4
2026-03-19T12:22:40.425;127;2,4
2026-03-19T12:22:41.376;126;2,4
2026-03-19T12:22:42.347;126;2,4
2026-03-19T12:22:43.304;125;2,1
2026-03-19T12:22:44.268;125;1,8
2026-03-19T12:22:45.707;124;2,0
2026-03-19T12:22:48.108;123;1,9
2026-03-19T12:22:48.111;123;1,9
2026-03-19T12:22:48.585;123;2,0
2026-03-19T12:22:49.546;124;2,3
2026-03-19T12:22:50.988;125;2,4
2026-03-19T12:22:52.906;126;2,2
2026-03-19T12:22:52.911;127;2,1
2026-03-19T12:22:53.387;128;2,2
2026-03-19T12:22:54.332;128;2,2
2026-03-19T12:22:55.308;128;2,2
2026-03-19T12:22:56.251;128;2,2
2026-03-19T12:22:57.708;128;2,2
2026-03-19T12:22:58.666;127;2,3
2026-03-19T12:23:00.098;127;2,0
2026-03-19T12:23:00.586;128;2,0
2026-03-19T12:23:01.549;127;2,1
2026-03-19T12:23:02.988;126;2,3
2026-03-19T12:23:03.450;125;2,3
2026-03-19T12:23:04.426;123;2,3
2026-03-19T12:23:05.373;123;2,2
2026-03-19T12:23:06.827;122;2,3
2026-03-19T12:23:07.290;122;2,2
2026-03-19T12:23:08.253;122;2,2
2026-03-19T12:23:09.689;121;2,3
2026-03-19T12:23:10.663;120;2,3
2026-03-19T12:23:12.108;120;2,4
2026-03-19T12:23:12.586;119;2,4
2026-03-19T12:23:14.029;119;2,5
2026-03-19T12:23:14.507;120;2,7
2026-03-19T12:23:15.467;121;2,8
2026-03-19T12:23:17.389;122;2,7
2026-03-19T12:23:17.392;123;2,5
2026-03-19T12:23:18.348;123;2,2
2026-03-19T12:23:19.308;122;2,9
2026-03-19T12:23:20.249;121;3,1
2026-03-19T12:23:21.710;121;3,1
2026-03-19T12:23:22.651;120;3,1
2026-03-19T12:23:23.627;119;3,0
2026-03-19T12:23:24.586;118;3,2
2026-03-19T12:23:25.548;117;3,1
2026-03-19T12:23:27.455;117;3,1
2026-03-19T12:23:27.458;117;3,1
2026-03-19T12:23:28.427;116;3,1
2026-03-19T12:23:29.388;115;2,9
2026-03-19T12:23:30.347;115;2,8
2026-03-19T12:23:31.308;113;3,2
2026-03-19T12:23:32.268;113;3,2
2026-03-19T12:23:33.711;111;3,7
2026-03-19T12:23:34.665;108;4,2
2026-03-19T12:23:35.611;107;4,1
2026-03-19T12:23:36.588;107;4,5
2026-03-19T12:23:37.546;107;4,6
2026-03-19T12:23:38.508;109;5,3
2026-03-19T12:23:39.468;111;5,4
2026-03-19T12:23:40.427;113;5,4
2026-03-19T12:23:42.350;114;5,4
2026-03-19T12:23:42.353;115;5,3
2026-03-19T12:23:43.307;115;5,5
2026-03-19T12:23:44.250;117;5,5
2026-03-19T12:23:45.708;118;5,5
2026-03-19T12:23:46.649;118;5,5
2026-03-19T12:23:47.627;119;5,2
2026-03-19T12:23:49.549;119;4,9
2026-03-19T12:23:49.552;120;4,1
2026-03-19T12:23:50.509;119;4,1
2026-03-19T12:23:51.468;119;3,7
2026-03-19T12:23:52.428;119;2,8
2026-03-19T12:23:53.388;119;2,0
2026-03-19T12:23:54.348;118;1,9
2026-03-19T12:23:55.306;118;1,9
2026-03-19T12:23:56.266;117;2,0
2026-03-19T12:23:57.690;117;1,7
2026-03-19T12:23:58.649;116;1,7
2026-03-19T12:24:00.091;115;1,6
2026-03-19T12:24:01.066;115;1,6
2026-03-19T12:24:01.548;115;1,6
2026-03-19T12:24:02.508;114;1,6
2026-03-19T12:24:03.948;114;1,6
2026-03-19T12:24:04.426;114;1,6
2026-03-19T12:24:05.388;114;1,5
2026-03-19T12:24:06.344;114;1,4
2026-03-19T12:24:07.789;114;1,5
2026-03-19T12:24:08.748;115;1,4
2026-03-19T12:24:09.712;115;1,5
2026-03-19T12:24:11.130;115;1,5
2026-03-19T12:24:11.626;115;1,3
2026-03-19T12:24:12.587;115;1,4
2026-03-19T12:24:13.548;114;2,0
2026-03-19T12:24:14.508;113;1,9
2026-03-19T12:24:15.949;113;1,8
2026-03-19T12:24:16.427;113;1,9
2026-03-19T12:24:17.387;113;1,9
2026-03-19T12:24:18.346;114;2,1
2026-03-19T12:24:19.307;114;2,1
2026-03-19T12:24:21.692;114;2,3
2026-03-19T12:24:22.666;113;3,0
2026-03-19T12:24:22.669;111;3,3
2026-03-19T12:24:23.617;110;3,3
2026-03-19T12:24:24.587;110;3,3
2026-03-19T12:24:25.533;110;3,3
2026-03-19T12:24:26.509;110;3,5
2026-03-19T12:24:27.467;110;3,5
2026-03-19T12:24:29.387;110;3,3
2026-03-19T12:24:29.390;110;3,5
2026-03-19T12:24:30.347;109;3,5
2026-03-19T12:24:32.268;109;3,6
2026-03-19T12:24:32.271;109;3,6
2026-03-19T12:24:33.711;108;3,8
2026-03-19T12:24:34.666;109;3,7
2026-03-19T12:24:35.625;109;3,7
2026-03-19T12:24:36.588;108;3,8
2026-03-19T12:24:37.549;107;3,3
2026-03-19T12:24:38.493;107;3,0
2026-03-19T12:24:39.949;107;3,0
2026-03-19T12:24:40.414;107;3,0
2026-03-19T12:24:41.388;108;3,8
2026-03-19T12:24:42.828;109;3,5
2026-03-19T12:24:43.308;110;3,6
2026-03-19T12:24:45.227;111;3,6
2026-03-19T12:24:46.189;111;3,4
2026-03-19T12:24:46.665;110;3,8
2026-03-19T12:24:48.109;109;3,8
2026-03-19T12:24:48.587;108;3,9
2026-03-19T12:24:49.533;108;3,6
2026-03-19T12:24:50.509;108;3,8
2026-03-19T12:24:51.453;108;3,9
2026-03-19T12:24:52.430;109;3,8
2026-03-19T12:24:53.375;110;3,9
2026-03-19T12:24:55.295;111;3,9
2026-03-19T12:24:55.298;112;3,9
2026-03-19T12:24:56.750;112;3,6
2026-03-19T12:24:57.710;112;3,3
2026-03-19T12:24:58.666;112;3,5
2026-03-19T12:24:59.627;112;3,7
2026-03-19T12:25:01.055;110;3,8
2026-03-19T12:25:01.546;109;4,4
2026-03-19T12:25:03.469;107;5,3
2026-03-19T12:25:03.472;105;5,2
2026-03-19T12:25:04.911;104;5,2
2026-03-19T12:25:05.864;104;5,5
2026-03-19T12:25:06.338;104;5,5
2026-03-19T12:25:07.308;104;5,4
2026-03-19T12:25:08.267;105;5,3
2026-03-19T12:25:09.714;105;5,2
2026-03-19T12:25:10.665;105;5,2
2026-03-19T12:25:11.626;105;5,2
2026-03-19T12:25:12.588;105;5,3
2026-03-19T12:25:13.548;105;5,4
2026-03-19T12:25:14.985;106;5,5
2026-03-19T12:25:15.948;106;5,2
2026-03-19T12:25:16.428;106;6,6
2026-03-19T12:25:17.376;104;6,9
2026-03-19T12:25:19.309;102;6,7
2026-03-19T12:25:19.311;101;5,7
2026-03-19T12:25:20.749;100;5,7
2026-03-19T12:25:21.708;101;5,8
2026-03-19T12:25:22.666;101;5,7
2026-03-19T12:25:23.625;102;5,8
2026-03-19T12:25:25.056;103;6,1
2026-03-19T12:25:26.028;105;6,2
2026-03-19T12:25:26.987;106;6,2
2026-03-19T12:25:27.466;106;6,2
2026-03-19T12:25:28.412;106;6,3
2026-03-19T12:25:29.388;105;6,3
2026-03-19T12:25:30.349;105;6,2
2026-03-19T12:25:31.309;105;6,1
2026-03-19T12:25:32.251;105;6,2
2026-03-19T12:25:34.170;106;4,7
2026-03-19T12:25:35.149;107;4,1
2026-03-19T12:25:35.626;107;4,0
2026-03-19T12:25:37.068;107;4,1
2026-03-19T12:25:37.549;106;4,3
2026-03-19T12:25:38.988;105;4,1
2026-03-19T12:25:39.467;105;3,9
2026-03-19T12:25:40.427;105;3,7
2026-03-19T12:25:41.865;105;3,5
2026-03-19T12:25:42.349;106;3,9
2026-03-19T12:25:43.309;107;4,0
2026-03-19T12:25:44.269;108;3,8
2026-03-19T12:25:45.707;108;3,8
2026-03-19T12:25:46.666;108;3,7
2026-03-19T12:25:47.628;109;3,7
2026-03-19T12:25:48.587;108;3,8
2026-03-19T12:25:50.028;107;4,1
2026-03-19T12:25:51.469;106;4,2
2026-03-19T12:25:51.948;104;4,2
2026-03-19T12:25:52.427;104;4,2
2026-03-19T12:25:54.349;104;4,1
2026-03-19T12:25:54.352;105;4,0
2026-03-19T12:25:55.308;105;4,1
2026-03-19T12:25:56.270;106;4,1
2026-03-19T12:25:58.188;106;3,9
2026-03-19T12:25:58.654;105;3,6
2026-03-19T12:25:59.627;105;3,5
2026-03-19T12:26:01.069;105;3,4
2026-03-19T12:26:02.029;105;3,5
2026-03-19T12:26:02.509;106;3,6
2026-03-19T12:26:03.470;106;3,7
2026-03-19T12:26:04.910;107;3,7
2026-03-19T12:26:05.387;107;3,0
2026-03-19T12:26:07.308;107;2,8
2026-03-19T12:26:07.311;107;2,6
2026-03-19T12:26:08.268;107;2,6
2026-03-19T12:26:09.709;106;2,5
2026-03-19T12:26:10.665;106;2,1
2026-03-19T12:26:12.589;107;2,1
2026-03-19T12:26:12.592;107;2,1
2026-03-19T12:26:13.546;108;2,1
2026-03-19T12:26:15.469;108;2,2
2026-03-19T12:26:15.472;109;2,3
2026-03-19T12:26:16.427;109;2,3
2026-03-19T12:26:17.388;108;3,6
2026-03-19T12:26:18.827;107;3,7
2026-03-19T12:26:19.308;104;7,4
2026-03-19T12:26:20.269;99;9,3
2026-03-19T12:26:21.713;97;9,3
2026-03-19T12:26:22.651;96;9,5
2026-03-19T12:26:23.627;97;10,5
2026-03-19T12:26:24.572;97;10,7
2026-03-19T12:26:25.549;99;10,8
2026-03-19T12:26:27.470;100;10,8
2026-03-19T12:26:27.472;101;10,8
2026-03-19T12:26:28.910;101;10,8
2026-03-19T12:26:29.850;102;10,8
2026-03-19T12:26:30.348;101;10,8
2026-03-19T12:26:31.309;101;10,9
2026-03-19T12:26:32.269;100;10,9
2026-03-19T12:26:33.714;99;10,9
2026-03-19T12:26:34.668;98;10,8
2026-03-19T12:26:35.612;98;10,5
2026-03-19T12:26:36.590;98;9,5
2026-03-19T12:26:37.539;98;6,2
2026-03-19T12:26:38.508;98;6,1
2026-03-19T12:26:39.459;99;6,2
2026-03-19T12:26:41.377;99;4,2
2026-03-19T12:26:41.379;99;3,7
2026-03-19T12:26:42.348;99;3,1
2026-03-19T12:26:43.296;99;2,7
2026-03-19T12:26:44.269;99;2,6
2026-03-19T12:26:45.713;99;2,7
2026-03-19T12:26:46.651;98;2,6
2026-03-19T12:26:47.626;98;2,6
2026-03-19T12:26:48.590;98;2,4
2026-03-19T12:26:49.549;98;2,3
2026-03-19T12:26:51.469;99;2,0
2026-03-19T12:26:51.472;99;2,0
2026-03-19T12:26:52.427;100;2,1
2026-03-19T12:26:53.388;100;3,0
2026-03-19T12:26:54.349;101;3,0
2026-03-19T12:26:55.308;101;3,1
2026-03-19T12:26:56.269;100;4,0
2026-03-19T12:26:57.710;99;4,7
2026-03-19T12:26:58.667;98;4,9
2026-03-19T12:26:59.627;97;4,9
2026-03-19T12:27:00.589;97;5,0
2026-03-19T12:27:01.549;97;5,4
2026-03-19T12:27:02.509;99;6,0
2026-03-19T12:27:03.470;100;6,2
2026-03-19T12:27:04.428;101;6,2
2026-03-19T12:27:05.855;101;6,4
2026-03-19T12:27:06.826;100;6,9
2026-03-19T12:27:07.307;98;7,4
2026-03-19T12:27:09.230;97;7,4
2026-03-19T12:27:09.709;97;7,4
2026-03-19T12:27:10.668;96;7,4
2026-03-19T12:27:11.628;97;7,4
2026-03-19T12:27:12.588;98;7,7
2026-03-19T12:27:14.029;99;7,6
2026-03-19T12:27:15.470;101;7,0
2026-03-19T12:27:15.949;102;6,9
2026-03-19T12:27:16.908;102;6,9
2026-03-19T12:27:17.867;102;7,1
2026-03-19T12:27:18.347;101;7,2
2026-03-19T12:27:20.270;100;6,6
2026-03-19T12:27:20.273;100;6,2
2026-03-19T12:27:21.710;100;6,3
2026-03-19T12:27:22.653;100;6,3
2026-03-19T12:27:23.628;102;6,2
2026-03-19T12:27:24.590;103;5,5
2026-03-19T12:27:26.990;104;5,5
2026-03-19T12:27:26.992;104;5,6
2026-03-19T12:27:27.946;104;5,8
2026-03-19T12:27:28.909;103;5,4
2026-03-19T12:27:29.866;103;4,9
2026-03-19T12:27:30.349;103;4,8
2026-03-19T12:27:32.268;103;4,6
2026-03-19T12:27:32.272;103;4,6
2026-03-19T12:27:33.710;103;4,6
2026-03-19T12:27:34.668;103;4,1
2026-03-19T12:27:36.110;103;3,9
2026-03-19T12:27:37.068;103;4,0
2026-03-19T12:27:37.536;102;4,2
2026-03-19T12:27:38.990;101;4,1
2026-03-19T12:27:39.468;100;4,0
2026-03-19T12:27:40.912;100;3,1
2026-03-19T12:27:41.869;100;3,1
2026-03-19T12:27:42.347;101;3,3
2026-03-19T12:27:43.308;101;3,2
2026-03-19T12:27:44.270;102;2,8
2026-03-19T12:27:45.712;102;2,7
2026-03-19T12:27:47.630;101;4,1
2026-03-19T12:27:47.632;100;4,1
2026-03-19T12:27:48.590;99;4,7
2026-03-19T12:27:49.550;98;4,8
2026-03-19T12:27:50.509;97;4,8
2026-03-19T12:27:52.429;97;4,8
2026-03-19T12:27:52.432;97;5,5
2026-03-19T12:27:53.389;98;5,6
2026-03-19T12:27:54.350;98;5,6
2026-03-19T12:27:55.310;99;5,4
2026-03-19T12:27:56.748;99;5,4
2026-03-19T12:27:59.150;98;5,5
2026-03-19T12:27:59.152;98;5,5
2026-03-19T12:28:00.109;98;5,5
2026-03-19T12:28:00.588;98;5,4
2026-03-19T12:28:01.536;99;5,7
2026-03-19T12:28:02.509;99;5,7
2026-03-19T12:28:03.453;100;5,7
2026-03-19T12:28:04.910;100;4,9
2026-03-19T12:28:05.377;99;5,5
2026-03-19T12:28:07.310;98;7,1
2026-03-19T12:28:07.313;96;7,2
2026-03-19T12:28:09.215;95;7,2
2026-03-19T12:28:09.711;94;7,2
2026-03-19T12:28:10.657;94;6,9
2026-03-19T12:28:12.110;94;6,8
2026-03-19T12:28:13.550;94;6,8
2026-03-19T12:28:13.552;94;6,8
2026-03-19T12:28:14.991;94;6,8
2026-03-19T12:28:16.911;94;6,8
2026-03-19T12:28:16.914;95;6,8
2026-03-19T12:28:17.868;95;6,7
2026-03-19T12:28:19.310;94;6,6
2026-03-19T12:28:20.268;94;6,5
2026-03-19T12:28:20.271;95;6,3
2026-03-19T12:28:22.190;95;6,4
2026-03-19T12:28:22.669;96;6,6
2026-03-19T12:28:24.110;98;6,5
2026-03-19T12:28:24.576;99;4,3
2026-03-19T12:28:25.551;100;3,9
2026-03-19T12:28:27.949;100;4,0
2026-03-19T12:28:31.311;99;5,6
2026-03-19T12:28:31.315;98;5,4
2026-03-19T12:28:31.316;97;5,7
2026-03-19T12:28:31.319;96;5,7
2026-03-19T12:28:31.320;96;5,6
2026-03-19T12:28:33.230;96;5,6
2026-03-19T12:28:35.150;97;6,6
2026-03-19T12:28:38.029;98;6,6
2026-03-19T12:28:38.032;99;6,6
2026-03-19T12:28:38.033;98;6,6
2026-03-19T12:28:38.036;97;8,0
2026-03-19T12:28:38.509;96;8,3
2026-03-19T12:28:39.470;95;8,2
2026-03-19T12:28:40.417;94;8,1
2026-03-19T12:28:41.389;94;8,0
2026-03-19T12:28:42.828;95;8,4
2026-03-19T12:28:43.310;96;8,6
2026-03-19T12:28:44.268;97;8,5
2026-03-19T12:28:45.711;97;7,6
2026-03-19T12:28:46.668;97;7,8
2026-03-19T12:28:47.629;96;7,8
2026-03-19T12:28:49.071;95;7,9
2026-03-19T12:28:49.549;95;7,9
2026-03-19T12:28:50.511;95;7,9
2026-03-19T12:28:51.470;95;7,4
2026-03-19T12:28:52.430;96;7,2
2026-03-19T12:28:53.390;96;7,2
2026-03-19T12:28:54.348;96;7,2
2026-03-19T12:28:55.297;96;5,8
2026-03-19T12:28:56.270;96;5,4
2026-03-19T12:28:57.710;95;5,5
2026-03-19T12:28:58.670;95;5,5
2026-03-19T12:28:59.628;95;5,4
2026-03-19T12:29:00.590;95;4,9
2026-03-19T12:29:01.550;96;4,6
2026-03-19T12:29:02.511;97;5,2
2026-03-19T12:29:03.464;98;5,2
2026-03-19T12:29:04.429;98;5,0
2026-03-19T12:29:05.390;98;4,8
2026-03-19T12:29:06.346;97;4,8
2026-03-19T12:29:07.310;97;4,8
2026-03-19T12:29:08.271;97;4,8
2026-03-19T12:29:09.710;97;5,2
2026-03-19T12:29:10.668;98;5,2
2026-03-19T12:29:11.628;99;5,3
2026-03-19T12:29:13.070;100;5,2
2026-03-19T12:29:13.549;100;5,2
2026-03-19T12:29:14.511;99;5,2
2026-03-19T12:29:15.470;99;5,4
2026-03-19T12:29:17.392;98;5,4
2026-03-19T12:29:17.395;98;5,3
2026-03-19T12:29:18.349;98;5,0
2026-03-19T12:29:19.311;99;4,6
2026-03-19T12:29:21.230;100;4,8
2026-03-19T12:29:22.189;100;4,8
2026-03-19T12:29:22.667;99;5,1
2026-03-19T12:29:23.629;98;5,9
2026-03-19T12:29:24.591;97;6,1
2026-03-19T12:29:26.029;96;6,2
2026-03-19T12:29:27.471;95;6,2
2026-03-19T12:29:27.474;94;5,9
2026-03-19T12:29:28.904;95;6,3
2026-03-19T12:29:29.389;96;6,6
2026-03-19T12:29:30.350;96;6,6
2026-03-19T12:29:31.309;97;6,5
2026-03-19T12:29:32.271;96;6,6
2026-03-19T12:29:33.711;96;6,5
2026-03-19T12:29:34.655;95;6,6
2026-03-19T12:29:36.102;95;6,7
2026-03-19T12:29:37.070;95;6,5
2026-03-19T12:29:37.551;96;6,9
2026-03-19T12:29:38.510;96;7,1
2026-03-19T12:29:40.414;98;7,2
2026-03-19T12:29:40.416;99;6,9
2026-03-19T12:29:43.310;99;6,1
2026-03-19T12:29:43.313;98;6,3
2026-03-19T12:29:44.749;98;6,2
2026-03-19T12:29:44.752;97;6,2
2026-03-19T12:29:46.190;97;6,1
2026-03-19T12:29:47.147;97;5,6
2026-03-19T12:29:47.630;97;5,2
2026-03-19T12:29:50.512;99;6,3
2026-03-19T12:29:50.515;100;6,6
2026-03-19T12:29:50.517;101;6,9
2026-03-19T12:29:51.471;103;6,6
2026-03-19T12:29:53.869;105;6,7
2026-03-19T12:29:54.816;107;6,7
2026-03-19T12:29:54.818;108;6,2
2026-03-19T12:29:55.310;109;5,9
2026-03-19T12:29:57.711;110;5,8
2026-03-19T12:29:57.713;110;5,8
2026-03-19T12:30:01.533;111;5,7
2026-03-19T12:30:01.536;111;5,2
2026-03-19T12:30:02.973;111;5,2
2026-03-19T12:30:02.976;111;5,2
2026-03-19T12:30:02.978;112;5,4
2026-03-19T12:30:03.453;113;4,3
2026-03-19T12:30:04.413;114;4,2
2026-03-19T12:30:07.295;115;2,8
2026-03-19T12:30:07.297;115;2,8
2026-03-19T12:30:07.300;115;2,5
2026-03-19T12:30:08.750;115;2,4
2026-03-19T12:30:10.669;115;2,3
2026-03-19T12:30:10.672;115;2,2
2026-03-19T12:30:11.623;115;2,1
2026-03-19T12:30:12.578;115;2,2
2026-03-19T12:30:14.031;116;2,3
2026-03-19T12:30:16.431;116;2,4
2026-03-19T12:30:16.434;117;2,3
2026-03-19T12:30:16.908;117;2,3
2026-03-19T12:30:18.351;116;1,8
2026-03-19T12:30:18.354;116;1,6
2026-03-19T12:30:19.310;116;1,6
2026-03-19T12:30:20.272;116;1,7
2026-03-19T12:30:25.553;116;1,7
2026-03-19T12:30:25.556;117;1,8
2026-03-19T12:30:25.558;118;1,8
2026-03-19T12:30:25.561;118;2,0
2026-03-19T12:30:25.562;118;2,0
2026-03-19T12:30:27.472;119;2,0
2026-03-19T12:30:27.475;119;1,7
2026-03-19T12:30:28.431;120;1,8
2026-03-19T12:30:29.871;120;1,7
2026-03-19T12:30:30.830;121;1,7
2026-03-19T12:30:31.312;121;1,7
2026-03-19T12:30:32.269;121;1,7
2026-03-19T12:30:33.695;121;1,7
2026-03-19T12:30:34.670;121;1,6
2026-03-19T12:30:35.615;121;1,6
2026-03-19T12:30:36.591;121;1,4
2026-03-19T12:30:37.538;121;1,2
2026-03-19T12:30:38.512;120;1,4
2026-03-19T12:30:39.454;120;1,2
2026-03-19T12:30:40.914;120;1,2
2026-03-19T12:30:42.352;120;1,4
2026-03-19T12:30:42.355;120;1,3
2026-03-19T12:30:43.313;120;1,3
2026-03-19T12:30:44.271;120;1,4
2026-03-19T12:30:45.710;119;1,6
2026-03-19T12:30:46.669;118;1,8
2026-03-19T12:30:47.627;118;1,7
2026-03-19T12:30:48.590;118;1,9
2026-03-19T12:30:49.548;118;1,8
2026-03-19T12:30:51.472;118;1,8
2026-03-19T12:30:51.476;118;2,1
2026-03-19T12:30:52.431;119;2,1
2026-03-19T12:30:53.869;119;1,9
2026-03-19T12:30:54.334;119;2,0
2026-03-19T12:30:55.312;119;2,0
2026-03-19T12:30:56.256;119;2,1
2026-03-19T12:30:57.712;118;2,5
2026-03-19T12:30:58.667;116;2,7
2026-03-19T12:30:59.629;115;2,7
2026-03-19T12:31:01.551;114;2,6
2026-03-19T12:31:01.554;114;2,5
2026-03-19T12:31:02.510;114;2,5
2026-03-19T12:31:03.950;112;3,2
2026-03-19T12:31:04.914;111;3,8
2026-03-19T12:31:05.389;110;3,9
2026-03-19T12:31:07.294;107;4,3
2026-03-19T12:31:07.297;106;4,3
2026-03-19T12:31:08.753;105;4,3
2026-03-19T12:31:10.668;104;4,3
2026-03-19T12:31:10.670;104;4,4
2026-03-19T12:31:12.589;105;4,9
2026-03-19T12:31:14.973;106;4,9
2026-03-19T12:31:15.468;106;4,6
2026-03-19T12:31:15.950;106;4,9
2026-03-19T12:31:16.429;106;5,0
2026-03-19T12:31:17.870;104;5,5
2026-03-19T12:31:17.872;103;5,5
2026-03-19T12:31:19.792;102;5,6
2026-03-19T12:31:19.796;102;5,5
2026-03-19T12:31:20.269;102;5,4
2026-03-19T12:31:21.712;101;5,0
2026-03-19T12:31:23.151;101;5,0
2026-03-19T12:31:24.591;100;4,6
2026-03-19T12:31:24.593;99;5,0
2026-03-19T12:31:27.470;99;5,2
2026-03-19T12:31:27.473;98;5,3
2026-03-19T12:31:27.935;98;5,4
2026-03-19T12:31:29.858;98;5,0
2026-03-19T12:31:30.829;99;5,1
2026-03-19T12:31:30.832;100;5,5
2026-03-19T12:31:32.257;101;5,5
2026-03-19T12:31:32.261;101;5,5
2026-03-19T12:31:33.709;100;5,8
2026-03-19T12:31:35.152;99;5,8
2026-03-19T12:31:36.592;97;6,9
2026-03-19T12:31:36.595;96;6,8
2026-03-19T12:31:37.552;95;6,9
2026-03-19T12:31:38.512;96;7,4
2026-03-19T12:31:39.470;97;7,5
2026-03-19T12:31:40.901;99;8,9
2026-03-19T12:31:41.869;101;8,7
2026-03-19T12:31:42.351;101;9,0
2026-03-19T12:31:43.309;100;9,6
2026-03-19T12:31:44.273;96;12,7
2026-03-19T12:31:45.711;94;13,1
2026-03-19T12:31:46.657;91;14,3
2026-03-19T12:31:48.592;90;14,8
2026-03-19T12:31:49.068;90;15,9
2026-03-19T12:31:50.033;92;17,2
2026-03-19T12:31:50.511;94;17,5
2026-03-19T12:31:51.470;96;17,4
2026-03-19T12:31:52.429;97;17,1
2026-03-19T12:31:53.868;97;16,9
2026-03-19T12:31:54.352;97;17,2
2026-03-19T12:31:55.311;96;17,2
2026-03-19T12:31:56.269;96;16,9
2026-03-19T12:31:57.706;96;16,9
2026-03-19T12:31:58.669;96;16,5
2026-03-19T12:32:00.112;96;16,2
2026-03-19T12:32:00.591;97;16,0
2026-03-19T12:32:01.549;97;15,6
2026-03-19T12:32:02.993;97;13,2
2026-03-19T12:32:03.453;96;12,8
2026-03-19T12:32:04.432;95;11,5
2026-03-19T12:32:05.392;95;11,5
2026-03-19T12:32:07.792;94;8,9
2026-03-19T12:32:07.794;94;8,8
2026-03-19T12:32:08.271;93;5,4
2026-03-19T12:32:09.712;93;5,1
2026-03-19T12:32:11.151;94;5,3
2026-03-19T12:32:12.113;96;5,1
2026-03-19T12:32:13.070;96;5,1
2026-03-19T12:32:13.534;96;5,2
2026-03-19T12:32:14.494;97;5,1
2026-03-19T12:32:16.412;97;5,0
2026-03-19T12:32:16.905;97;5,0
2026-03-19T12:32:19.301;97;5,1
2026-03-19T12:32:20.259;97;5,3
2026-03-19T12:32:20.262;98;5,3
2026-03-19T12:32:21.700;98;5,4
2026-03-19T12:32:22.656;100;5,2
2026-03-19T12:32:22.657;100;5,4
2026-03-19T12:32:23.618;102;5,5
2026-03-19T12:32:24.574;102;5,5
2026-03-19T12:32:27.456;103;5,4
2026-03-19T12:32:27.951;102;5,6
2026-03-19T12:32:28.893;102;5,9
2026-03-19T12:32:28.895;100;5,5
2026-03-19T12:32:30.348;98;5,7
2026-03-19T12:32:32.748;97;5,7
2026-03-19T12:32:32.751;96;5,6
2026-03-19T12:32:32.754;96;6,2
2026-03-19T12:32:35.151;97;6,3
2026-03-19T12:32:35.629;98;6,6
2026-03-19T12:32:35.631;99;6,3
2026-03-19T12:32:37.060;99;6,3
2026-03-19T12:32:37.537;100;6,2
2026-03-19T12:32:38.513;100;6,3
2026-03-19T12:32:40.420;100;6,1
2026-03-19T12:32:40.422;100;5,9
2026-03-19T12:32:41.392;100;5,8
2026-03-19T12:32:42.349;100;5,8
2026-03-19T12:32:43.312;100;5,7
2026-03-19T12:32:44.748;100;5,7
2026-03-19T12:32:46.179;100;5,2
2026-03-19T12:32:46.672;98;6,0
2026-03-19T12:32:49.551;97;5,9
2026-03-19T12:32:49.554;96;5,9
2026-03-19T12:32:49.556;96;5,8
2026-03-19T12:32:50.497;96;5,9
2026-03-19T12:32:51.455;98;6,1
2026-03-19T12:32:52.911;100;6,6
2026-03-19T12:32:53.391;100;6,6
2026-03-19T12:32:54.829;101;6,7
2026-03-19T12:32:55.311;100;6,9
2026-03-19T12:32:56.255;99;7,4
2026-03-19T12:32:57.710;98;7,5
2026-03-19T12:32:58.656;97;7,5
2026-03-19T12:33:00.095;97;7,6
2026-03-19T12:33:00.590;97;8,0
2026-03-19T12:33:01.534;98;8,0
2026-03-19T12:33:02.980;99;8,1
2026-03-19T12:33:03.456;99;7,9
2026-03-19T12:33:04.430;99;6,9
2026-03-19T12:33:05.378;98;7,2
2026-03-19T12:33:07.297;98;7,4
2026-03-19T12:33:07.301;96;7,6
2026-03-19T12:33:08.270;95;7,3
2026-03-19T12:33:09.697;94;6,7
2026-03-19T12:33:10.670;94;6,5
2026-03-19T12:33:12.577;95;7,3
2026-03-19T12:33:13.058;97;8,2
2026-03-19T12:33:13.552;98;7,8
2026-03-19T12:33:14.496;100;7,7
2026-03-19T12:33:15.454;101;7,6
2026-03-19T12:33:16.914;102;23,5
2026-03-19T12:33:17.870;102;31,3
2026-03-19T12:33:18.337;103;31,3
2026-03-19T12:33:19.303;103;31,3
2026-03-19T12:33:21.215;104;31,3
2026-03-19T12:33:22.652;105;31,3
2026-03-19T12:33:22.655;106;31,2
2026-03-19T12:33:23.628;107;31,2
2026-03-19T12:33:25.060;108;31,1
2026-03-19T12:33:26.020;108;31,1
2026-03-19T12:33:26.978;108;31,0
2026-03-19T12:33:27.454;109;30,9
2026-03-19T12:33:28.432;109;30,6
2026-03-19T12:33:29.379;110;30,6
2026-03-19T12:33:30.338;110;30,6
2026-03-19T12:33:31.310;111;30,6
2026-03-19T12:33:33.712;111;21,0
2026-03-19T12:33:33.717;111;2,7
2026-03-19T12:33:34.669;111;2,5
2026-03-19T12:33:35.627;111;2,3
2026-03-19T12:33:36.575;111;2,3
2026-03-19T12:33:37.537;111;1,9
2026-03-19T12:33:38.512;111;1,8
2026-03-19T12:33:39.460;112;1,8
2026-03-19T12:33:41.855;112;1,9
2026-03-19T12:33:41.856;113;1,9
2026-03-19T12:33:42.351;113;1,8
2026-03-19T12:33:43.310;113;1,8
2026-03-19T12:33:45.235;113;1,7
2026-03-19T12:33:45.708;113;1,6
2026-03-19T12:33:46.656;113;1,5
2026-03-19T12:33:47.618;113;1,6
2026-03-19T12:33:48.575;114;1,7
2026-03-19T12:33:49.538;114;1,5
2026-03-19T12:33:50.501;114;1,7
2026-03-19T12:33:51.472;114;1,8
2026-03-19T12:33:52.432;114;1,8
2026-03-19T12:33:53.870;114;1,7
2026-03-19T12:33:54.832;114;1,7
2026-03-19T12:33:55.294;114;1,7
2026-03-19T12:33:56.752;115;1,7
2026-03-19T12:33:58.174;115;1,7
2026-03-19T12:33:58.655;116;1,9
2026-03-19T12:33:59.612;117;1,9
2026-03-19T12:34:00.576;117;1,9
2026-03-19T12:34:01.533;117;2,3
2026-03-19T12:34:02.974;116;2,2
2026-03-19T12:34:03.953;116;2,2
2026-03-19T12:34:05.859;116;2,4
2026-03-19T12:34:05.861;117;2,3
2026-03-19T12:34:06.818;117;2,3
2026-03-19T12:34:07.294;117;2,3
2026-03-19T12:34:08.273;117;2,4
2026-03-19T12:34:10.182;116;2,6
2026-03-19T12:34:10.670;115;2,7
2026-03-19T12:34:11.631;113;3,0
2026-03-19T12:34:13.058;112;3,2
2026-03-19T12:34:14.513;111;3,2
2026-03-19T12:34:14.516;111;3,2
2026-03-19T12:34:15.472;111;3,3
2026-03-19T12:34:16.431;111;3,3
2026-03-19T12:34:17.376;110;3,3
2026-03-19T12:34:18.354;109;3,5
2026-03-19T12:34:19.311;108;3,7
2026-03-19T12:34:20.271;107;3,6
2026-03-19T12:34:21.716;106;4,3
2026-03-19T12:34:22.671;104;4,4
2026-03-19T12:34:23.614;104;4,4
2026-03-19T12:34:24.578;102;5,0
2026-03-19T12:34:25.540;101;4,9
2026-03-19T12:34:26.512;101;4,8
2026-03-19T12:34:27.458;102;5,1
2026-03-19T12:34:28.430;102;4,9
2026-03-19T12:34:29.870;101;4,9
2026-03-19T12:34:30.352;101;5,1
2026-03-19T12:34:32.270;100;5,2
2026-03-19T12:34:32.272;99;5,2
2026-03-19T12:34:33.713;99;5,1
2026-03-19T12:34:35.142;99;5,0
2026-03-19T12:34:36.579;99;5,0
2026-03-19T12:34:36.582;100;5,6
2026-03-19T12:34:37.552;102;5,7
2026-03-19T12:34:38.511;103;5,2
2026-03-19T12:34:39.471;103;5,2
2026-03-19T12:34:41.869;104;5,0
2026-03-19T12:34:41.871;104;4,4
2026-03-19T12:34:43.313;104;4,4
2026-03-19T12:34:44.271;103;4,5
2026-03-19T12:34:44.274;103;4,0
2026-03-19T12:34:45.712;103;4,0
2026-03-19T12:34:46.656;103;4,0
2026-03-19T12:34:48.097;103;4,0
2026-03-19T12:34:48.581;104;3,7
2026-03-19T12:34:50.017;104;3,7
2026-03-19T12:34:50.494;104;3,7
2026-03-19T12:34:51.951;104;3,7
2026-03-19T12:34:52.414;104;3,6
2026-03-19T12:34:53.870;104;2,5
2026-03-19T12:34:54.340;105;1,9
2026-03-19T12:34:55.302;104;2,1
2026-03-19T12:34:56.735;104;2,2
2026-03-19T12:34:57.705;103;2,3
2026-03-19T12:34:58.658;103;2,4
2026-03-19T12:34:59.620;102;2,4
2026-03-19T12:35:00.586;103;2,3
2026-03-19T12:35:02.497;103;2,6
2026-03-19T12:35:02.500;104;2,6
2026-03-19T12:35:03.455;104;2,6
2026-03-19T12:35:05.392;104;2,6
2026-03-19T12:35:05.397;105;2,5
2026-03-19T12:35:06.353;104;2,7
2026-03-19T12:35:07.776;103;2,8
2026-03-19T12:35:08.256;102;3,1
2026-03-19T12:35:09.699;101;3,3
2026-03-19T12:35:11.135;101;3,5
2026-03-19T12:35:13.061;102;4,1
2026-03-19T12:35:13.552;103;4,1
2026-03-19T12:35:13.554;104;4,3
2026-03-19T12:35:15.934;105;4,4
2026-03-19T12:35:18.335;107;4,4
2026-03-19T12:35:18.337;107;4,3
2026-03-19T12:35:18.339;106;4,6
2026-03-19T12:35:18.341;105;4,8
2026-03-19T12:35:19.791;104;5,0
2026-03-19T12:35:20.269;103;5,1
2026-03-19T12:35:21.215;103;5,1
2026-03-19T12:35:22.653;103;5,3
2026-03-19T12:35:23.614;103;5,2
2026-03-19T12:35:24.576;104;5,5
2026-03-19T12:35:26.501;105;5,6
2026-03-19T12:35:26.505;106;5,5
2026-03-19T12:35:27.457;106;5,3
2026-03-19T12:35:28.416;106;4,9
2026-03-19T12:35:29.375;105;5,5
2026-03-19T12:35:31.295;104;5,5
2026-03-19T12:35:32.257;102;6,1
2026-03-19T12:35:32.260;101;6,1
2026-03-19T12:35:33.714;100;6,1
2026-03-19T12:35:34.653;101;6,0
2026-03-19T12:35:35.617;102;6,1
2026-03-19T12:35:36.591;102;5,9
2026-03-19T12:35:37.535;103;5,9
2026-03-19T12:35:38.497;102;6,5
2026-03-19T12:35:39.459;101;7,0
2026-03-19T12:35:41.392;100;7,2
2026-03-19T12:35:41.395;98;6,9
2026-03-19T12:35:42.334;98;6,9
2026-03-19T12:35:43.295;98;7,0
2026-03-19T12:35:44.273;98;7,1
2026-03-19T12:35:45.698;99;7,1
2026-03-19T12:35:46.656;100;7,1
2026-03-19T12:35:47.618;101;7,0
2026-03-19T12:35:49.538;102;6,3
2026-03-19T12:35:49.540;103;6,3
2026-03-19T12:35:50.502;103;6,3
2026-03-19T12:35:52.418;103;6,2
2026-03-19T12:35:52.420;102;6,1
2026-03-19T12:35:54.817;102;5,9
2026-03-19T12:35:54.820;102;5,9
2026-03-19T12:35:55.303;102;5,2
2026-03-19T12:35:56.272;102;4,6
2026-03-19T12:35:57.704;103;3,9
2026-03-19T12:35:58.653;103;3,9
2026-03-19T12:35:59.614;103;3,9
2026-03-19T12:36:00.577;102;3,6
2026-03-19T12:36:01.535;102;3,7
2026-03-19T12:36:02.494;101;3,6
2026-03-19T12:36:03.456;101;3,0
2026-03-19T12:36:04.894;101;2,7
2026-03-19T12:36:05.854;101;2,7
2026-03-19T12:36:06.342;101;3,1
2026-03-19T12:36:07.294;100;3,2
2026-03-19T12:36:08.256;99;3,5
2026-03-19T12:36:09.703;98;3,9
2026-03-19T12:36:10.653;97;3,8
2026-03-19T12:36:11.614;97;4,1
2026-03-19T12:36:12.575;98;4,3
2026-03-19T12:36:13.533;98;5,3
2026-03-19T12:36:14.499;100;5,3
2026-03-19T12:36:15.460;100;5,5
2026-03-19T12:36:16.413;99;6,2
2026-03-19T12:36:17.374;97;7,2
2026-03-19T12:36:18.336;96;7,2
2026-03-19T12:36:19.312;96;7,2
2026-03-19T12:36:20.259;97;8,2
2026-03-19T12:36:21.710;99;9,0
2026-03-19T12:36:23.134;100;9,1
2026-03-19T12:36:23.615;103;9,2
2026-03-19T12:36:26.033;104;9,0
2026-03-19T12:36:26.035;103;9,3
2026-03-19T12:36:26.976;102;9,8
2026-03-19T12:36:27.454;101;9,8
2026-03-19T12:36:28.432;99;10,0
2026-03-19T12:36:29.378;98;9,8
2026-03-19T12:36:30.336;98;9,8
2026-03-19T12:36:31.300;98;9,6
2026-03-19T12:36:32.258;99;9,6
2026-03-19T12:36:33.710;99;9,6
2026-03-19T12:36:34.671;98;9,5
2026-03-19T12:36:35.620;96;10,5
2026-03-19T12:36:36.578;95;10,7
2026-03-19T12:36:38.017;92;11,3
2026-03-19T12:36:39.456;91;11,2
2026-03-19T12:36:39.459;90;11,0
2026-03-19T12:36:40.414;90;10,4
2026-03-19T12:36:42.338;91;10,4
2026-03-19T12:36:42.341;92;11,8
2026-03-19T12:36:44.256;93;11,9
2026-03-19T12:36:44.735;95;11,7
2026-03-19T12:36:45.696;96;12,1
2026-03-19T12:36:46.656;96;12,0
2026-03-19T12:36:47.621;95;12,1
2026-03-19T12:36:48.575;95;12,1
2026-03-19T12:36:49.536;95;11,8
2026-03-19T12:36:50.495;95;12,0
2026-03-19T12:36:51.454;95;12,0
2026-03-19T12:36:52.414;96;11,7
2026-03-19T12:36:53.866;97;10,6
2026-03-19T12:36:54.337;98;10,4
2026-03-19T12:36:55.300;99;9,9
2026-03-19T12:36:56.257;101;9,9
2026-03-19T12:36:57.699;101;9,4
2026-03-19T12:36:58.654;102;9,2
2026-03-19T12:36:59.618;102;7,8
2026-03-19T12:37:00.574;102;7,4
2026-03-19T12:37:01.535;101;6,8
2026-03-19T12:37:02.500;100;6,9
2026-03-19T12:37:03.458;100;5,2
2026-03-19T12:37:04.418;100;5,0
2026-03-19T12:37:05.383;100;4,8
2026-03-19T12:37:07.309;100;4,8
2026-03-19T12:37:07.311;99;4,8
2026-03-19T12:37:08.742;100;4,6
2026-03-19T12:37:09.217;101;4,9
2026-03-19T12:37:10.653;101;4,8
2026-03-19T12:37:11.614;102;3,9
2026-03-19T12:37:12.574;104;3,9
2026-03-19T12:37:13.536;106;4,3
2026-03-19T12:37:14.513;107;4,3
2026-03-19T12:37:15.473;109;4,4
2026-03-19T12:37:17.374;109;4,4
2026-03-19T12:37:17.377;110;4,2
2026-03-19T12:37:18.353;110;4,1
2026-03-19T12:37:19.313;110;4,2
2026-03-19T12:37:20.273;109;4,3
2026-03-19T12:37:21.705;109;4,3
2026-03-19T12:37:22.669;109;4,2
2026-03-19T12:37:24.593;108;4,3
2026-03-19T12:37:24.596;108;4,1
2026-03-19T12:37:26.513;109;3,8
2026-03-19T12:37:26.516;109;3,8
2026-03-19T12:37:27.471;109;3,5
2026-03-19T12:37:28.894;109;3,5
2026-03-19T12:37:29.394;108;2,4
2026-03-19T12:37:31.313;107;2,8
2026-03-19T12:37:31.315;107;2,7
2026-03-19T12:37:32.273;107;3,0
2026-03-19T12:37:33.715;108;3,4
2026-03-19T12:37:35.154;109;3,4
2026-03-19T12:37:36.096;109;3,3
2026-03-19T12:37:37.073;110;3,2
2026-03-19T12:37:37.552;110;3,2
2026-03-19T12:37:38.512;110;3,2
2026-03-19T12:37:39.474;110;3,1
2026-03-19T12:37:40.914;109;3,2
2026-03-19T12:37:42.354;109;3,1
2026-03-19T12:37:42.358;109;3,2
2026-03-19T12:37:43.314;109;3,1
2026-03-19T12:37:44.273;109;3,0
2026-03-19T12:37:45.233;110;2,9
2026-03-19T12:37:46.671;109;2,6
2026-03-19T12:37:47.618;109;2,6
2026-03-19T12:37:48.592;108;2,8
2026-03-19T12:37:49.550;107;2,8
2026-03-19T12:37:51.952;106;3,0
2026-03-19T12:37:51.954;105;3,0
2026-03-19T12:37:52.896;105;3,0
2026-03-19T12:37:53.871;105;3,3
2026-03-19T12:37:54.816;105;3,3
2026-03-19T12:37:55.311;106;3,3
2026-03-19T12:37:56.735;105;3,3
2026-03-19T12:37:57.233;105;3,3
2026-03-19T12:37:58.654;104;3,2
2026-03-19T12:37:59.631;104;3,2
2026-03-19T12:38:01.553;104;3,4
2026-03-19T12:38:02.511;105;3,5
2026-03-19T12:38:02.514;106;3,6
2026-03-19T12:38:03.935;107;3,7
2026-03-19T12:38:04.912;107;3,7
2026-03-19T12:38:05.391;108;2,8
2026-03-19T12:38:06.831;108;2,6
2026-03-19T12:38:07.312;108;2,7
2026-03-19T12:38:09.234;108;3,1
2026-03-19T12:38:09.237;108;3,5
2026-03-19T12:38:10.670;108;3,9
2026-03-19T12:38:12.102;108;4,3
2026-03-19T12:38:12.581;108;4,3
2026-03-19T12:38:13.535;108;4,3
2026-03-19T12:38:14.976;109;4,3
2026-03-19T12:38:15.454;109;4,4
2026-03-19T12:38:16.432;110;4,4
2026-03-19T12:38:18.354;110;4,3
2026-03-19T12:38:18.357;111;4,2
2026-03-19T12:38:19.313;110;4,3
2026-03-19T12:38:20.273;110;4,4
2026-03-19T12:38:21.717;108;4,9
2026-03-19T12:38:22.655;107;5,0
2026-03-19T12:38:23.629;106;5,0
2026-03-19T12:38:24.575;106;5,0
2026-03-19T12:38:25.553;106;4,8
2026-03-19T12:38:26.514;106;4,2
2026-03-19T12:38:29.869;107;3,7
2026-03-19T12:38:29.871;107;3,7
2026-03-19T12:38:29.872;107;3,7
2026-03-19T12:38:30.353;107;3,8
2026-03-19T12:38:31.314;107;3,7
2026-03-19T12:38:32.274;107;3,6
2026-03-19T12:38:33.234;106;3,6
2026-03-19T12:38:34.672;107;3,7
2026-03-19T12:38:36.114;107;3,7
2026-03-19T12:38:36.590;108;3,6
2026-03-19T12:38:38.514;109;2,8
2026-03-19T12:38:38.518;109;2,6
2026-03-19T12:38:39.473;109;2,6
2026-03-19T12:38:40.915;109;2,6
2026-03-19T12:38:41.393;109;2,2
2026-03-19T12:38:43.300;108;2,9
2026-03-19T12:38:43.780;108;2,9
2026-03-19T12:38:44.272;108;2,9
2026-03-19T12:38:45.241;108;3,0
2026-03-19T12:38:46.672;108;2,8
2026-03-19T12:38:47.621;107;2,8
2026-03-19T12:38:48.576;106;3,5
2026-03-19T12:38:49.555;105;3,5
2026-03-19T12:38:50.503;104;3,7
2026-03-19T12:38:51.473;104;3,6
2026-03-19T12:38:52.433;103;3,6
2026-03-19T12:38:53.871;103;3,8
2026-03-19T12:38:54.338;104;3,8
2026-03-19T12:38:55.314;105;4,5
2026-03-19T12:38:56.258;107;4,7
2026-03-19T12:38:57.234;108;5,0
2026-03-19T12:38:58.672;109;5,0
2026-03-19T12:38:59.632;111;4,8
2026-03-19T12:39:01.074;112;4,7
2026-03-19T12:39:01.554;113;4,9
2026-03-19T12:39:02.513;114;4,8
2026-03-19T12:39:03.474;115;4,9
2026-03-19T12:39:06.832;115;4,4
2026-03-19T12:39:06.835;115;4,4
2026-03-19T12:39:07.314;115;4,2
2026-03-19T12:39:07.316;114;4,2
2026-03-19T12:39:09.234;113;4,4
2026-03-19T12:39:09.237;112;4,7
2026-03-19T12:39:10.672;110;4,6
2026-03-19T12:39:12.594;110;3,6
2026-03-19T12:39:13.555;110;3,7
2026-03-19T12:39:13.558;110;3,4
2026-03-19T12:39:14.995;110;3,3
2026-03-19T12:39:15.954;110;3,3
2026-03-19T12:39:16.433;109;3,3
2026-03-19T12:39:18.354;109;3,7
2026-03-19T12:39:18.831;107;3,9
2026-03-19T12:39:19.314;106;3,9
2026-03-19T12:39:20.274;106;3,9
2026-03-19T12:39:21.235;107;4,2
2026-03-19T12:39:22.671;107;4,2
2026-03-19T12:39:23.631;108;4,5
2026-03-19T12:39:24.594;109;4,3
2026-03-19T12:39:25.554;110;3,8
2026-03-19T12:39:26.513;111;3,8
2026-03-19T12:39:27.954;111;3,8
2026-03-19T12:39:28.914;111;3,8
2026-03-19T12:39:29.391;111;3,7
2026-03-19T12:39:30.353;110;3,7
2026-03-19T12:39:32.275;111;3,7
2026-03-19T12:39:32.753;111;3,5
2026-03-19T12:39:33.234;111;2,8
2026-03-19T12:39:34.673;110;2,9
2026-03-19T12:39:36.114;110;3,0
2026-03-19T12:39:37.075;110;2,9
2026-03-19T12:39:37.554;110;2,5
2026-03-19T12:39:38.979;110;2,4
2026-03-19T12:39:40.434;109;2,1
2026-03-19T12:39:40.437;108;2,1
2026-03-19T12:39:42.355;108;2,1
2026-03-19T12:39:43.801;107;2,4
2026-03-19T12:39:43.804;106;2,9
2026-03-19T12:39:44.751;105;2,9
2026-03-19T12:39:45.714;104;2,7
2026-03-19T12:39:46.672;104;2,7
2026-03-19T12:39:48.114;104;2,8
2026-03-19T12:39:48.580;103;3,0
2026-03-19T12:39:49.558;102;3,0
2026-03-19T12:39:53.394;100;4,9
2026-03-19T12:39:53.396;98;6,4
2026-03-19T12:39:54.354;95;8,2
2026-03-19T12:39:54.831;93;8,3
2026-03-19T12:39:54.834;91;8,3
2026-03-19T12:39:56.274;90;8,3
2026-03-19T12:39:56.277;90;8,8
2026-03-19T12:39:57.234;90;8,8
2026-03-19T12:39:59.154;90;8,8
2026-03-19T12:39:59.619;89;11,0
2026-03-19T12:40:00.593;87;11,4
2026-03-19T12:40:01.551;87;11,7
2026-03-19T12:40:02.514;85;11,8
2026-03-19T12:40:03.472;85;11,9
2026-03-19T12:40:04.433;85;12,0
2026-03-19T12:40:05.871;86;12,3
2026-03-19T12:40:07.311;86;12,7
2026-03-19T12:40:07.314;87;12,7
2026-03-19T12:40:08.273;87;12,7
2026-03-19T12:40:09.233;87;12,6
2026-03-19T12:40:10.667;86;15,9
2026-03-19T12:40:12.114;84;15,6
2026-03-19T12:40:12.592;84
2026-03-19T12:40:13.555;79;18,7
2026-03-19T12:40:14.992;79
2026-03-19T12:40:15.474;80;18,7
2026-03-19T12:40:16.431;80;18,5
2026-03-19T12:40:17.872;81;19,0
2026-03-19T12:40:18.830;82;19,1
2026-03-19T12:40:20.754;83;18,3
2026-03-19T12:40:21.233;84;18,1
2026-03-19T12:40:21.717;86;18,0
2026-03-19T12:40:23.620;87;17,9
2026-03-19T12:40:25.076;88;17,7
2026-03-19T12:40:25.078;88;17,7
2026-03-19T12:40:25.552;89;17,2
2026-03-19T12:40:26.511;89;17,2
2026-03-19T12:40:27.457;89;17,5
2026-03-19T12:40:29.380;88;17,5
2026-03-19T12:40:29.383;88;17,7
2026-03-19T12:40:30.834;88;16,6
2026-03-19T12:40:32.275;88;14,2
2026-03-19T12:40:32.277;89;12,4
2026-03-19T12:40:33.220;89;10,3
2026-03-19T12:40:34.674;90;9,1
2026-03-19T12:40:35.633;90;9,3
2026-03-19T12:40:37.067;89;12,1
2026-03-19T12:40:37.552;87;14,1
2026-03-19T12:40:38.515;83;18,2
2026-03-19T12:40:39.476;82;17,9
2026-03-19T12:40:40.435;82;20,5
2026-03-19T12:40:42.353;83;21,9
2026-03-19T12:40:42.356;84;21,9
2026-03-19T12:40:43.314;84;21,9
2026-03-19T12:40:44.257;84;21,9
2026-03-19T12:40:45.714;84;22,2
2026-03-19T12:40:46.672;84;22,2
2026-03-19T12:40:47.630;84;22,0
2026-03-19T12:40:48.591;84;22,1
2026-03-19T12:40:49.554;84;22,0
2026-03-19T12:40:50.995;85;22,1
2026-03-19T12:40:51.470;85;21,8
2026-03-19T12:40:52.435;86;21,8
2026-03-19T12:40:53.393;86;21,7
2026-03-19T12:40:54.355;86;21,7
2026-03-19T12:40:55.313;87;21,7
2026-03-19T12:40:56.259;87;20,2
2026-03-19T12:40:57.221;87;18,9
2026-03-19T12:40:58.657;87;14,0
2026-03-19T12:40:59.632;87;14,0
2026-03-19T12:41:01.057;87;9,5
2026-03-19T12:41:02.502;87;5,5
2026-03-19T12:41:02.506;88;5,8
2026-03-19T12:41:03.475;89;5,9
2026-03-19T12:41:04.915;89;4,7
2026-03-19T12:41:05.873;89;4,7
2026-03-19T12:41:07.297;89;5,8
2026-03-19T12:41:07.300;88;6,9
2026-03-19T12:41:08.754;87;6,9
2026-03-19T12:41:09.700;86;6,6
2026-03-19T12:41:10.673;85;6,3
2026-03-19T12:41:11.621;85;6,6
2026-03-19T12:41:12.595;85;6,4
2026-03-19T12:41:13.555;85;6,5
2026-03-19T12:41:14.514;85;6,5
2026-03-19T12:41:15.475;85;6,8
2026-03-19T12:41:17.872;84;8,1
2026-03-19T12:41:17.874;83;9,2
2026-03-19T12:41:20.757;82;9,2
2026-03-19T12:41:20.759;82;9,4
2026-03-19T12:41:20.760;81;9,5
2026-03-19T12:41:22.196;82;10,3
2026-03-19T12:41:22.657;82;10,5
2026-03-19T12:41:24.115;83;10,7
2026-03-19T12:41:24.576;83;10,7
2026-03-19T12:41:26.035;84;10,6
2026-03-19T12:41:26.496;84;10,7
2026-03-19T12:41:28.435;84;10,2
2026-03-19T12:41:28.437;84;9,5
2026-03-19T12:41:31.795;84;9,7
2026-03-19T12:41:31.798;85;9,7
2026-03-19T12:41:32.750;85;9,7
2026-03-19T12:41:32.751;86;9,7
2026-03-19T12:41:33.230;87;9,7
2026-03-19T12:41:34.670;87;9,6
2026-03-19T12:41:36.112;87;9,9
2026-03-19T12:41:37.073;84;15,5
2026-03-19T12:41:38.032;83;14,8
2026-03-19T12:41:38.514;82;14,2
2026-03-19T12:41:39.461;81;15,0
2026-03-19T12:41:40.432;81;15,0
2026-03-19T12:41:41.395;82;15,2
2026-03-19T12:41:42.354;82;15,2
2026-03-19T12:41:43.794;84;15,3
2026-03-19T12:41:44.273;84;15,3
2026-03-19T12:41:45.222;85;15,3
2026-03-19T12:41:46.673;86;15,3
2026-03-19T12:41:47.634;86;15,3
2026-03-19T12:41:48.591;86;15,3
2026-03-19T12:41:49.555;86;15,3
2026-03-19T12:41:50.515;86;15,2
2026-03-19T12:41:52.435;86;15,2
2026-03-19T12:41:52.914;86;15,1
2026-03-19T12:41:54.354;86;15,1
2026-03-19T12:41:54.357;86;15,1
2026-03-19T12:41:55.313;86;15,3
2026-03-19T12:41:56.276;87;9,7
2026-03-19T12:41:57.219;88;9,7
2026-03-19T12:41:59.153;88;9,7
2026-03-19T12:42:00.113;88;8,4
2026-03-19T12:42:01.072;88;8,4
2026-03-19T12:42:01.553;87;7,5
2026-03-19T12:42:02.994;87;7,3
2026-03-19T12:42:03.956;87;6,2
2026-03-19T12:42:04.916;87;6,1
2026-03-19T12:42:05.873;86;6,3
2026-03-19T12:42:07.796;85;7,0
2026-03-19T12:42:07.798;85;7,0
2026-03-19T12:42:08.259;84;7,1
2026-03-19T12:42:09.235;83;7,1
2026-03-19T12:42:12.102;83;7,1
2026-03-19T12:42:12.105;83;7,1
2026-03-19T12:42:12.592;82;7,1
2026-03-19T12:42:13.555;82;7,1
2026-03-19T12:42:14.515;83;7,7
2026-03-19T12:42:16.433;83;7,7
2026-03-19T12:42:16.436;84;7,5
2026-03-19T12:42:17.396;85;7,6
2026-03-19T12:42:18.833;86;7,6
2026-03-19T12:42:19.301;85;9,0
2026-03-19T12:42:20.756;85;12,9
2026-03-19T12:42:21.218;84;12,5
2026-03-19T12:42:27.475;84;14,0
2026-03-19T12:42:27.476;84
2026-03-19T12:42:27.476;84
2026-03-19T12:42:27.477;84
2026-03-19T12:42:27.477;84
2026-03-19T12:42:27.477;84
2026-03-19T12:42:29.393;84
2026-03-19T12:42:29.396;84
2026-03-19T12:42:33.715;84
2026-03-19T12:42:34.192;84
2026-03-19T12:42:34.193;0
2026-03-19T12:42:34.193;0
2026-03-19T12:42:36.593;0
2026-03-19T12:42:36.594;0
2026-03-19T12:42:36.595;0;14,2
2026-03-19T12:42:38.978;0
2026-03-19T12:42:38.978;0
2026-03-19T12:42:39.937;0
2026-03-19T12:42:40.418;0
2026-03-19T12:42:42.340;0
2026-03-19T12:42:42.341;0
2026-03-19T12:42:43.793;0;14,2
2026-03-19T12:42:45.716;0
2026-03-19T12:42:46.178;0
2026-03-19T12:42:46.672;0
2026-03-19T12:42:47.631;0
2026-03-19T12:42:48.593;0
2026-03-19T12:42:49.553;0
2026-03-19T12:42:50.514;0
2026-03-19T12:42:51.455;0
2026-03-19T12:42:52.434;85;14,2
2026-03-19T12:42:53.394;0
2026-03-19T12:42:54.354;0
2026-03-19T12:42:55.301;0;14,0
2026-03-19T12:42:56.273;0;1007,3
2026-03-19T12:42:57.225;86;1190,9
2026-03-19T12:42:58.673;86
2026-03-19T12:42:59.633;86
2026-03-19T12:43:01.553;86
2026-03-19T12:43:01.555;87;1190,9
2026-03-19T12:43:02.514;87
2026-03-19T12:43:05.872;87
2026-03-19T12:43:06.353;87
2026-03-19T12:43:07.794;87;1190,9
2026-03-19T12:43:07.795;87
2026-03-19T12:43:07.797;87;1190,9
2026-03-19T12:43:08.754;87
2026-03-19T12:43:09.233;87;1190,9
2026-03-19T12:43:10.673;87
2026-03-19T12:43:12.597;86;1203,0
2026-03-19T12:43:12.598;86
2026-03-19T12:43:13.554;85;1212,7
2026-03-19T12:43:14.513;85
2026-03-19T12:43:15.475;84;1222,4
2026-03-19T12:43:16.433;84
2026-03-19T12:43:17.394;84
2026-03-19T12:43:18.353;84
2026-03-19T12:43:19.789;84
2026-03-19T12:43:20.273;84
2026-03-19T12:43:21.218;83;1222,4
2026-03-19T12:43:24.114;83
2026-03-19T12:43:24.116;83;1222,4
2026-03-19T12:43:24.591;82;1222,4
2026-03-19T12:43:26.033;82
2026-03-19T12:43:26.512;82
2026-03-19T12:43:27.474;82
2026-03-19T12:43:29.393;82
2026-03-19T12:43:29.394;82
2026-03-19T12:43:30.357;82;1222,5
2026-03-19T12:43:31.781;82;1230,3
2026-03-19T12:43:32.274;82
2026-03-19T12:43:33.234;82
2026-03-19T12:43:34.673;82
2026-03-19T12:43:35.624;82
2026-03-19T12:43:36.595;82
2026-03-19T12:43:37.553;82
2026-03-19T12:43:38.516;82;1231,3
2026-03-19T12:43:39.462;82
2026-03-19T12:43:40.434;82
2026-03-19T12:43:41.395;81;1231,3
2026-03-19T12:43:42.832;81
2026-03-19T12:43:43.314;81;1231,3
2026-03-19T12:43:44.273;81
2026-03-19T12:43:45.233;81
2026-03-19T12:43:46.657;81
2026-03-19T12:43:47.633;81
2026-03-19T12:43:48.579;81
2026-03-19T12:43:49.554;81
2026-03-19T12:43:51.475;81
2026-03-19T12:43:51.476;81
2026-03-19T12:43:52.432;81
2026-03-19T12:43:53.392;0
2026-03-19T12:43:54.832;0
2026-03-19T12:43:55.313;0
2026-03-19T12:43:56.275;0;1263,8
2026-03-19T12:43:57.232;0
2026-03-19T12:43:58.655;0
2026-03-19T12:44:00.096;0
2026-03-19T12:44:00.576;0
2026-03-19T12:44:01.554;0
2026-03-19T12:44:02.512;0
2026-03-19T12:44:03.455;0
2026-03-19T12:44:04.415;0
