Phone timestamp;HR [bpm];HRV [ms];Breathing interval [rpm];
2026-03-23T18:24:18.678;170;4,3
2026-03-23T18:24:19.151;169;4,3
2026-03-23T18:24:20.098;169;2,9
2026-03-23T18:24:21.072;168;2,7
2026-03-23T18:24:22.509;168;1,2
2026-03-23T18:24:23.471;168;1,1
2026-03-23T18:24:24.428;167;1,1
2026-03-23T18:24:25.872;167;1,0
2026-03-23T18:24:26.352;166;1,0
2026-03-23T18:24:27.293;166;1,0
2026-03-23T18:24:28.273;165;1,2
2026-03-23T18:24:29.232;165;1,1
2026-03-23T18:24:30.192;164;1,2
2026-03-23T18:24:31.631;164;1,2
2026-03-23T18:24:32.112;164;1,2
2026-03-23T18:24:33.072;163;1,2
2026-03-23T18:24:34.514;164;1,2
2026-03-23T18:24:35.474;164;1,2
2026-03-23T18:24:36.431;164;1,4
2026-03-23T18:24:37.392;165;1,4
2026-03-23T18:24:38.353;166;1,3
2026-03-23T18:24:39.310;166;1,3
2026-03-23T18:24:40.741;166;1,1
2026-03-23T18:24:41.232;166;1,0
2026-03-23T18:24:42.177;166;1,0
2026-03-23T18:24:44.592;166;1,0
2026-03-23T18:24:44.597;165;1,0
2026-03-23T18:24:45.552;165;1,4
2026-03-23T18:24:46.016;164;1,4
2026-03-23T18:24:47.472;162;1,4
2026-03-23T18:24:48.438;161;1,4
2026-03-23T18:24:49.393;159;1,7
2026-03-23T18:24:50.351;158;1,7
2026-03-23T18:24:51.780;156;1,7
2026-03-23T18:24:53.231;156;1,8
2026-03-23T18:24:53.235;156;1,8
2026-03-23T18:24:54.192;156;1,8
2026-03-23T18:24:55.154;158;1,9
2026-03-23T18:24:56.112;158;1,7
2026-03-23T18:24:57.073;159;1,7
2026-03-23T18:25:01.873;160;1,7
2026-03-23T18:25:01.877;161;1,8
2026-03-23T18:25:01.880;161;1,9
2026-03-23T18:25:01.883;162;1,9
2026-03-23T18:25:03.793;162;1,9
2026-03-23T18:25:03.798;163;1,9
2026-03-23T18:25:04.269;163;2,0
2026-03-23T18:25:08.111;163;2,0
2026-03-23T18:25:08.115;164;1,8
2026-03-23T18:25:08.118;164;1,8
2026-03-23T18:25:08.120;164;1,7
2026-03-23T18:25:09.075;164;1,7
2026-03-23T18:25:10.995;164;1,6
2026-03-23T18:25:13.855;165;1,3
2026-03-23T18:25:13.857;165;1,3
2026-03-23T18:25:13.861;165;1,3
2026-03-23T18:25:15.314;166;1,2
2026-03-23T18:25:15.318;166;1,1
2026-03-23T18:25:16.273;166;1,1
2026-03-23T18:25:17.232;166;1,2
2026-03-23T18:25:18.191;166;1,2
2026-03-23T18:25:20.592;167;1,2
2026-03-23T18:25:20.596;167;1,1
2026-03-23T18:25:21.536;167;1,1
2026-03-23T18:25:24.434;167;1,0
2026-03-23T18:25:24.438;167;1,0
2026-03-23T18:25:24.441;167;0,9
2026-03-23T18:25:25.872;168;1,1
2026-03-23T18:25:27.792;167;1,1
2026-03-23T18:25:27.795;167;1,3
2026-03-23T18:25:28.274;167;1,1
2026-03-23T18:25:29.711;167;1,1
2026-03-23T18:25:31.633;166;1,1
2026-03-23T18:25:33.054;166;1,1
2026-03-23T18:25:33.058;166;1,1
2026-03-23T18:25:33.061;166;1,1
2026-03-23T18:25:34.032;167;1,1
2026-03-23T18:25:37.392;167;1,1
2026-03-23T18:25:37.396;167;1,0
2026-03-23T18:25:37.399;166;1,0
2026-03-23T18:25:38.338;166;0,7
2026-03-23T18:25:42.180;167;0,7
2026-03-23T18:25:42.182;167;0,7
2026-03-23T18:25:42.185;167;1,4
2026-03-23T18:25:42.188;168;1,6
2026-03-23T18:25:43.152;168;1,6
2026-03-23T18:25:44.590;168;1,7
2026-03-23T18:25:45.535;168;2,2
2026-03-23T18:25:46.032;169;2,5
2026-03-23T18:25:47.463;169;2,7
2026-03-23T18:25:48.433;169;2,7
2026-03-23T18:25:49.381;169;2,7
2026-03-23T18:25:50.352;168;2,7
2026-03-23T18:25:52.274;168;2,5
2026-03-23T18:25:52.278;168;2,3
2026-03-23T18:25:53.220;167;2,3
2026-03-23T18:25:54.192;167;2,2
2026-03-23T18:25:55.138;167;1,8
2026-03-23T18:25:56.592;166;1,6
2026-03-23T18:25:57.553;166;1,1
2026-03-23T18:25:58.032;165;1,1
2026-03-23T18:25:59.472;165;1,2
2026-03-23T18:26:01.383;165;1,3
2026-03-23T18:26:01.387;164;1,4
2026-03-23T18:26:02.334;164;1,5
2026-03-23T18:26:03.292;164;1,7
2026-03-23T18:26:04.262;164;2,3
2026-03-23T18:26:05.233;163;2,4
2026-03-23T18:26:06.173;163;2,4
2026-03-23T18:26:08.102;163;2,3
2026-03-23T18:26:08.106;163;2,3
2026-03-23T18:26:09.055;163;2,3
2026-03-23T18:26:10.018;163;2,2
2026-03-23T18:26:11.953;163;2,1
2026-03-23T18:26:12.912;163;2,0
2026-03-23T18:26:13.372;163;1,9
2026-03-23T18:26:14.353;163;1,6
2026-03-23T18:26:15.313;162;0,9
2026-03-23T18:26:16.748;162;0,8
2026-03-23T18:26:18.193;161;0,8
2026-03-23T18:26:18.197;160;1,0
2026-03-23T18:26:19.134;159;1,1
2026-03-23T18:26:20.114;157;1,3
2026-03-23T18:26:21.072;156;1,3
2026-03-23T18:26:22.033;155;1,3
2026-03-23T18:26:23.952;155;1,3
2026-03-23T18:26:25.388;155;1,2
2026-03-23T18:26:25.390;155;1,3
2026-03-23T18:26:26.335;156;1,4
2026-03-23T18:26:27.313;156;1,4
2026-03-23T18:26:28.274;157;1,4
2026-03-23T18:26:30.194;157;1,2
2026-03-23T18:26:30.198;157;1,1
2026-03-23T18:26:31.151;157;1,2
2026-03-23T18:26:33.549;158;1,5
2026-03-23T18:26:33.549;159;1,5
2026-03-23T18:26:34.015;160;1,5
2026-03-23T18:26:35.470;160;1,5
2026-03-23T18:26:36.428;160;1,6
2026-03-23T18:26:39.792;160;1,7
2026-03-23T18:26:39.795;160;1,7
2026-03-23T18:26:39.798;160;97,2
2026-03-23T18:26:40.752;160;97,2
2026-03-23T18:26:41.229;160;97,2
2026-03-23T18:26:43.633;161;97,2
2026-03-23T18:26:43.637;161;97,2
2026-03-23T18:26:44.111;161;97,2
2026-03-23T18:26:47.475;161;97,2
2026-03-23T18:26:47.478;161;97,2
2026-03-23T18:26:47.480;161;97,2
2026-03-23T18:26:48.898;161;97,2
2026-03-23T18:26:49.393;162;97,2
2026-03-23T18:26:52.734;162;68,7
2026-03-23T18:26:52.737;162;1,2
2026-03-23T18:26:52.740;162;1,2
2026-03-23T18:26:54.189;162;1,2
2026-03-23T18:26:54.191;161;1,4
2026-03-23T18:26:58.031;160;1,4
2026-03-23T18:26:58.032;160;1,4
2026-03-23T18:26:58.034;160;0,9
2026-03-23T18:26:58.035;159;0,8
2026-03-23T18:26:59.470;159;0,8
2026-03-23T18:27:00.433;159;0,8
2026-03-23T18:27:02.837;159;0,8
2026-03-23T18:27:03.789;159
2026-03-23T18:27:03.793;159;0,8
2026-03-23T18:27:09.553;159;1,0
2026-03-23T18:27:09.557;159;1,0
2026-03-23T18:27:09.560;158;0,9
2026-03-23T18:27:09.564;158;0,9
2026-03-23T18:27:11.939;158;0,9
2026-03-23T18:27:11.943;157;0,9
2026-03-23T18:27:11.946;157;0,9
2026-03-23T18:27:12.424;157;0,9
2026-03-23T18:27:12.427;157;1,1
2026-03-23T18:27:17.711;157;1,1
2026-03-23T18:27:17.713;157;1,1
2026-03-23T18:27:18.192;157;1,0
2026-03-23T18:27:19.633;156;1,0
2026-03-23T18:27:20.113;156;1,0
2026-03-23T18:27:20.114;156;1,0
2026-03-23T18:27:20.117;156;1,1
2026-03-23T18:27:20.120;156;1,2
2026-03-23T18:27:21.071;156;1,1
2026-03-23T18:27:22.019;156;1,3
2026-03-23T18:27:25.874;156;1,3
2026-03-23T18:27:26.336;156;1,1
2026-03-23T18:27:26.338;156;1,1
2026-03-23T18:27:27.315;156;1,1
2026-03-23T18:27:27.318;156;1,0
2026-03-23T18:27:28.753;156;1,0
2026-03-23T18:27:29.232;156;1,0
2026-03-23T18:27:30.175;156;0,9
2026-03-23T18:27:32.594;156;0,9
2026-03-23T18:27:32.597;157;0,9
2026-03-23T18:27:33.553;157;1,1
2026-03-23T18:27:36.432;158;1,0
2026-03-23T18:27:36.437;158;1,3
2026-03-23T18:27:36.439;159;1,5
2026-03-23T18:27:39.314;159;2,1
2026-03-23T18:27:39.317;159;2,1
2026-03-23T18:27:39.320;159;2,1
2026-03-23T18:27:40.754;159;2,1
2026-03-23T18:27:41.214;159;2,1
2026-03-23T18:27:43.138;159;2,2
2026-03-23T18:27:43.143;159;2,2
2026-03-23T18:27:44.112;159;2,1
2026-03-23T18:27:45.057;159;2,1
2026-03-23T18:27:46.034;158;1,9
2026-03-23T18:27:47.472;158;1,8
2026-03-23T18:27:48.433;157;1,1
2026-03-23T18:27:49.393;157;1,1
2026-03-23T18:27:50.833;157;1,1
2026-03-23T18:27:52.275;156;1,0
2026-03-23T18:27:52.278;156;1,1
2026-03-23T18:27:53.712;155;0,8
2026-03-23T18:27:54.671;155;0,8
2026-03-23T18:27:55.634;155;0,8
2026-03-23T18:27:56.113;154;0,8
2026-03-23T18:27:57.073;154;0,7
2026-03-23T18:27:58.016;154;0,7
2026-03-23T18:27:59.476;155;0,9
2026-03-23T18:28:00.432;154;0,8
2026-03-23T18:28:01.393;154;0,8
2026-03-23T18:28:02.353;153;0,9
2026-03-23T18:28:03.313;154;1,0
2026-03-23T18:28:04.273;153;1,0
2026-03-23T18:28:05.234;153;1,0
2026-03-23T18:28:06.195;154;1,0
2026-03-23T18:28:08.101;153;1,0
2026-03-23T18:28:08.105;153;1,2
2026-03-23T18:28:10.033;152;1,2
2026-03-23T18:28:10.036;152;1,2
2026-03-23T18:28:11.954;152;1,2
2026-03-23T18:28:12.432;151;1,3
2026-03-23T18:28:13.393;149;1,3
2026-03-23T18:28:14.353;148;1,3
2026-03-23T18:28:15.795;149;1,3
2026-03-23T18:28:16.273;150;1,3
2026-03-23T18:28:18.175;151;1,3
2026-03-23T18:28:19.620;151;1,3
2026-03-23T18:28:20.100;152;1,3
2026-03-23T18:28:20.578;152;1,1
2026-03-23T18:28:21.079;152;1,1
2026-03-23T18:28:22.511;152;1,1
2026-03-23T18:28:23.473;152;1,1
2026-03-23T18:28:24.430;152;1,1
2026-03-23T18:28:25.391;153;1,0
2026-03-23T18:28:27.313;152;0,9
2026-03-23T18:28:27.315;152;0,9
2026-03-23T18:28:28.273;152;0,9
2026-03-23T18:28:30.192;152;1,0
2026-03-23T18:28:30.196;153;1,0
2026-03-23T18:28:31.154;153;1,1
2026-03-23T18:28:32.592;153;1,0
2026-03-23T18:28:33.540;153;1,0
2026-03-23T18:28:34.032;153;1,0
2026-03-23T18:28:35.466;154;1,2
2026-03-23T18:28:36.897;154;1,1
2026-03-23T18:28:38.818;154;1,6
2026-03-23T18:28:38.820;154
2026-03-23T18:28:39.314;156;1,6
2026-03-23T18:28:40.738;156;1,5
2026-03-23T18:28:41.232;156;1,5
2026-03-23T18:28:42.656;157;1,4
2026-03-23T18:28:47.476;157;1,4
2026-03-23T18:28:48.434;157;1,5
2026-03-23T18:28:48.437;158;1,5
2026-03-23T18:28:48.439;158;1,5
2026-03-23T18:28:48.441;158;1,6
2026-03-23T18:28:48.444;158;1,2
2026-03-23T18:28:49.393;158;1,1
2026-03-23T18:28:50.352;159;1,1
2026-03-23T18:28:52.273;159;1,1
2026-03-23T18:28:52.276;159;1,1
2026-03-23T18:28:53.233;160;1,1
2026-03-23T18:28:54.190;160;1,3
2026-03-23T18:28:55.154;160;1,2
2026-03-23T18:29:01.383;160;1,4
2026-03-23T18:29:01.874;159;1,3
2026-03-23T18:29:02.352;159;1,2
2026-03-23T18:29:02.356;159;1,1
2026-03-23T18:29:02.832;159;1,1
2026-03-23T18:29:02.835;159;1,0
2026-03-23T18:29:02.838;159;1,1
2026-03-23T18:29:03.311;159;1,1
2026-03-23T18:29:04.273;159;1,0
2026-03-23T18:29:06.194;158;1,2
2026-03-23T18:29:06.673;158;1,2
2026-03-23T18:29:08.593;157;1,3
2026-03-23T18:29:08.596;158;1,3
2026-03-23T18:29:09.072;158;1,2
2026-03-23T18:29:10.034;158;1,2
2026-03-23T18:29:11.474;159;1,6
2026-03-23T18:29:12.913;158;1,6
2026-03-23T18:29:14.835;159;2,2
2026-03-23T18:29:14.838;159;2,2
2026-03-23T18:29:16.271;159;2,4
2026-03-23T18:29:16.276;159;2,2
2026-03-23T18:29:17.707;159;2,2
2026-03-23T18:29:18.189;159;2,2
2026-03-23T18:29:19.154;159;2,1
2026-03-23T18:29:20.124;160;2,1
2026-03-23T18:29:21.538;159;2,1
2026-03-23T18:29:22.033;160;2,3
2026-03-23T18:29:23.456;160;2,4
2026-03-23T18:29:25.380;161;2,2
2026-03-23T18:29:25.384;161;1,5
2026-03-23T18:29:27.793;162;1,5
2026-03-23T18:29:27.797;162;1,3
2026-03-23T18:29:28.274;163;1,3
2026-03-23T18:29:30.184;163;1,3
2026-03-23T18:29:30.188;163;1,2
2026-03-23T18:29:31.635;163;1,2
2026-03-23T18:29:32.113;164;1,2
2026-03-23T18:29:33.554;164;0,7
2026-03-23T18:29:34.993;164;0,6
2026-03-23T18:29:35.474;163;0,7
2026-03-23T18:29:36.437;163;0,7
2026-03-23T18:29:37.393;163;0,6
2026-03-23T18:29:38.338;163;0,6
2026-03-23T18:29:39.794;164;0,6
2026-03-23T18:29:41.234;164;0,6
2026-03-23T18:29:41.239;164;0,6
2026-03-23T18:29:42.670;164;0,6
2026-03-23T18:29:44.098;164;0,6
2026-03-23T18:29:44.589;164;0,6
2026-03-23T18:29:45.549;164;0,7
2026-03-23T18:29:46.029;164;0,7
2026-03-23T18:29:48.430;164;0,6
2026-03-23T18:29:48.432;164;0,6
2026-03-23T18:29:49.376;164;0,7
2026-03-23T18:29:50.354;165;0,9
2026-03-23T18:29:51.794;164;0,8
2026-03-23T18:29:53.235;165;1,0
2026-03-23T18:29:53.238;165;1,0
2026-03-23T18:29:55.137;165;1,0
2026-03-23T18:29:55.141;165;1,1
2026-03-23T18:29:56.595;166;1,1
2026-03-23T18:29:57.059;165;1,1
2026-03-23T18:29:58.033;166;1,3
2026-03-23T18:29:59.953;165;1,3
2026-03-23T18:30:00.898;166;1,4
2026-03-23T18:30:01.394;165;1,3
2026-03-23T18:30:02.354;165;1,1
2026-03-23T18:30:03.315;165;1,1
2026-03-23T18:30:04.275;165;1,1
2026-03-23T18:30:05.234;164;1,1
2026-03-23T18:30:06.195;164;1,1
2026-03-23T18:30:08.102;163;1,1
2026-03-23T18:30:08.107;163;0,9
2026-03-23T18:30:09.073;162;0,9
2026-03-23T18:30:10.035;162;0,9
2026-03-23T18:30:11.479;162;0,8
2026-03-23T18:30:12.433;162;0,8
2026-03-23T18:30:13.395;161;0,9
2026-03-23T18:30:14.354;161;0,9
2026-03-23T18:30:15.315;161;0,9
2026-03-23T18:30:16.275;161;1,0
2026-03-23T18:30:17.234;161;0,9
2026-03-23T18:30:18.192;160;0,9
2026-03-23T18:30:19.137;160;1,0
2026-03-23T18:30:20.594;160;1,0
2026-03-23T18:30:21.074;160;1,1
2026-03-23T18:30:22.034;159;1,1
2026-03-23T18:30:23.954;159;1,0
2026-03-23T18:30:24.440;159;1,0
2026-03-23T18:30:25.383;159;1,0
2026-03-23T18:30:26.356;158;1,1
2026-03-23T18:30:27.795;158;1,0
2026-03-23T18:30:29.236;158;1,1
2026-03-23T18:30:29.239;158;1,4
2026-03-23T18:30:30.195;157;1,3
2026-03-23T18:30:31.155;157;1,3
2026-03-23T18:30:33.074;157;1,2
2026-03-23T18:30:33.557;157;1,2
2026-03-23T18:30:34.513;157;1,2
2026-03-23T18:30:35.474;157;1,2
2026-03-23T18:30:36.434;157;1,3
2026-03-23T18:30:37.394;157;1,3
2026-03-23T18:30:38.836;157;1,3
2026-03-23T18:30:39.315;157;1,3
2026-03-23T18:30:40.275;157;0,9
2026-03-23T18:30:42.674;157;0,9
2026-03-23T18:30:43.620;157;0,9
2026-03-23T18:30:43.624;157;0,9
2026-03-23T18:30:45.539;156;1,0
2026-03-23T18:30:45.541;155;1,2
2026-03-23T18:30:47.459;154;1,1
2026-03-23T18:30:47.460;153;1,2
2026-03-23T18:30:48.434;152;1,4
2026-03-23T18:30:49.378;151;1,4
2026-03-23T18:30:50.354;150;1,4
2026-03-23T18:30:51.794;149;1,4
2026-03-23T18:30:52.753;149;1,4
2026-03-23T18:30:53.235;149;1,3
2026-03-23T18:30:54.195;149;1,4
2026-03-23T18:30:55.155;150;1,6
2026-03-23T18:30:57.075;150;1,7
2026-03-23T18:30:58.501;150;1,7
2026-03-23T18:30:59.465;150;1,6
2026-03-23T18:30:59.468;150;1,9
2026-03-23T18:31:00.916;151;1,8
2026-03-23T18:31:01.392;151;1,8
2026-03-23T18:31:02.344;151;1,9
2026-03-23T18:31:03.293;151;1,9
2026-03-23T18:31:04.274;152;1,9
2026-03-23T18:31:05.712;152;2,0
2026-03-23T18:31:06.184;152;1,9
2026-03-23T18:31:08.104;151;1,8
2026-03-23T18:31:08.108;150;1,6
2026-03-23T18:31:09.060;149;2,0
2026-03-23T18:31:10.515;148;2,0
2026-03-23T18:31:11.457;148;1,7
2026-03-23T18:31:12.914;148;1,7
2026-03-23T18:31:13.379;148;1,7
2026-03-23T18:31:14.356;148;1,5
2026-03-23T18:31:15.303;148;1,5
2026-03-23T18:31:16.754;148;1,6
2026-03-23T18:31:17.234;148;2,0
2026-03-23T18:31:18.194;149;2,0
2026-03-23T18:31:20.116;149;1,9
2026-03-23T18:31:20.120;150;1,9
2026-03-23T18:31:21.074;150;1,6
2026-03-23T18:31:22.034;150;1,8
2026-03-23T18:31:23.956;150;1,7
2026-03-23T18:31:24.434;150;1,7
2026-03-23T18:31:25.396;149;1,7
2026-03-23T18:31:26.834;149;1,7
2026-03-23T18:31:27.316;149;1,7
2026-03-23T18:31:28.262;149;1,6
2026-03-23T18:31:29.711;148;1,2
2026-03-23T18:31:30.194;148;1,2
2026-03-23T18:31:31.154;147;1,2
2026-03-23T18:31:32.116;145;1,7
2026-03-23T18:31:33.076;144;1,9
2026-03-23T18:31:34.035;143;1,7
2026-03-23T18:31:35.476;142;1,8
2026-03-23T18:31:36.416;142;1,9
2026-03-23T18:31:37.858;142;1,9
2026-03-23T18:31:38.342;142;1,9
2026-03-23T18:31:39.297;142;1,9
2026-03-23T18:31:40.276;142;2,0
2026-03-23T18:31:41.714;142;2,0
2026-03-23T18:31:42.674;143;1,9
2026-03-23T18:31:43.145;144;2,0
2026-03-23T18:31:44.115;144;1,9
2026-03-23T18:31:45.076;145;1,3
2026-03-23T18:31:46.498;145;1,3
2026-03-23T18:31:47.956;145;1,2
2026-03-23T18:31:48.434;146;1,1
2026-03-23T18:31:49.876;146;1,1
2026-03-23T18:31:50.354;146;1,1
2026-03-23T18:31:51.315;146;1,2
2026-03-23T18:31:52.276;146;1,1
2026-03-23T18:31:53.236;146;1,0
2026-03-23T18:31:54.194;146;1,0
2026-03-23T18:31:55.154;146;1,0
2026-03-23T18:31:56.115;145;1,0
2026-03-23T18:31:57.077;145;1,1
2026-03-23T18:31:58.502;144;1,2
2026-03-23T18:31:59.476;143;1,2
2026-03-23T18:32:00.432;143;1,3
2026-03-23T18:32:01.394;142;1,4
2026-03-23T18:32:02.356;141;1,4
2026-03-23T18:32:03.317;139;1,4
2026-03-23T18:32:04.276;139;1,4
2026-03-23T18:32:05.235;139;1,4
2026-03-23T18:32:07.156;139;1,4
2026-03-23T18:32:07.159;139;1,3
2026-03-23T18:32:08.116;139;1,4
2026-03-23T18:32:09.076;139;1,4
2026-03-23T18:32:10.034;138;1,6
2026-03-23T18:32:11.473;137;2,0
2026-03-23T18:32:12.916;136;2,0
2026-03-23T18:32:13.395;135;1,9
2026-03-23T18:32:14.355;135;1,9
2026-03-23T18:32:17.714;135;1,9
2026-03-23T18:32:17.717;134;1,8
2026-03-23T18:32:17.718;134;1,8
2026-03-23T18:32:18.195;134;2,0
2026-03-23T18:32:19.153;134;2,0
2026-03-23T18:32:20.112;134;2,2
2026-03-23T18:32:21.072;133;2,2
2026-03-23T18:32:22.032;132;2,1
2026-03-23T18:32:23.472;132;1,9
2026-03-23T18:32:24.432;132;1,8
2026-03-23T18:32:25.395;132;1,7
2026-03-23T18:32:28.274;133;1,8
2026-03-23T18:32:28.277;133;1,7
2026-03-23T18:32:28.280;133;1,8
2026-03-23T18:32:29.234;134;1,8
2026-03-23T18:32:30.196;134;1,8
2026-03-23T18:32:31.155;133;1,7
2026-03-23T18:32:33.076;133;1,8
2026-03-23T18:32:33.079;132;1,4
2026-03-23T18:32:34.034;132;1,4
2026-03-23T18:32:35.475;131;1,5
2026-03-23T18:32:36.438;132;1,7
2026-03-23T18:32:37.379;133;1,6
2026-03-23T18:32:38.355;133;1,7
2026-03-23T18:32:40.275;133;1,7
2026-03-23T18:32:40.277;132;2,0
2026-03-23T18:32:41.231;131;2,0
2026-03-23T18:32:43.143;131;1,9
2026-03-23T18:32:43.146;131;1,9
2026-03-23T18:32:45.074;130;1,8
2026-03-23T18:32:45.077;131;1,8
2026-03-23T18:32:46.035;131;1,9
2026-03-23T18:32:47.478;132;1,9
2026-03-23T18:32:48.436;132;1,8
2026-03-23T18:32:49.395;132;1,7
2026-03-23T18:32:50.341;131;1,7
2026-03-23T18:32:51.314;131;1,7
2026-03-23T18:32:52.275;131;1,6
2026-03-23T18:32:54.671;131;1,4
2026-03-23T18:32:54.671;131;1,5
2026-03-23T18:32:55.155;131;1,5
2026-03-23T18:32:56.115;131;1,6
2026-03-23T18:32:57.075;131;1,7
2026-03-23T18:32:58.024;131;1,7
2026-03-23T18:32:59.475;131;1,7
2026-03-23T18:33:00.440;131;1,7
2026-03-23T18:33:01.875;131;1,7
2026-03-23T18:33:02.355;130;1,7
2026-03-23T18:33:03.301;130;1,6
2026-03-23T18:33:04.754;131;1,5
2026-03-23T18:33:06.195;131;1,6
2026-03-23T18:33:06.197;132;1,7
2026-03-23T18:33:07.155;132;1,5
2026-03-23T18:33:08.115;132;1,4
2026-03-23T18:33:09.061;131;2,0
2026-03-23T18:33:10.515;129;2,4
2026-03-23T18:33:11.475;128;2,5
2026-03-23T18:33:12.432;127;2,5
2026-03-23T18:33:13.383;127;2,6
2026-03-23T18:33:14.337;127;2,6
2026-03-23T18:33:16.272;128;2,6
2026-03-23T18:33:16.272;129;2,7
2026-03-23T18:33:17.231;130;2,7
2026-03-23T18:33:18.192;130;2,7
2026-03-23T18:33:19.152;130;2,7
2026-03-23T18:33:21.065;129;2,9
2026-03-23T18:33:21.069;129;2,9
2026-03-23T18:33:22.035;128;2,6
2026-03-23T18:33:25.863;129;2,3
2026-03-23T18:33:26.836;130;2,2
2026-03-23T18:33:26.841;131;2,3
2026-03-23T18:33:26.843;132;2,5
2026-03-23T18:33:27.315;132;2,4
2026-03-23T18:33:28.276;133;2,5
2026-03-23T18:33:29.236;132;2,5
2026-03-23T18:33:30.196;132;2,4
2026-03-23T18:33:32.116;131;2,4
2026-03-23T18:33:32.119;131;2,4
2026-03-23T18:33:33.075;131;2,3
2026-03-23T18:33:34.035;131;2,2
2026-03-23T18:33:35.476;131;2,2
2026-03-23T18:33:36.420;132;2,0
2026-03-23T18:33:37.396;132;2,0
2026-03-23T18:33:38.337;132;1,8
2026-03-23T18:33:39.317;132;1,6
2026-03-23T18:33:40.276;131;1,7
2026-03-23T18:33:41.220;132;1,6
2026-03-23T18:33:42.195;131;1,6
2026-03-23T18:33:43.157;131;1,4
2026-03-23T18:33:44.115;131;1,5
2026-03-23T18:33:45.064;131;1,5
2026-03-23T18:33:46.022;131;1,6
2026-03-23T18:33:47.472;131;1,5
2026-03-23T18:33:48.439;132;1,5
2026-03-23T18:33:49.396;132;1,6
2026-03-23T18:33:50.356;132;1,6
2026-03-23T18:33:52.275;133;1,7
2026-03-23T18:33:52.278;133;1,7
2026-03-23T18:33:53.236;134;1,3
2026-03-23T18:33:54.196;134;1,2
2026-03-23T18:33:55.154;134;1,2
2026-03-23T18:33:56.116;134;1,2
2026-03-23T18:33:57.065;134;1,1
2026-03-23T18:33:58.035;134;1,1
2026-03-23T18:33:59.476;134;0,9
2026-03-23T18:34:00.436;134;1,0
2026-03-23T18:34:01.876;135;1,0
2026-03-23T18:34:02.355;135;1,0
2026-03-23T18:34:03.316;136;1,1
2026-03-23T18:34:04.276;136;0,9
2026-03-23T18:34:05.237;137;0,9
2026-03-23T18:34:06.192;137;0,9
2026-03-23T18:34:07.156;137;0,9
2026-03-23T18:34:08.116;137;1,0
2026-03-23T18:34:09.077;137;1,0
2026-03-23T18:34:10.021;136;1,0
2026-03-23T18:34:11.475;136;1,0
2026-03-23T18:34:12.918;136;0,9
2026-03-23T18:34:13.395;136;0,9
2026-03-23T18:34:14.356;137;0,9
2026-03-23T18:34:15.316;137;0,9
2026-03-23T18:34:16.276;137;0,8
2026-03-23T18:34:18.195;137;0,9
2026-03-23T18:34:18.198;136;1,3
2026-03-23T18:34:19.156;135;1,4
2026-03-23T18:34:20.117;135;1,3
2026-03-23T18:34:21.076;135;1,5
2026-03-23T18:34:22.517;136;1,6
2026-03-23T18:34:23.476;136;1,6
2026-03-23T18:34:24.436;136;1,6
2026-03-23T18:34:25.395;136;1,6
2026-03-23T18:34:26.356;136;1,6
2026-03-23T18:34:27.317;136;1,6
2026-03-23T18:34:28.275;136;1,6
2026-03-23T18:34:29.235;136;1,6
2026-03-23T18:34:30.192;137;1,8
2026-03-23T18:34:31.636;138;1,6
2026-03-23T18:34:32.100;139;2,3
2026-03-23T18:34:33.077;142;2,3
2026-03-23T18:34:34.514;143;2,7
2026-03-23T18:34:35.476;145;2,6
2026-03-23T18:34:36.438;146;2,6
2026-03-23T18:34:37.396;147;2,7
2026-03-23T18:34:38.355;149;2,8
2026-03-23T18:34:39.317;151;2,8
2026-03-23T18:34:40.756;152;2,9
2026-03-23T18:34:41.222;153;2,9
2026-03-23T18:34:43.634;155;2,7
2026-03-23T18:34:43.637;156;3,0
2026-03-23T18:34:44.114;158;2,4
2026-03-23T18:34:45.064;158;2,4
2026-03-23T18:34:46.035;159;2,2
2026-03-23T18:34:47.476;160;2,1
2026-03-23T18:34:48.438;161;2,1
2026-03-23T18:34:50.357;161;2,0
2026-03-23T18:34:50.360;162;2,3
2026-03-23T18:34:51.797;163;2,3
2026-03-23T18:34:52.758;163;2,3
2026-03-23T18:34:53.233;164;2,0
2026-03-23T18:34:54.195;164;1,9
2026-03-23T18:34:55.636;164;1,9
2026-03-23T18:34:56.111;165;1,6
2026-03-23T18:34:57.077;165;1,6
2026-03-23T18:34:58.997;165;1,6
2026-03-23T18:34:59.476;166;1,5
2026-03-23T18:35:00.435;165;1,5
2026-03-23T18:35:01.396;165;1,6
2026-03-23T18:35:02.356;165;2,0
2026-03-23T18:35:03.317;166;2,0
2026-03-23T18:35:04.278;167;2,0
2026-03-23T18:35:06.198;166;2,0
2026-03-23T18:35:06.201;167;2,0
2026-03-23T18:35:07.156;167;2,0
2026-03-23T18:35:08.117;166;2,0
2026-03-23T18:35:09.546;166;2,1
2026-03-23T18:35:10.036;166;2,1
2026-03-23T18:35:12.435;166;1,6
2026-03-23T18:35:12.438;167;1,0
2026-03-23T18:35:13.396;167;0,9
2026-03-23T18:35:14.357;166;1,2
2026-03-23T18:35:15.317;167;1,1
2026-03-23T18:35:16.755;166;1,1
2026-03-23T18:35:17.712;167;1,2
2026-03-23T18:35:18.196;167;1,1
2026-03-23T18:35:20.118;167;1,1
2026-03-23T18:35:21.075;168;1,1
2026-03-23T18:35:21.556;168;1,1
2026-03-23T18:35:22.516;168;1,1
2026-03-23T18:35:23.476;168;1,1
2026-03-23T18:35:25.397;168;1,2
2026-03-23T18:35:25.401;168;1,7
2026-03-23T18:35:27.317;167;3,4
2026-03-23T18:35:27.320;167;4,6
2026-03-23T18:35:28.277;167;4,7
2026-03-23T18:35:30.197;168;4,7
2026-03-23T18:35:30.200;169;4,7
2026-03-23T18:35:32.117;169;4,7
2026-03-23T18:35:32.120;169;4,7
2026-03-23T18:35:33.077;169;4,6
2026-03-23T18:35:34.036;170;4,7
2026-03-23T18:35:35.474;170;4,7
2026-03-23T18:35:37.878;170;4,4
2026-03-23T18:35:37.881;171;3,3
2026-03-23T18:35:38.838;171;0,9
2026-03-23T18:35:39.305;171;0,6
2026-03-23T18:35:40.278;171;0,6
2026-03-23T18:35:42.199;171;0,6
2026-03-23T18:35:42.202;170;0,6
2026-03-23T18:35:44.116;170;0,6
2026-03-23T18:35:44.119;171;0,6
2026-03-23T18:35:45.558;170;0,5
2026-03-23T18:35:46.036;170;0,5
2026-03-23T18:35:47.476;170;0,5
2026-03-23T18:35:48.438;170;0,5
2026-03-23T18:35:49.397;170;0,5
2026-03-23T18:35:50.356;170;0,4
2026-03-23T18:35:51.317;170;0,6
2026-03-23T18:35:53.238;170;0,9
2026-03-23T18:35:53.242;169;0,9
2026-03-23T18:35:54.677;169;0,9
2026-03-23T18:35:55.157;169;0,9
2026-03-23T18:35:56.105;169;0,9
2026-03-23T18:35:57.559;169;1,0
2026-03-23T18:35:58.035;169;1,1
2026-03-23T18:35:59.477;168;1,1
2026-03-23T18:36:00.435;168;1,1
2026-03-23T18:36:01.398;168;1,1
2026-03-23T18:36:02.358;167;1,1
2026-03-23T18:36:03.305;167;0,8
2026-03-23T18:36:04.276;167;0,9
2026-03-23T18:36:05.224;166;0,9
2026-03-23T18:36:06.197;166;0,9
2026-03-23T18:36:07.637;166;0,8
2026-03-23T18:36:08.119;166;0,8
2026-03-23T18:36:09.556;165;0,8
2026-03-23T18:36:10.035;165;0,9
2026-03-23T18:36:11.467;165;0,9
2026-03-23T18:36:12.425;165;1,2
2026-03-23T18:36:13.877;164;1,2
2026-03-23T18:36:14.342;165;1,2
2026-03-23T18:36:15.318;164;1,2
2026-03-23T18:36:16.757;164;1,2
2026-03-23T18:36:17.233;163;1,1
2026-03-23T18:36:18.192;163;1,1
2026-03-23T18:36:19.156;162;1,2
2026-03-23T18:36:20.115;161;1,2
2026-03-23T18:36:21.077;160;1,2
2026-03-23T18:36:22.025;160;1,2
2026-03-23T18:36:23.476;159;0,9
2026-03-23T18:36:24.432;158;0,9
2026-03-23T18:36:25.396;158;1,0
2026-03-23T18:36:26.839;156;1,1
2026-03-23T18:36:27.797;156;1,1
2026-03-23T18:36:28.277;155;1,4
2026-03-23T18:36:29.220;155;1,4
2026-03-23T18:36:31.639;155;1,2
2026-03-23T18:36:31.642;154;1,4
2026-03-23T18:36:32.116;153;1,3
2026-03-23T18:36:33.559;152;1,4
2026-03-23T18:36:34.516;151;1,5
2026-03-23T18:36:35.478;150;1,5
2026-03-23T18:36:36.436;150;1,5
2026-03-23T18:36:37.396;150;1,6
2026-03-23T18:36:38.840;149;1,7
2026-03-23T18:36:39.316;148;1,7
2026-03-23T18:36:40.278;145;2,4
2026-03-23T18:36:41.700;144;2,4
2026-03-23T18:36:43.156;143;2,4
2026-03-23T18:36:43.160;142;2,3
2026-03-23T18:36:44.099;142;2,3
2026-03-23T18:36:45.074;141;2,3
2026-03-23T18:36:46.034;141;2,2
2026-03-23T18:36:47.473;141;2,3
2026-03-23T18:36:48.434;142;2,2
2026-03-23T18:36:49.877;142;2,1
2026-03-23T18:36:50.358;141;2,2
2026-03-23T18:36:51.781;141;2,0
2026-03-23T18:36:52.758;140;1,5
2026-03-23T18:36:53.236;139;1,4
2026-03-23T18:36:54.196;139;1,4
2026-03-23T18:36:55.159;139;1,5
2026-03-23T18:36:57.077;140;1,4
2026-03-23T18:36:57.081;140;1,4
2026-03-23T18:36:58.039;140;1,5
2026-03-23T18:36:59.958;140;1,5
2026-03-23T18:37:00.916;139;1,5
2026-03-23T18:37:01.397;139;1,5
2026-03-23T18:37:02.357;139;1,2
2026-03-23T18:37:03.319;139;1,2
2026-03-23T18:37:04.277;138;1,2
2026-03-23T18:37:05.715;137;1,2
2026-03-23T18:37:06.194;136;1,3
2026-03-23T18:37:07.156;135;1,4
2026-03-23T18:37:08.117;135;1,5
2026-03-23T18:37:09.076;135;1,7
2026-03-23T18:37:10.036;135;1,7
2026-03-23T18:37:11.478;136;1,7
2026-03-23T18:37:12.438;136;1,7
2026-03-23T18:37:13.397;136;1,7
2026-03-23T18:37:14.357;135;1,8
2026-03-23T18:37:15.317;135;1,8
2026-03-23T18:37:16.752;135;1,8
2026-03-23T18:37:17.238;135;1,8
2026-03-23T18:37:18.186;135;1,6
2026-03-23T18:37:19.158;135;1,6
2026-03-23T18:37:20.596;134;1,5
2026-03-23T18:37:21.062;134;1,4
2026-03-23T18:37:22.022;134;1,4
2026-03-23T18:37:23.460;134;1,6
2026-03-23T18:37:24.422;134;1,6
2026-03-23T18:37:25.397;135;1,6
2026-03-23T18:37:26.357;134;1,8
2026-03-23T18:37:27.797;133;1,8
2026-03-23T18:37:28.756;132;2,2
2026-03-23T18:37:30.197;132;2,3
2026-03-23T18:37:30.200;131;2,3
2026-03-23T18:37:31.637;133;2,8
2026-03-23T18:37:32.105;134;2,8
2026-03-23T18:37:33.559;136;2,8
2026-03-23T18:37:34.037;136;2,8
2026-03-23T18:37:35.474;138;3,1
2026-03-23T18:37:36.437;140;3,0
2026-03-23T18:37:37.397;142;3,0
2026-03-23T18:37:38.840;143;3,1
2026-03-23T18:37:39.317;144;3,3
2026-03-23T18:37:40.264;145;3,1
2026-03-23T18:37:41.222;146;3,0
2026-03-23T18:37:42.185;146;3,0
2026-03-23T18:37:43.157;147;2,6
2026-03-23T18:37:44.578;147;2,6
2026-03-23T18:37:45.059;149;2,6
2026-03-23T18:37:47.460;149;2,2
2026-03-23T18:37:47.464;150;2,1
2026-03-23T18:37:48.418;151;2,2
2026-03-23T18:37:49.878;152;2,0
2026-03-23T18:37:50.836;152;1,7
2026-03-23T18:37:51.797;153;1,6
2026-03-23T18:37:52.756;154;1,4
2026-03-23T18:37:53.224;155;1,8
2026-03-23T18:37:54.183;156;1,8
2026-03-23T18:37:55.637;157;1,8
2026-03-23T18:37:56.118;158;1,8
2026-03-23T18:37:57.078;158;1,8
2026-03-23T18:37:58.036;158;1,8
2026-03-23T18:37:59.477;159;1,8
2026-03-23T18:38:00.422;159;1,8
2026-03-23T18:38:01.398;160;1,9
2026-03-23T18:38:02.339;160;2,1
2026-03-23T18:38:03.318;162;2,9
2026-03-23T18:38:04.757;162;3,0
2026-03-23T18:38:05.237;163;2,8
2026-03-23T18:38:06.181;163;2,9
2026-03-23T18:38:07.158;163;3,1
2026-03-23T18:38:08.100;164;3,0
2026-03-23T18:38:10.039;165;3,0
2026-03-23T18:38:10.042;165;3,0
2026-03-23T18:38:11.948;165;3,0
2026-03-23T18:38:12.435;165;2,8
2026-03-23T18:38:13.878;166;2,7
2026-03-23T18:38:14.357;165;1,7
2026-03-23T18:38:15.300;166;1,6
2026-03-23T18:38:16.277;165;1,5
2026-03-23T18:38:18.679;165;1,3
2026-03-23T18:38:18.682;165;0,8
2026-03-23T18:38:19.140;165;0,8
2026-03-23T18:38:20.119;165;0,9
2026-03-23T18:38:21.066;165;0,9
2026-03-23T18:38:22.032;165;0,8
2026-03-23T18:38:23.959;165;0,8
2026-03-23T18:38:24.437;165;1,3
2026-03-23T18:38:25.398;165;1,4
2026-03-23T18:38:26.820;165;1,6
2026-03-23T18:38:27.797;165;1,5
2026-03-23T18:38:28.261;164;1,7
2026-03-23T18:38:30.678;164;1,7
2026-03-23T18:38:30.679;164;1,6
2026-03-23T18:38:32.118;164;1,6
2026-03-23T18:38:32.122;164;1,8
2026-03-23T18:38:34.037;164;1,8
2026-03-23T18:38:34.041;164;1,7
2026-03-23T18:38:35.479;164;1,5
2026-03-23T18:38:36.918;163;1,3
2026-03-23T18:38:37.867;163;1,2
2026-03-23T18:38:39.318;163;1,2
2026-03-23T18:38:39.322;163;1,1
2026-03-23T18:38:40.278;163;1,0
2026-03-23T18:38:41.239;162;1,0
2026-03-23T18:38:43.637;162;1,0
2026-03-23T18:38:43.639;162;0,6
2026-03-23T18:38:44.118;161;0,6
2026-03-23T18:38:45.079;161;0,7
2026-03-23T18:38:46.019;160;0,6
2026-03-23T18:38:47.959;160;0,8
2026-03-23T18:38:48.918;159;0,8
2026-03-23T18:38:49.397;159;0,8
2026-03-23T18:38:50.358;158;0,9
2026-03-23T18:38:51.317;158;0,9
2026-03-23T18:38:52.279;157;1,0
2026-03-23T18:38:53.238;156;1,1
2026-03-23T18:38:54.198;156;1,1
2026-03-23T18:38:55.157;156;1,1
2026-03-23T18:38:56.118;155;1,1
2026-03-23T18:38:57.078;155;1,1
2026-03-23T18:38:58.998;154;1,6
2026-03-23T18:38:59.944;153;1,8
2026-03-23T18:39:00.437;153;1,9
2026-03-23T18:39:02.359;152;2,0
2026-03-23T18:39:02.362;151;2,1
2026-03-23T18:39:03.318;149;2,3
2026-03-23T18:39:04.278;148;2,3
2026-03-23T18:39:05.240;147;2,3
2026-03-23T18:39:06.197;146;2,3
2026-03-23T18:39:07.158;146;2,3
2026-03-23T18:39:08.118;146;2,4
2026-03-23T18:39:09.078;146;2,7
2026-03-23T18:39:10.999;146;2,3
2026-03-23T18:39:11.469;145;2,6
2026-03-23T18:39:12.438;144;2,5
2026-03-23T18:39:13.398;142;2,5
2026-03-23T18:39:14.358;141;2,4
2026-03-23T18:39:15.317;141;2,3
2026-03-23T18:39:16.279;141;2,1
2026-03-23T18:39:17.716;141;2,1
2026-03-23T18:39:18.662;141;2,3
2026-03-23T18:39:19.157;141;2,3
2026-03-23T18:39:20.593;140;2,2
2026-03-23T18:39:21.078;139;2,7
2026-03-23T18:39:22.038;137;2,6
2026-03-23T18:39:23.481;135;2,6
2026-03-23T18:39:24.437;135;2,2
2026-03-23T18:39:25.397;135;2,3
2026-03-23T18:39:26.357;135;2,3
2026-03-23T18:39:27.318;136;2,3
2026-03-23T18:39:28.278;137;2,3
2026-03-23T18:39:31.158;137;2,3
2026-03-23T18:39:31.161;136;2,4
2026-03-23T18:39:32.117;135;2,7
2026-03-23T18:39:32.120;134;2,6
2026-03-23T18:39:33.074;133;2,6
2026-03-23T18:39:34.037;134;2,1
2026-03-23T18:39:35.463;135;2,0
2026-03-23T18:39:36.442;135;2,1
2026-03-23T18:39:37.380;135;2,1
2026-03-23T18:39:38.358;135;2,1
2026-03-23T18:39:39.306;134;2,4
2026-03-23T18:39:40.277;133;2,5
2026-03-23T18:39:41.238;131;2,5
2026-03-23T18:39:43.158;131;2,5
2026-03-23T18:39:43.161;131;2,6
2026-03-23T18:39:44.119;131;2,1
2026-03-23T18:39:45.079;132;2,1
2026-03-23T18:39:46.038;132;2,1
2026-03-23T18:39:47.478;132;2,0
2026-03-23T18:39:48.423;132;2,0
2026-03-23T18:39:49.398;132;2,0
2026-03-23T18:39:50.342;131;2,0
2026-03-23T18:39:51.318;131;2,0
2026-03-23T18:39:52.278;130;1,7
2026-03-23T18:39:53.238;130;1,5
2026-03-23T18:39:54.180;130;1,4
2026-03-23T18:39:55.158;131;1,5
2026-03-23T18:39:56.118;132;1,3
2026-03-23T18:39:57.079;132;1,7
2026-03-23T18:39:58.999;132;1,7
2026-03-23T18:39:59.959;133;1,7
2026-03-23T18:40:00.436;132;1,8
2026-03-23T18:40:01.399;133;1,8
2026-03-23T18:40:02.358;133;1,9
2026-03-23T18:40:03.300;134;1,9
2026-03-23T18:40:04.279;135;1,8
2026-03-23T18:40:05.224;136;2,1
2026-03-23T18:40:06.199;138;2,6
2026-03-23T18:40:08.120;140;2,6
2026-03-23T18:40:08.122;141;2,6
2026-03-23T18:40:09.079;143;2,6
2026-03-23T18:40:10.038;144;2,7
2026-03-23T18:40:11.481;145;2,7
2026-03-23T18:40:12.438;146;2,7
2026-03-23T18:40:13.399;147;2,7
2026-03-23T18:40:14.343;147;2,7
2026-03-23T18:40:15.319;148;2,6
2026-03-23T18:40:16.264;149;2,6
2026-03-23T18:40:17.239;150;2,4
2026-03-23T18:40:18.182;150
2026-03-23T18:40:19.160;151;1,9
2026-03-23T18:40:20.118;151;1,9
2026-03-23T18:40:21.559;152;2,0
2026-03-23T18:40:22.518;153;1,9
2026-03-23T18:40:23.959;154;1,4
2026-03-23T18:40:24.442;154;1,5
2026-03-23T18:40:25.384;154;1,5
2026-03-23T18:40:26.360;154;1,7
2026-03-23T18:40:27.302;155;1,8
2026-03-23T18:40:28.280;155;1,8
2026-03-23T18:40:29.238;155;1,7
2026-03-23T18:40:30.199;155;1,7
2026-03-23T18:40:31.639;155;1,7
2026-03-23T18:40:32.117;155;1,7
2026-03-23T18:40:33.080;155;1,4
2026-03-23T18:40:34.999;154;1,4
2026-03-23T18:40:35.477;154;1,3
2026-03-23T18:40:36.440;154;1,3
2026-03-23T18:40:37.399;154;0,9
2026-03-23T18:40:38.360;154;0,6
2026-03-23T18:40:39.319;155;0,6
2026-03-23T18:40:41.240;154;0,6
2026-03-23T18:40:41.244;155;1,3
2026-03-23T18:40:42.198;155;1,3
2026-03-23T18:40:43.157;155;1,3
2026-03-23T18:40:44.106;156;1,3
2026-03-23T18:40:45.064;156;1,3
2026-03-23T18:40:46.019;157;1,3
2026-03-23T18:40:47.959;156;1,7
2026-03-23T18:40:48.438;157;1,7
2026-03-23T18:40:49.399;158;1,7
2026-03-23T18:40:50.836;158;1,7
2026-03-23T18:40:51.318;158;1,8
2026-03-23T18:40:53.238;159;1,8
2026-03-23T18:40:53.242;159;1,4
2026-03-23T18:40:54.198;159;1,5
2026-03-23T18:40:55.159;159;1,5
2026-03-23T18:40:56.119;160;1,5
2026-03-23T18:40:57.079;160;1,5
2026-03-23T18:40:58.039;160;1,4
2026-03-23T18:40:59.474;160;1,0
2026-03-23T18:41:00.438;160;1,0
2026-03-23T18:41:01.398;161;0,9
2026-03-23T18:41:02.360;161;1,2
2026-03-23T18:41:03.321;161;1,2
2026-03-23T18:41:04.268;161;1,3
2026-03-23T18:41:05.224;162;1,2
2026-03-23T18:41:06.184;162;1,3
2026-03-23T18:41:08.120;162;1,2
2026-03-23T18:41:08.123;163;1,2
2026-03-23T18:41:09.060;162;1,2
2026-03-23T18:41:10.019;162;1,3
2026-03-23T18:41:11.465;162;1,3
2026-03-23T18:41:12.439;163;1,3
2026-03-23T18:41:13.401;164;1,1
2026-03-23T18:41:14.839;164;1,1
2026-03-23T18:41:15.320;164;1,0
2026-03-23T18:41:16.264;164
2026-03-23T18:41:17.240;165;30,5
2026-03-23T18:41:18.200;165;42,9
2026-03-23T18:41:19.161;165;43,0
2026-03-23T18:41:20.601;166;43,0
2026-03-23T18:41:21.079;166;42,9
2026-03-23T18:41:22.995;166
2026-03-23T18:41:23.459;166;42,9
2026-03-23T18:41:24.437;166;42,9
2026-03-23T18:41:25.380;166;42,9
2026-03-23T18:41:26.360;167;43,0
2026-03-23T18:41:27.306;166;43,0
2026-03-23T18:41:28.280;167;43,0
2026-03-23T18:41:29.239;166;43,0
2026-03-23T18:41:30.680;167;30,3
2026-03-23T18:41:31.159;167;1,4
2026-03-23T18:41:32.121;167;1,5
2026-03-23T18:41:33.079;167;1,5
2026-03-23T18:41:35.478;167;1,5
2026-03-23T18:41:35.482;168;1,4
2026-03-23T18:41:36.919;168;1,4
2026-03-23T18:41:37.386;168;1,2
2026-03-23T18:41:38.829;168;1,1
2026-03-23T18:41:39.306;169;1,1
2026-03-23T18:41:40.267;169;1,0
2026-03-23T18:41:42.200;168;1,1
2026-03-23T18:41:42.684;168;0,8
2026-03-23T18:41:43.160;168;0,9
2026-03-23T18:41:44.119;168;0,9
2026-03-23T18:41:45.080;169;0,9
2026-03-23T18:41:46.030;168;1,0
2026-03-23T18:41:47.480;168;0,9
2026-03-23T18:41:48.908;169;0,9
2026-03-23T18:41:49.385;170;2,4
2026-03-23T18:41:50.356;170;10,7
2026-03-23T18:41:51.303;170;15,1
2026-03-23T18:41:52.266;169;15,1
2026-03-23T18:41:53.225;169;15,1
2026-03-23T18:41:54.189;168;15,1
2026-03-23T18:41:55.153;168;15,1
2026-03-23T18:41:56.119;167;15,1
2026-03-23T18:41:57.068;167;15,1
2026-03-23T18:41:58.040;167;15,1
2026-03-23T18:41:59.466;167;15,1
2026-03-23T18:42:00.436;167;14,9
2026-03-23T18:42:02.824;168;2,3
2026-03-23T18:42:03.320;168;0,9
2026-03-23T18:42:03.323;168;1,0
2026-03-23T18:42:04.279;168;1,0
2026-03-23T18:42:05.240;168;1,1
2026-03-23T18:42:06.199;168;1,2
2026-03-23T18:42:08.118;168;1,2
2026-03-23T18:42:08.121;168;1,2
2026-03-23T18:42:10.030;168;1,2
2026-03-23T18:42:10.032;169;1,2
2026-03-23T18:42:11.481;169;1,2
2026-03-23T18:42:12.435;169;63,3
2026-03-23T18:42:13.400;169;89,6
2026-03-23T18:42:14.361;169;89,6
2026-03-23T18:42:15.320;170;89,6
2026-03-23T18:42:17.221;169;89,6
2026-03-23T18:42:17.224;169;89,6
2026-03-23T18:42:18.186;169;89,6
2026-03-23T18:42:19.146;170;89,6
2026-03-23T18:42:20.120;170;89,6
2026-03-23T18:42:21.062;170;89,6
2026-03-23T18:42:22.041;170;89,6
2026-03-23T18:42:23.479;170;63,3
2026-03-23T18:42:24.439;170;1,7
2026-03-23T18:42:25.382;170;0,7
2026-03-23T18:42:26.359;170;0,8
2026-03-23T18:42:27.319;169;0,9
2026-03-23T18:42:28.757;169;0,9
2026-03-23T18:42:29.239;170;0,9
2026-03-23T18:42:30.200;170;0,9
2026-03-23T18:42:31.159;170;0,9
2026-03-23T18:42:32.120;171;1,0
2026-03-23T18:42:33.078;171;1,1
2026-03-23T18:42:34.037;171;1,1
2026-03-23T18:42:35.481;172;1,2
2026-03-23T18:42:36.440;172;1,2
2026-03-23T18:42:37.880;171;1,2
2026-03-23T18:42:38.360;171;1,1
2026-03-23T18:42:39.785;171;1,1
2026-03-23T18:42:40.280;170;1,1
2026-03-23T18:42:41.241;170;1,1
2026-03-23T18:42:43.162;170;1,0
2026-03-23T18:42:43.166;170;0,9
2026-03-23T18:42:44.121;170;0,7
2026-03-23T18:42:45.062;170;0,5
2026-03-23T18:42:46.040;170;0,5
2026-03-23T18:42:47.960;170;0,5
2026-03-23T18:42:48.441;169;0,5
2026-03-23T18:42:49.388;169;0,4
2026-03-23T18:42:50.360;169;0,4
2026-03-23T18:42:51.320;169;0,3
2026-03-23T18:42:52.283;169;0,3
2026-03-23T18:42:53.237;169;0,4
2026-03-23T18:42:54.200;169;0,4
2026-03-23T18:42:55.161;170;0,4
2026-03-23T18:42:56.119;170;0,6
2026-03-23T18:42:57.081;170;0,6
2026-03-23T18:42:58.040;171;0,6
2026-03-23T18:42:59.480;171;0,6
2026-03-23T18:43:00.424;171;0,6
2026-03-23T18:43:01.401;171;0,6
2026-03-23T18:43:02.360;170;0,6
2026-03-23T18:43:03.799;170;0,7
2026-03-23T18:43:04.760;171;0,7
2026-03-23T18:43:05.240;171;0,7
2026-03-23T18:43:06.680;171;0,7
2026-03-23T18:43:07.161;170;0,9
2026-03-23T18:43:08.121;170;0,9
2026-03-23T18:43:09.080;170;0,9
2026-03-23T18:43:10.041;170;0,9
2026-03-23T18:43:11.465;170;0,9
2026-03-23T18:43:12.439;171;0,9
2026-03-23T18:43:13.389;171;1,0
2026-03-23T18:43:14.361;171;0,9
2026-03-23T18:43:16.275;170;0,9
2026-03-23T18:43:16.278;170;0,8
2026-03-23T18:43:18.200;170;0,9
2026-03-23T18:43:19.159;170;1,2
2026-03-23T18:43:19.164;170;1,3
2026-03-23T18:43:20.106;170;1,6
2026-03-23T18:43:21.063;170;5,0
2026-03-23T18:43:22.034;170;5,1
2026-03-23T18:43:23.480;170;5,1
2026-03-23T18:43:24.441;170;5,1
2026-03-23T18:43:25.401;169;5,1
2026-03-23T18:43:26.347;169;5,1
2026-03-23T18:43:27.318;169;5,1
2026-03-23T18:43:28.271;169;5,1
2026-03-23T18:43:29.241;169;5,1
2026-03-23T18:43:30.186;168;4,9
2026-03-23T18:43:31.160;168;1,4
2026-03-23T18:43:32.120;168;1,2
2026-03-23T18:43:33.560;168;1,4
2026-03-23T18:43:34.041;168;1,3
2026-03-23T18:43:35.959;168;1,3
2026-03-23T18:43:36.441;168;1,9
2026-03-23T18:43:37.880;168;2,0
2026-03-23T18:43:38.359;168;2,1
2026-03-23T18:43:39.322;169;2,0
2026-03-23T18:43:40.757;169;2,0
2026-03-23T18:43:41.238;169;2,0
2026-03-23T18:43:43.159;169;2,0
2026-03-23T18:43:43.163;169;2,2
2026-03-23T18:43:44.117;168;2,4
2026-03-23T18:43:45.081;168;2,5
2026-03-23T18:43:46.034;169;2,5
2026-03-23T18:43:47.470;168;2,3
2026-03-23T18:43:48.920;169;2,2
2026-03-23T18:43:49.400;169;2,2
2026-03-23T18:43:50.361;169;2,2
2026-03-23T18:43:52.282;169;2,2
2026-03-23T18:43:52.286;169;2,2
2026-03-23T18:43:53.240;169;2,1
2026-03-23T18:43:54.201;169;2,0
2026-03-23T18:43:55.161;169;1,5
2026-03-23T18:43:56.121;169;1,6
2026-03-23T18:43:57.560;169;1,5
2026-03-23T18:43:58.023;168;1,3
2026-03-23T18:43:59.480;168;1,1
2026-03-23T18:44:00.440;168;1,0
2026-03-23T18:44:01.401;168;1,0
2026-03-23T18:44:02.359;169;1,0
2026-03-23T18:44:03.321;169;1,0
2026-03-23T18:44:04.280;169;1,0
2026-03-23T18:44:05.240;169;1,0
2026-03-23T18:44:06.202;169;0,8
2026-03-23T18:44:07.161;169;1,0
2026-03-23T18:44:08.120;169;1,0
2026-03-23T18:44:09.079;169;1,0
2026-03-23T18:44:10.982;169;0,9
2026-03-23T18:44:11.481;169;0,9
2026-03-23T18:44:12.441;169;1,2
2026-03-23T18:44:14.840;170;1,2
2026-03-23T18:44:14.843;170;1,2
2026-03-23T18:44:15.319;170;1,2
2026-03-23T18:44:16.743;171;1,2
2026-03-23T18:44:18.198;171;1,2
2026-03-23T18:44:18.202;170;1,4
2026-03-23T18:44:19.160;169;1,3
2026-03-23T18:44:20.121;167;2,2
2026-03-23T18:44:22.041;167;2,4
2026-03-23T18:44:22.044;168;2,8
2026-03-23T18:44:23.481;169;2,8
2026-03-23T18:44:24.921;170;2,7
2026-03-23T18:44:25.400;169;2,9
2026-03-23T18:44:26.359;168;3,0
2026-03-23T18:44:27.321;167;3,0
2026-03-23T18:44:28.281;168;3,0
2026-03-23T18:44:29.241;170;3,2
2026-03-23T18:44:30.201;170;3,1
2026-03-23T18:44:31.161;171;2,6
2026-03-23T18:44:32.122;170;2,2
2026-03-23T18:44:33.081;170;2,1
2026-03-23T18:44:34.040;170;2,1
2026-03-23T18:44:35.961;170;2,1
2026-03-23T18:44:36.921;170;1,8
2026-03-23T18:44:37.400;170;1,7
2026-03-23T18:44:38.362;170;1,7
2026-03-23T18:44:39.320;170;1,6
2026-03-23T18:44:40.761;169;1,2
2026-03-23T18:44:41.241;169;1,2
2026-03-23T18:44:43.163;169;1,2
2026-03-23T18:44:43.167;169;1,3
2026-03-23T18:44:44.121;169;1,3
2026-03-23T18:44:45.081;169;1,4
2026-03-23T18:44:46.042;168;1,3
2026-03-23T18:44:47.480;169;1,2
2026-03-23T18:44:48.921;169;1,2
2026-03-23T18:44:49.880;169;1,3
2026-03-23T18:44:50.346;169;1,3
2026-03-23T18:44:51.320;169;1,3
2026-03-23T18:44:53.241;168;1,2
2026-03-23T18:44:53.718;168;65,6
2026-03-23T18:44:54.681;169;92,7
2026-03-23T18:44:55.158;169;95,7
2026-03-23T18:44:56.119;169;98,8
2026-03-23T18:44:57.079;168;98,8
2026-03-23T18:44:59.001;168;98,8
2026-03-23T18:44:59.481;167;98,8
2026-03-23T18:45:00.440;167;98,8
2026-03-23T18:45:01.402;166;98,8
2026-03-23T18:45:02.842;166;98,8
2026-03-23T18:45:03.305;165;98,8
2026-03-23T18:45:04.281;165;73,9
2026-03-23T18:45:05.719;164;34,0
2026-03-23T18:45:06.200;164;1,6
2026-03-23T18:45:08.600;164;1,5
2026-03-23T18:45:08.603;164;1,5
2026-03-23T18:45:09.079;163;1,5
2026-03-23T18:45:10.042;163;1,7
2026-03-23T18:45:11.481;163;1,8
2026-03-23T18:45:12.427;163;1,9
2026-03-23T18:45:13.399;163;1,9
2026-03-23T18:45:14.361;163;1,9
2026-03-23T18:45:15.322;163;1,7
2026-03-23T18:45:16.269;162;1,5
2026-03-23T18:45:17.241;162;1,4
2026-03-23T18:45:19.162;162;1,4
2026-03-23T18:45:19.639;162;1,5
2026-03-23T18:45:20.109;162;1,4
2026-03-23T18:45:21.081;161;1,2
2026-03-23T18:45:22.025;161;1,1
2026-03-23T18:45:24.440;160;1,0
2026-03-23T18:45:24.444;160;1,0
2026-03-23T18:45:25.400;159;1,1
2026-03-23T18:45:26.361;159;1,2
2026-03-23T18:45:28.281;159;1,2
2026-03-23T18:45:28.285;158;1,2
2026-03-23T18:45:29.241;158;1,2
2026-03-23T18:45:30.680;157;1,2
2026-03-23T18:45:31.142;157;1,2
2026-03-23T18:45:32.121;156;1,1
2026-03-23T18:45:33.082;156;1,1
2026-03-23T18:45:35.000;156;1,3
2026-03-23T18:45:35.962;155;1,2
2026-03-23T18:45:36.439;154;1,2
2026-03-23T18:45:37.401;154;1,2
2026-03-23T18:45:38.361;153;1,4
2026-03-23T18:45:39.321;153;1,3
2026-03-23T18:45:40.758;152;1,3
2026-03-23T18:45:41.717;152;1,4
2026-03-23T18:45:42.197;151;1,3
2026-03-23T18:45:43.161;151;1,3
2026-03-23T18:45:44.600;150;1,2
2026-03-23T18:45:46.042;150;1,9
2026-03-23T18:45:46.519;149;1,8
2026-03-23T18:45:47.482;149;1,8
2026-03-23T18:45:48.904;149;1,9
2026-03-23T18:45:49.400;148;1,9
2026-03-23T18:45:50.361;147;1,9
2026-03-23T18:45:51.314;146;1,9
2026-03-23T18:45:52.281;145;1,9
2026-03-23T18:45:53.241;145;1,9
2026-03-23T18:45:54.202;144;2,0
2026-03-23T18:45:55.161;143;2,0
2026-03-23T18:45:56.121;143;2,0
2026-03-23T18:45:57.081;143;1,3
2026-03-23T18:45:58.041;143;1,3
2026-03-23T18:45:59.469;142;1,3
2026-03-23T18:46:00.445;142;1,2
2026-03-23T18:46:01.399;142;1,2
2026-03-23T18:46:02.361;142;1,2
2026-03-23T18:46:03.321;142;1,1
2026-03-23T18:46:04.281;142;1,1
2026-03-23T18:46:05.241;141;1,1
2026-03-23T18:46:06.202;141;1,3
2026-03-23T18:46:07.161;141;1,3
2026-03-23T18:46:08.123;140;1,2
2026-03-23T18:46:09.081;139;1,3
2026-03-23T18:46:10.041;139;1,4
2026-03-23T18:46:11.480;139;1,4
2026-03-23T18:46:12.441;139;1,2
2026-03-23T18:46:13.400;139;1,3
2026-03-23T18:46:14.358;139;1,2
2026-03-23T18:46:15.321;139;1,3
2026-03-23T18:46:16.281;139;1,4
2026-03-23T18:46:17.241;139;1,4
2026-03-23T18:46:18.203;139;1,0
2026-03-23T18:46:19.161;138;1,0
2026-03-23T18:46:20.121;138;1,0
2026-03-23T18:46:21.082;138;1,0
2026-03-23T18:46:22.043;137;0,9
2026-03-23T18:46:23.466;137;0,9
2026-03-23T18:46:24.441;137;0,9
2026-03-23T18:46:25.402;136;1,0
2026-03-23T18:46:26.361;136;1,2
2026-03-23T18:46:27.319;135;1,2
2026-03-23T18:46:28.281;135;1,2
2026-03-23T18:46:29.229;134;1,2
2026-03-23T18:46:30.202;133;1,3
2026-03-23T18:46:31.161;132;1,3
2026-03-23T18:46:32.121;132;1,4
2026-03-23T18:46:33.079;132;1,5
2026-03-23T18:46:34.041;133;1,5
2026-03-23T18:46:35.482;133;1,5
2026-03-23T18:46:36.441;133;1,5
2026-03-23T18:46:37.401;133;1,5
2026-03-23T18:46:38.348;133;1,5
2026-03-23T18:46:40.270;133;1,5
2026-03-23T18:46:40.273;133;1,3
2026-03-23T18:46:41.241;132;1,3
2026-03-23T18:46:43.161;132;1,3
2026-03-23T18:46:43.164;132;1,1
2026-03-23T18:46:44.120;132;1,2
2026-03-23T18:46:45.082;132;1,1
2026-03-23T18:46:46.521;132;1,0
2026-03-23T18:46:47.480;132;1,0
2026-03-23T18:46:48.442;132;1,0
2026-03-23T18:46:49.389;132;1,0
2026-03-23T18:46:50.362;132;0,9
2026-03-23T18:46:51.801;133;0,9
2026-03-23T18:46:52.762;133;0,9
2026-03-23T18:46:54.200;133;0,9
2026-03-23T18:46:54.204;133;0,9
2026-03-23T18:46:55.162;133;0,8
2026-03-23T18:46:56.122;134;0,8
2026-03-23T18:46:57.561;134;0,6
2026-03-23T18:46:58.042;134;0,6
2026-03-23T18:46:59.959;134;0,6
2026-03-23T18:47:00.439;134;0,6
2026-03-23T18:47:01.400;134;0,6
2026-03-23T18:47:02.344;134;0,7
2026-03-23T18:47:03.322;133;1,0
2026-03-23T18:47:04.281;132;1,0
2026-03-23T18:47:05.242;132;1,0
2026-03-23T18:47:06.202;132;1,0
2026-03-23T18:47:08.121;132;1,1
2026-03-23T18:47:08.125;132;1,1
2026-03-23T18:47:10.039;132;1,1
2026-03-23T18:47:10.042;132;1,1
2026-03-23T18:47:11.482;131;1,4
2026-03-23T18:47:12.439;131;1,4
2026-03-23T18:47:13.402;131;1,4
2026-03-23T18:47:14.362;130;1,6
2026-03-23T18:47:15.322;130;1,5
2026-03-23T18:47:16.281;130;1,4
2026-03-23T18:47:17.224;130;1,3
2026-03-23T18:47:18.201;130;1,3
2026-03-23T18:47:19.162;129;1,3
2026-03-23T18:47:21.070;129;1,4
2026-03-23T18:47:21.073;129;1,3
2026-03-23T18:47:22.042;129;1,4
2026-03-23T18:47:23.480;129;1,4
2026-03-23T18:47:24.441;130;1,1
2026-03-23T18:47:25.397;130;1,2
2026-03-23T18:47:26.363;131;1,2
2026-03-23T18:47:27.323;131;1,2
2026-03-23T18:47:28.282;131;1,3
2026-03-23T18:47:29.720;131;1,3
2026-03-23T18:47:30.187;130;1,3
2026-03-23T18:47:31.161;130;1,4
2026-03-23T18:47:32.122;130;1,4
2026-03-23T18:47:34.042;130;1,3
2026-03-23T18:47:34.046;131;1,3
2026-03-23T18:47:35.480;131;1,4
2026-03-23T18:47:36.454;132;1,4
2026-03-23T18:47:37.403;133;1,6
2026-03-23T18:47:38.363;133;1,5
2026-03-23T18:47:39.322;134;1,5
2026-03-23T18:47:40.283;135;1,5
2026-03-23T18:47:41.242;136;1,4
2026-03-23T18:47:42.201;136;1,4
2026-03-23T18:47:43.162;137;1,9
2026-03-23T18:47:44.122;139;1,9
2026-03-23T18:47:45.078;140;2,1
2026-03-23T18:47:46.042;141;2,1
2026-03-23T18:47:48.442;142;2,2
2026-03-23T18:47:48.446;143;2,2
2026-03-23T18:47:49.882;145;2,3
2026-03-23T18:47:51.323;146;2,1
2026-03-23T18:47:51.326;147;2,4
2026-03-23T18:47:53.241;148;2,5
2026-03-23T18:47:53.244;149;2,5
2026-03-23T18:47:54.198;151;2,5
2026-03-23T18:47:55.642;152;2,4
2026-03-23T18:47:56.121;152;2,4
2026-03-23T18:47:57.562;153;2,3
2026-03-23T18:47:58.041;153;2,3
2026-03-23T18:48:00.431;154;2,2
2026-03-23T18:48:00.435;155;2,1
2026-03-23T18:48:01.403;155;2,2
2026-03-23T18:48:02.362;155;2,2
2026-03-23T18:48:03.786;156;1,9
2026-03-23T18:48:04.283;157;2,5
2026-03-23T18:48:06.200;157
2026-03-23T18:48:06.679;157;2,7
2026-03-23T18:48:07.162;157;4,5
2026-03-23T18:48:08.121;158;4,4
2026-03-23T18:48:09.083;158;4,4
2026-03-23T18:48:10.042;158;4,4
2026-03-23T18:48:11.484;158;4,4
2026-03-23T18:48:12.446;158;4,3
2026-03-23T18:48:13.401;158;4,3
2026-03-23T18:48:14.363;158;4,3
2026-03-23T18:48:15.800;158;4,3
2026-03-23T18:48:16.282;159;3,9
2026-03-23T18:48:17.242;159;3,9
2026-03-23T18:48:18.203;159;1,3
2026-03-23T18:48:19.162;159;1,3
2026-03-23T18:48:20.123;159;1,2
2026-03-23T18:48:21.066;160;1,3
2026-03-23T18:48:22.023;160;1,4
2026-03-23T18:48:23.963;160;1,7
2026-03-23T18:48:24.424;160;2,0
2026-03-23T18:48:25.402;161;2,0
2026-03-23T18:48:26.843;161;2,1
2026-03-23T18:48:27.323;162;2,1
2026-03-23T18:48:28.281;162;1,9
2026-03-23T18:48:30.203;162;2,0
2026-03-23T18:48:30.207;162;2,0
2026-03-23T18:48:31.163;163;2,1
2026-03-23T18:48:33.564;163;2,0
2026-03-23T18:48:33.568;163;1,7
2026-03-23T18:48:34.042;163;1,6
2026-03-23T18:48:35.471;163;1,6
2026-03-23T18:48:36.442;163;1,7
2026-03-23T18:48:37.404;164;1,6
2026-03-23T18:48:38.845;163;1,6
2026-03-23T18:48:39.310;163;1,7
2026-03-23T18:48:40.284;163;2,0
2026-03-23T18:48:41.225;163;2,0
2026-03-23T18:48:42.202;163;2,1
2026-03-23T18:48:43.150;164;2,1
2026-03-23T18:48:44.123;163;2,1
2026-03-23T18:48:46.044;163;2,0
2026-03-23T18:48:46.048;162;2,0
2026-03-23T18:48:47.963;162;1,8
2026-03-23T18:48:48.439;161;1,9
2026-03-23T18:48:49.404;161;1,9
2026-03-23T18:48:50.364;161;1,9
2026-03-23T18:48:51.323;161;1,1
2026-03-23T18:48:52.282;160;1,0
2026-03-23T18:48:53.721;160;0,9
2026-03-23T18:48:54.203;161;0,8
2026-03-23T18:48:55.157;161;0,7
2026-03-23T18:48:56.122;160;0,7
2026-03-23T18:48:57.083;161;1,1
2026-03-23T18:48:58.043;161;1,2
2026-03-23T18:48:59.477;161;1,2
2026-03-23T18:49:00.446;162;1,4
2026-03-23T18:49:01.404;162;1,7
2026-03-23T18:49:02.362;161;1,7
2026-03-23T18:49:03.802;161;1,8
2026-03-23T18:49:04.282;161;1,8
2026-03-23T18:49:05.243;161;1,8
2026-03-23T18:49:06.203;161;1,9
2026-03-23T18:49:07.163;160;1,8
2026-03-23T18:49:08.122;160;1,7
2026-03-23T18:49:09.083;160;1,6
2026-03-23T18:49:10.028;159;1,6
2026-03-23T18:49:11.481;159;1,5
2026-03-23T18:49:12.442;159;1,1
2026-03-23T18:49:13.388;158;1,2
2026-03-23T18:49:14.844;158;1,1
2026-03-23T18:49:15.324;157;1,1
2026-03-23T18:49:16.283;156;1,0
2026-03-23T18:49:18.203;156;1,1
2026-03-23T18:49:18.206;155;1,1
2026-03-23T18:49:19.165;154;1,2
2026-03-23T18:49:20.602;154;1,3
2026-03-23T18:49:21.084;153;1,4
2026-03-23T18:49:22.042;153;1,3
2026-03-23T18:49:23.947;152;1,3
2026-03-23T18:49:24.919;151;1,2
2026-03-23T18:49:25.399;150;1,2
2026-03-23T18:49:26.347;150;1,4
2026-03-23T18:49:28.265;150;1,4
2026-03-23T18:49:28.750;150;1,3
2026-03-23T18:49:29.724;150;1,4
2026-03-23T18:49:30.662;149;1,4
2026-03-23T18:49:31.163;147;1,9
2026-03-23T18:49:33.083;146;1,8
2026-03-23T18:49:33.086;145;1,8
2026-03-23T18:49:34.510;144;1,8
2026-03-23T18:49:35.960;144;1,8
2026-03-23T18:49:36.442;143;1,9
2026-03-23T18:49:37.402;143;1,9
2026-03-23T18:49:38.364;142;1,9
2026-03-23T18:49:39.324;142;2,0
2026-03-23T18:49:42.204;140;2,0
2026-03-23T18:49:42.207;139;2,1
2026-03-23T18:49:42.209;139;2,1
2026-03-23T18:49:43.145;138;1,8
2026-03-23T18:49:44.121;138;1,5
2026-03-23T18:49:45.082;137;1,4
2026-03-23T18:49:46.043;137;1,4
2026-03-23T18:49:47.963;136;1,5
2026-03-23T18:49:48.449;136;1,4
2026-03-23T18:49:49.401;135;1,4
2026-03-23T18:49:50.359;135;1,4
2026-03-23T18:49:51.323;135;1,1
2026-03-23T18:49:53.229;135;1,1
2026-03-23T18:49:53.232;135;1,0
2026-03-23T18:49:54.202;135;0,9
2026-03-23T18:49:55.643;135;0,8
2026-03-23T18:49:56.123;135;0,9
2026-03-23T18:49:57.068;134;0,9
2026-03-23T18:49:58.043;134;0,9
2026-03-23T18:49:59.483;134;0,8
2026-03-23T18:50:00.923;134;0,7
2026-03-23T18:50:01.403;135;0,6
2026-03-23T18:50:02.364;135;0,7
2026-03-23T18:50:03.322;135;0,7
2026-03-23T18:50:04.752;134;0,8
2026-03-23T18:50:05.242;134;1,2
2026-03-23T18:50:06.681;135;1,4
2026-03-23T18:50:07.164;137;1,6
2026-03-23T18:50:08.122;137;1,6
2026-03-23T18:50:09.083;138;1,8
2026-03-23T18:50:11.484;140;1,9
2026-03-23T18:50:11.488;142;2,1
2026-03-23T18:50:12.909;142
2026-03-23T18:50:13.390;142;2,1
2026-03-23T18:50:14.349;143;2,1
2026-03-23T18:50:15.789;143;4,3
2026-03-23T18:50:16.272;145;4,3
2026-03-23T18:50:17.242;147;4,3
2026-03-23T18:50:18.204;148;4,4
2026-03-23T18:50:19.163;149;4,3
2026-03-23T18:50:21.084;149;4,3
2026-03-23T18:50:21.087;149;4,3
2026-03-23T18:50:22.523;150;4,1
2026-03-23T18:50:23.484;151;4,1
2026-03-23T18:50:24.444;151;4,1
2026-03-23T18:50:25.404;151;4,0
2026-03-23T18:50:26.827;151;4,0
2026-03-23T18:50:27.322;152;1,5
2026-03-23T18:50:28.284;152;1,5
2026-03-23T18:50:29.721;152;1,5
2026-03-23T18:50:30.204;154;1,8
2026-03-23T18:50:31.643;155;2,4
2026-03-23T18:50:32.121;155;2,7
2026-03-23T18:50:33.083;157;2,7
2026-03-23T18:50:34.044;158;3,4
2026-03-23T18:50:35.483;158;3,9
2026-03-23T18:50:36.430;158;4,9
2026-03-23T18:50:37.405;158;5,2
2026-03-23T18:50:38.843;158;5,1
2026-03-23T18:50:39.323;158;5,2
2026-03-23T18:50:40.762;157;5,2
2026-03-23T18:50:41.241;159;5,5
2026-03-23T18:50:43.165;160;5,3
2026-03-23T18:50:43.168;160;5,1
2026-03-23T18:50:44.599;160;5,1
2026-03-23T18:50:45.079;160;4,7
2026-03-23T18:50:46.039;161;3,8
2026-03-23T18:50:47.478;161;3,0
2026-03-23T18:50:48.444;161;2,7
2026-03-23T18:50:49.388;160;2,7
2026-03-23T18:50:50.843;161;2,5
2026-03-23T18:50:51.312;161;2,4
2026-03-23T18:50:52.285;161;1,3
2026-03-23T18:50:53.241;160;1,2
2026-03-23T18:50:54.204;161;1,2
2026-03-23T18:50:55.164;161;1,1
2026-03-23T18:50:56.125;161;1,1
2026-03-23T18:50:58.044;161;1,1
2026-03-23T18:50:58.048;161;1,1
2026-03-23T18:50:59.483;161;1,0
2026-03-23T18:51:00.431;161;1,1
2026-03-23T18:51:01.404;160;1,8
2026-03-23T18:51:02.348;160;1,8
2026-03-23T18:51:03.324;160;1,7
2026-03-23T18:51:04.268;160;1,7
2026-03-23T18:51:05.243;160;1,8
2026-03-23T18:51:06.203;160;1,8
2026-03-23T18:51:07.164;160;1,8
2026-03-23T18:51:08.105;159;1,9
2026-03-23T18:51:09.084;159;1,9
2026-03-23T18:51:10.044;159;1,8
2026-03-23T18:51:11.465;159;1,8
2026-03-23T18:51:12.443;158;1,3
2026-03-23T18:51:13.385;158;1,4
2026-03-23T18:51:14.363;157;1,4
2026-03-23T18:51:15.325;156;1,3
2026-03-23T18:51:16.282;156;1,5
2026-03-23T18:51:17.244;155;1,5
2026-03-23T18:51:18.204;154;1,7
2026-03-23T18:51:19.159;153;1,6
2026-03-23T18:51:20.120;151;1,8
2026-03-23T18:51:21.082;150;1,9
2026-03-23T18:51:22.045;147;2,3
2026-03-23T18:51:23.470;146;2,2
2026-03-23T18:51:24.429;144;2,1
2026-03-23T18:51:25.404;144;2,2
2026-03-23T18:51:26.348;144;2,2
2026-03-23T18:51:27.804;144;2,2
2026-03-23T18:51:28.283;143;2,2
2026-03-23T18:51:29.244;141;2,9
2026-03-23T18:51:30.193;139;2,8
2026-03-23T18:51:31.642;138;2,8
2026-03-23T18:51:32.112;137;2,7
2026-03-23T18:51:33.085;138;2,7
2026-03-23T18:51:34.042;138;2,5
2026-03-23T18:51:35.484;139;2,5
2026-03-23T18:51:36.443;139;2,5
2026-03-23T18:51:37.389;139;2,5
2026-03-23T18:51:38.350;139;2,5
2026-03-23T18:51:39.309;139;2,5
2026-03-23T18:51:40.283;140;2,5
2026-03-23T18:51:41.225;140;2,2
2026-03-23T18:51:42.688;141;1,7
2026-03-23T18:51:43.151;141;1,7
2026-03-23T18:51:45.085;140;2,1
2026-03-23T18:51:45.087;138;2,8
2026-03-23T18:51:46.044;135;3,0
2026-03-23T18:51:47.482;133;3,1
2026-03-23T18:51:48.443;131;3,2
2026-03-23T18:51:49.404;130;3,2
2026-03-23T18:51:50.364;130;3,3
2026-03-23T18:51:51.324;130;3,4
2026-03-23T18:51:52.284;131;3,4
2026-03-23T18:51:53.243;131;3,4
2026-03-23T18:51:54.198;131;3,2
2026-03-23T18:51:55.164;130;3,3
2026-03-23T18:51:56.603;130;3,3
2026-03-23T18:51:57.563;130;3,3
2026-03-23T18:51:58.026;129;2,8
2026-03-23T18:51:59.484;130;2,1
2026-03-23T18:52:00.924;130;1,8
2026-03-23T18:52:01.403;130;1,6
2026-03-23T18:52:02.364;130;1,6
2026-03-23T18:52:03.323;130;1,4
2026-03-23T18:52:04.761;129;1,3
2026-03-23T18:52:05.242;129;1,2
2026-03-23T18:52:06.682;130;1,2
2026-03-23T18:52:07.163;130;1,2
2026-03-23T18:52:08.124;130;1,2
2026-03-23T18:52:09.084;129;1,2
2026-03-23T18:52:10.033;129;1,3
2026-03-23T18:52:11.482;128;1,9
2026-03-23T18:52:12.445;127;1,8
2026-03-23T18:52:13.404;126;1,8
2026-03-23T18:52:14.364;126;1,8
2026-03-23T18:52:15.324;126;1,8
2026-03-23T18:52:16.285;126;2,1
2026-03-23T18:52:18.203;126;2,1
2026-03-23T18:52:18.206;127;2,1
2026-03-23T18:52:19.163;127;2,2
2026-03-23T18:52:20.123;126;2,2
2026-03-23T18:52:21.567;126;2,1
2026-03-23T18:52:22.044;126;2,1
2026-03-23T18:52:23.484;126;2,0
2026-03-23T18:52:24.443;126;1,9
2026-03-23T18:52:25.866;126;1,4
2026-03-23T18:52:27.804;125;1,4
2026-03-23T18:52:27.807;125;1,4
2026-03-23T18:52:28.283;125;1,5
2026-03-23T18:52:29.245;125;1,2
2026-03-23T18:52:30.203;125;1,0
2026-03-23T18:52:32.124;125;0,9
2026-03-23T18:52:33.563;125;0,9
2026-03-23T18:52:33.566;126;0,9
2026-03-23T18:52:34.042;126;0,9
2026-03-23T18:52:35.485;125;1,3
2026-03-23T18:52:36.441;125;1,3
2026-03-23T18:52:37.404;124;1,3
2026-03-23T18:52:38.364;124;1,3
2026-03-23T18:52:39.325;125;1,6
2026-03-23T18:52:40.284;125;1,6
2026-03-23T18:52:41.241;126;1,6
2026-03-23T18:52:44.124;126;1,6
2026-03-23T18:52:44.127;126;1,7
2026-03-23T18:52:44.129;126;1,7
2026-03-23T18:52:45.083;125;1,7
2026-03-23T18:52:46.044;124;1,8
2026-03-23T18:52:47.470;124;1,7
2026-03-23T18:52:49.405;124;1,8
2026-03-23T18:52:49.408;125;1,5
2026-03-23T18:52:50.364;125;1,5
2026-03-23T18:52:51.324;124;1,5
2026-03-23T18:52:52.760;124;1,7
2026-03-23T18:52:53.242;123;1,7
2026-03-23T18:52:54.186;123;1,4
2026-03-23T18:52:55.165;122;1,4
2026-03-23T18:52:56.123;122;1,4
2026-03-23T18:52:57.085;123;1,4
2026-03-23T18:52:58.044;123;1,4
2026-03-23T18:53:01.884;123;1,3
2026-03-23T18:53:01.887;123;2,0
2026-03-23T18:53:01.889;122;2,1
2026-03-23T18:53:04.283;121;2,1
2026-03-23T18:53:04.286;121;2,1
2026-03-23T18:53:04.288;121;2,1
2026-03-23T18:53:05.238;121;2,3
2026-03-23T18:53:06.684;122;2,5
2026-03-23T18:53:07.163;124;2,6
2026-03-23T18:53:08.124;125;2,6
2026-03-23T18:53:10.513;125;2,6
2026-03-23T18:53:10.516;126;2,6
2026-03-23T18:53:11.474;126;2,6
2026-03-23T18:53:12.436;126;2,5
2026-03-23T18:53:13.404;126;2,5
2026-03-23T18:53:14.845;126;2,0
2026-03-23T18:53:16.282;126;1,9
2026-03-23T18:53:16.285;126;2,0
2026-03-23T18:53:18.681;127;2,0
2026-03-23T18:53:18.682;127;2,1
2026-03-23T18:53:20.124;126;1,9
2026-03-23T18:53:20.604;125;1,8
2026-03-23T18:53:21.083;124;1,7
2026-03-23T18:53:22.524;124;1,7
2026-03-23T18:53:23.472;124;1,8
2026-03-23T18:53:24.924;124;1,9
2026-03-23T18:53:25.387;125;1,9
2026-03-23T18:53:26.363;125;2,0
2026-03-23T18:53:27.307;126;2,0
2026-03-23T18:53:28.284;126;2,0
2026-03-23T18:53:29.227;126;2,0
2026-03-23T18:53:31.153;126;2,0
2026-03-23T18:53:31.641;125;2,0
2026-03-23T18:53:32.124;125;2,0
2026-03-23T18:53:33.084;125;1,6
2026-03-23T18:53:34.512;126;1,6
2026-03-23T18:53:35.484;126;1,6
2026-03-23T18:53:36.444;126;1,6
2026-03-23T18:53:37.405;125;2,3
2026-03-23T18:53:38.350;124;3,1
2026-03-23T18:53:39.325;121;4,2
2026-03-23T18:53:40.269;119;4,1
2026-03-23T18:53:41.245;118;4,4
2026-03-23T18:53:43.165;119;4,5
2026-03-23T18:53:43.168;120;4,6
2026-03-23T18:53:44.124;121;4,7
2026-03-23T18:53:45.547;122;4,7
2026-03-23T18:53:46.523;122;4,6
2026-03-23T18:53:47.485;122;4,7
2026-03-23T18:53:49.404;122;4,6
2026-03-23T18:53:49.883;121;4,6
2026-03-23T18:53:50.363;121;4,6
2026-03-23T18:53:51.310;121;4,6
2026-03-23T18:53:52.284;121;4,4
2026-03-23T18:53:54.685;122;3,5
2026-03-23T18:53:54.687;123;2,9
2026-03-23T18:53:55.164;123;2,8
2026-03-23T18:53:57.086;123;2,5
2026-03-23T18:53:57.089;120;4,3
2026-03-23T18:53:58.525;117;4,9
2026-03-23T18:53:59.965;116;4,9
2026-03-23T18:54:00.447;116;5,1
2026-03-23T18:54:01.404;117;5,2
2026-03-23T18:54:02.346;117;5,2
2026-03-23T18:54:03.325;118;5,2
2026-03-23T18:54:04.268;119;5,3
2026-03-23T18:54:05.245;120;5,3
2026-03-23T18:54:06.205;120;5,4
2026-03-23T18:54:07.166;120;5,2
2026-03-23T18:54:08.124;120;5,3
2026-03-23T18:54:09.084;118;5,5
2026-03-23T18:54:10.027;117;5,6
2026-03-23T18:54:11.485;116;5,5
2026-03-23T18:54:12.451;116;4,2
2026-03-23T18:54:13.405;117;3,4
2026-03-23T18:54:14.845;117;3,6
2026-03-23T18:54:15.324;118;3,2
2026-03-23T18:54:16.285;119;3,3
2026-03-23T18:54:17.231;120;3,2
2026-03-23T18:54:18.205;121;3,2
2026-03-23T18:54:19.643;120;3,4
2026-03-23T18:54:20.124;119;3,4
2026-03-23T18:54:21.562;119;3,4
2026-03-23T18:54:22.987;119;3,3
2026-03-23T18:54:23.483;119;3,1
2026-03-23T18:54:24.445;120;2,9
2026-03-23T18:54:25.389;121;3,0
2026-03-23T18:54:26.365;122;3,0
2026-03-23T18:54:27.325;123;2,9
2026-03-23T18:54:28.284;123;2,9
2026-03-23T18:54:29.246;122;2,7
2026-03-23T18:54:30.673;122;2,6
2026-03-23T18:54:31.165;122;2,5
2026-03-23T18:54:32.124;122;2,5
2026-03-23T18:54:33.084;122;2,1
2026-03-23T18:54:34.045;123;1,9
2026-03-23T18:54:35.485;123;2,0
2026-03-23T18:54:37.405;123;1,9
2026-03-23T18:54:37.868;123;1,7
2026-03-23T18:54:38.364;123;1,5
2026-03-23T18:54:39.325;123;1,4
2026-03-23T18:54:40.284;123;1,3
2026-03-23T18:54:41.711;123;1,3
2026-03-23T18:54:42.202;122;1,2
2026-03-23T18:54:43.165;122;1,1
2026-03-23T18:54:45.085;122;1,0
2026-03-23T18:54:45.548;122;1,7
2026-03-23T18:54:46.045;121;2,0
2026-03-23T18:54:47.486;120;2,2
2026-03-23T18:54:48.910;119;2,1
2026-03-23T18:54:49.404;119;2,4
2026-03-23T18:54:50.365;119;2,4
2026-03-23T18:54:51.321;119;2,4
2026-03-23T18:54:52.285;120;2,4
2026-03-23T18:54:53.246;120;2,4
2026-03-23T18:54:54.204;119;2,5
2026-03-23T18:54:55.164;119;2,4
2026-03-23T18:54:56.125;118;2,4
2026-03-23T18:54:57.086;118;2,4
2026-03-23T18:54:58.045;119;2,4
2026-03-23T18:54:59.485;119;2,5
2026-03-23T18:55:00.433;119;2,1
2026-03-23T18:55:01.404;120;1,9
2026-03-23T18:55:02.364;119;1,6
2026-03-23T18:55:03.324;120;1,6
2026-03-23T18:55:04.274;119;1,2
2026-03-23T18:55:05.245;119;1,1
2026-03-23T18:55:06.204;120;1,1
2026-03-23T18:55:08.124;120;1,1
2026-03-23T18:55:08.127;120;1,1
2026-03-23T18:55:09.085;120;0,9
2026-03-23T18:55:10.045;120;0,9
2026-03-23T18:55:11.965;120;0,9
2026-03-23T18:55:12.926;120;0,8
2026-03-23T18:55:13.393;120;0,7
2026-03-23T18:55:14.365;121;1,0
2026-03-23T18:55:15.326;122;2,0
2026-03-23T18:55:16.765;124;2,0
2026-03-23T18:55:17.244;124;2,0
2026-03-23T18:55:18.205;124;2,0
2026-03-23T18:55:19.645;122;4,4
2026-03-23T18:55:20.124;120;6,5
2026-03-23T18:55:22.046;117;21,3
2026-03-23T18:55:22.522;116;21,3
2026-03-23T18:55:23.484;112;24,2
2026-03-23T18:55:24.445;112;26,0
2026-03-23T18:55:25.406;114;26,1
2026-03-23T18:55:26.361;116;26,2
2026-03-23T18:55:27.805;117;26,2
2026-03-23T18:55:28.269;119;26,2
2026-03-23T18:55:29.246;120;26,2
2026-03-23T18:55:31.163;121;26,2
2026-03-23T18:55:31.164;122;26,1
2026-03-23T18:55:32.125;122;26,1
2026-03-23T18:55:33.086;123;26,1
2026-03-23T18:55:34.045;124;25,4
2026-03-23T18:55:35.965;125;15,3
2026-03-23T18:55:37.406;126;15,3
2026-03-23T18:55:37.409;127;10,0
2026-03-23T18:55:38.363;127;3,1
2026-03-23T18:55:39.322;126;2,4
2026-03-23T18:55:40.286;126;2,2
2026-03-23T18:55:41.239;127;2,3
2026-03-23T18:55:42.206;128;2,2
2026-03-23T18:55:43.148;128;2,4
2026-03-23T18:55:44.122;129;2,4
2026-03-23T18:55:45.084;129;2,4
2026-03-23T18:55:46.519;129;2,5
2026-03-23T18:55:47.485;129;2,3
2026-03-23T18:55:48.453;129;2,3
2026-03-23T18:55:49.407;130;2,5
2026-03-23T18:55:50.366;130;2,5
2026-03-23T18:55:51.326;132;2,7
2026-03-23T18:55:52.269;133;2,6
2026-03-23T18:55:53.245;134;19,7
2026-03-23T18:55:54.193;134;30,8
2026-03-23T18:55:55.149;137;30,8
2026-03-23T18:55:56.107;141;30,9
2026-03-23T18:55:57.074;144;30,9
2026-03-23T18:55:58.046;147;30,9
2026-03-23T18:55:59.486;149;30,9
2026-03-23T18:56:00.446;151;30,9
2026-03-23T18:56:01.406;152;30,9
2026-03-23T18:56:03.308;153;30,9
2026-03-23T18:56:03.310;154;30,9
2026-03-23T18:56:04.273;154;30,9
2026-03-23T18:56:05.709;153;30,9
2026-03-23T18:56:06.194;153;30,9
2026-03-23T18:56:07.628;153;4,4
2026-03-23T18:56:09.086;155;4,1
2026-03-23T18:56:10.045;156;4,1
2026-03-23T18:56:11.007;157;4,1
2026-03-23T18:56:11.485;157;3,8
2026-03-23T18:56:12.926;158;3,8
2026-03-23T18:56:13.393;158;3,6
2026-03-23T18:56:14.830;159;3,6
2026-03-23T18:56:15.325;159;3,5
2026-03-23T18:56:16.286;159;3,0
2026-03-23T18:56:17.246;159;3,0
2026-03-23T18:56:18.208;160;1,4
2026-03-23T18:56:19.166;160;1,3
2026-03-23T18:56:20.109;160;1,1
2026-03-23T18:56:21.086;159;1,1
2026-03-23T18:56:22.047;159;1,2
2026-03-23T18:56:23.486;160;1,2
2026-03-23T18:56:24.448;159;1,1
2026-03-23T18:56:25.406;160;0,9
2026-03-23T18:56:27.326;160;0,9
2026-03-23T18:56:27.329;160;1,0
2026-03-23T18:56:28.286;160;1,0
2026-03-23T18:56:29.247;160;1,0
2026-03-23T18:56:30.205;160;1,0
2026-03-23T18:56:31.166;160;1,0
2026-03-23T18:56:32.127;161;1,2
2026-03-23T18:56:33.084;161;1,3
2026-03-23T18:56:34.047;161;2,3
2026-03-23T18:56:35.485;161;2,8
2026-03-23T18:56:36.452;161;2,8
2026-03-23T18:56:37.407;162;2,8
2026-03-23T18:56:38.368;162;2,8
2026-03-23T18:56:39.325;162;2,8
2026-03-23T18:56:40.286;163;2,8
2026-03-23T18:56:41.245;163;2,8
2026-03-23T18:56:43.165;163;16,9
2026-03-23T18:56:43.168;163;23,4
2026-03-23T18:56:45.568;163;26,1
2026-03-23T18:56:45.571;163;26,2
2026-03-23T18:56:46.044;163;26,2
2026-03-23T18:56:47.966;163;26,9
2026-03-23T18:56:49.395;163;27,5
2026-03-23T18:56:49.398;163;28,0
2026-03-23T18:56:53.707;163;35,8
2026-03-23T18:56:55.647;164;35,8
2026-03-23T18:56:55.650;163;35,8
2026-03-23T18:56:55.652;163;35,8
2026-03-23T18:56:55.655;163;31,6
2026-03-23T18:56:56.126;164;27,2
2026-03-23T18:56:56.129;164;24,6
2026-03-23T18:56:57.085;165;24,5
2026-03-23T18:56:58.528;164;23,6
2026-03-23T18:56:59.475;165;22,9
2026-03-23T18:57:00.448;164;1,2
2026-03-23T18:57:01.404;164;1,2
2026-03-23T18:57:02.367;164;1,2
2026-03-23T18:57:03.315;164;1,2
2026-03-23T18:57:04.288;164;1,0
2026-03-23T18:57:05.235;164;1,0
2026-03-23T18:57:06.684;165;1,1
2026-03-23T18:57:07.167;165;1,1
2026-03-23T18:57:08.127;165;1,1
2026-03-23T18:57:09.086;164;1,1
2026-03-23T18:57:10.046;164;1,2
2026-03-23T18:57:11.487;164;1,2
2026-03-23T18:57:12.436;164;1,6
2026-03-23T18:57:13.885;164;2,0
2026-03-23T18:57:14.847;164;3,3
2026-03-23T18:57:15.323;164;3,4
2026-03-23T18:57:16.285;165;67,5
2026-03-23T18:57:17.246;165;95,4
2026-03-23T18:57:18.675;165;95,4
2026-03-23T18:57:19.155;165;95,4
2026-03-23T18:57:20.115;165;95,4
2026-03-23T18:57:21.084;165;95,4
2026-03-23T18:57:22.047;166;95,4
2026-03-23T18:57:23.471;166;95,4
2026-03-23T18:57:24.445;166;95,4
2026-03-23T18:57:25.391;166;95,4
2026-03-23T18:57:26.365;166;95,4
2026-03-23T18:57:27.313;167;95,3
2026-03-23T18:57:28.285;167;1,3
2026-03-23T18:57:29.246;167;21,0
2026-03-23T18:57:30.206;167;21,0
2026-03-23T18:57:31.150;167;22,0
2026-03-23T18:57:32.114;167;22,2
2026-03-23T18:57:33.076;168;28,8
2026-03-23T18:57:34.049;168;30,3
2026-03-23T18:57:35.967;168;30,9
2026-03-23T18:57:36.447;168;30,9
2026-03-23T18:57:37.407;168;30,9
2026-03-23T18:57:38.368;168;30,9
2026-03-23T18:57:39.327;168;30,9
2026-03-23T18:57:40.287;168;30,9
2026-03-23T18:57:41.247;168;22,7
2026-03-23T18:57:43.167;167;21,7
2026-03-23T18:57:43.170;167;11,1
2026-03-23T18:57:44.115;167;6,2
2026-03-23T18:57:45.567;167;1,2
2026-03-23T18:57:46.046;167;1,1
2026-03-23T18:57:47.486;167;1,0
2026-03-23T18:57:48.448;167;1,0
2026-03-23T18:57:49.390;167;1,1
2026-03-23T18:57:50.367;167;1,1
2026-03-23T18:57:51.311;167;1,0
2026-03-23T18:57:53.229;167;0,9
2026-03-23T18:57:53.233;167;1,1
2026-03-23T18:57:54.202;167
2026-03-23T18:57:55.166;167;1,2
2026-03-23T18:57:56.127;167;1,3
2026-03-23T18:57:57.070;168;1,3
2026-03-23T18:57:58.047;167;1,2
2026-03-23T18:57:59.486;168;1,3
2026-03-23T18:58:00.453;167;1,3
2026-03-23T18:58:01.394;167;1,3
2026-03-23T18:58:02.353;168;1,6
2026-03-23T18:58:03.313;167;1,5
2026-03-23T18:58:04.288;168;1,5
2026-03-23T18:58:05.229;168;1,4
2026-03-23T18:58:06.684;168;1,2
2026-03-23T18:58:07.162;168;1,1
2026-03-23T18:58:08.109;168;1,2
2026-03-23T18:58:09.548;168;1,2
2026-03-23T18:58:10.035;168;1,1
2026-03-23T18:58:11.949;169;1,0
2026-03-23T18:58:12.445;170;1,8
2026-03-23T18:58:13.406;171;1,6
2026-03-23T18:58:14.366;172;1,9
2026-03-23T18:58:15.328;170;1,9
2026-03-23T18:58:16.283;170;1,8
2026-03-23T18:58:17.248;169;1,8
2026-03-23T18:58:19.167;169;1,8
2026-03-23T18:58:19.171;169;1,8
2026-03-23T18:58:21.068;169;1,8
2026-03-23T18:58:21.071;168;1,8
2026-03-23T18:58:22.047;168;1,9
2026-03-23T18:58:23.486;168;1,2
2026-03-23T18:58:24.448;168;0,8
2026-03-23T18:58:25.406;168;0,8
2026-03-23T18:58:26.366;169;0,8
2026-03-23T18:58:27.326;169;0,9
2026-03-23T18:58:28.286;168;1,1
2026-03-23T18:58:30.207;168;1,1
2026-03-23T18:58:30.670;168;1,1
2026-03-23T18:58:31.167;168;1,3
2026-03-23T18:58:32.127;168;1,3
2026-03-23T18:58:34.048;168;1,5
2026-03-23T18:58:34.517;168;1,6
2026-03-23T18:58:35.488;168;1,7
2026-03-23T18:58:36.448;168;1,8
2026-03-23T18:58:37.404;169;1,8
2026-03-23T18:58:38.368;169;1,8
2026-03-23T18:58:39.326;169;1,8
2026-03-23T18:58:40.286;169;1,9
2026-03-23T18:58:41.247;169;1,9
2026-03-23T18:58:42.209;169;1,7
2026-03-23T18:58:43.167;170;1,7
2026-03-23T18:58:44.128;170;1,4
2026-03-23T18:58:45.088;170;1,5
2026-03-23T18:58:46.048;169;1,2
2026-03-23T18:58:47.485;169;1,2
2026-03-23T18:58:48.453;169;1,1
2026-03-23T18:58:49.408;169;1,2
2026-03-23T18:58:50.368;169;0,7
2026-03-23T18:58:51.326;169;0,7
2026-03-23T18:58:52.287;169;0,7
2026-03-23T18:58:53.248;169;0,7
2026-03-23T18:58:54.207;169;0,7
2026-03-23T18:58:55.167;169;0,8
2026-03-23T18:58:56.130;169;0,9
2026-03-23T18:58:57.085;169;1,1
2026-03-23T18:58:58.049;170;1,1
2026-03-23T18:58:59.950;170;1,1
2026-03-23T18:59:00.445;171;1,4
2026-03-23T18:59:01.409;171;1,4
2026-03-23T18:59:02.847;171;1,3
2026-03-23T18:59:03.806;170;1,3
2026-03-23T18:59:04.284;170
2026-03-23T18:59:05.711;170;1,3
2026-03-23T18:59:06.202;170
2026-03-23T18:59:09.564;170
2026-03-23T18:59:09.566;170
2026-03-23T18:59:09.569;171;1,3
2026-03-23T18:59:10.046;171;40,5
2026-03-23T18:59:11.474;170;56,7
2026-03-23T18:59:12.447;170;56,7
2026-03-23T18:59:13.396;170;56,7
2026-03-23T18:59:14.369;170;56,7
2026-03-23T18:59:15.326;170;56,7
2026-03-23T18:59:16.287;170;56,7
2026-03-23T18:59:17.248;170;56,7
2026-03-23T18:59:18.208;169;56,7
2026-03-23T18:59:19.168;169;56,7
2026-03-23T18:59:20.128;169;39,8
2026-03-23T18:59:21.087;169;1,1
2026-03-23T18:59:22.509;169;1,1
2026-03-23T18:59:23.008;169;1,1
2026-03-23T18:59:24.434;168;0,9
2026-03-23T18:59:25.408;168;0,9
2026-03-23T18:59:26.351;168;1,0
2026-03-23T18:59:27.328;168;1,0
2026-03-23T18:59:28.766;169;1,0
2026-03-23T18:59:29.246;169;1,8
2026-03-23T18:59:30.208;169;2,4
2026-03-23T18:59:31.631;170;2,8
2026-03-23T18:59:32.128;169;2,9
2026-03-23T18:59:33.555;170;2,9
2026-03-23T18:59:34.030;170;2,9
2026-03-23T18:59:35.469;170;3,0
2026-03-23T18:59:37.869;170;3,0
2026-03-23T18:59:37.872;170;87,6
2026-03-23T18:59:38.348;170;87,6
2026-03-23T18:59:39.311;170;87,6
2026-03-23T18:59:40.287;170;87,6
2026-03-23T18:59:41.236;170;87,6
2026-03-23T18:59:43.157;170;87,6
2026-03-23T18:59:43.161;170;87,6
2026-03-23T18:59:44.128;171;87,6
2026-03-23T18:59:46.048;171;87,6
2026-03-23T18:59:46.051;171;87,6
2026-03-23T18:59:47.487;171;62,1
2026-03-23T18:59:48.432;171;2,1
2026-03-23T18:59:49.408;171;2,1
2026-03-23T18:59:50.348;170;2,1
2026-03-23T18:59:52.288;171;2,1
2026-03-23T18:59:52.292;171;2,1
2026-03-23T18:59:53.725;170;1,9
2026-03-23T18:59:54.191;170;1,9
2026-03-23T18:59:55.169;170;1,1
2026-03-23T18:59:56.606;170;1,1
2026-03-23T18:59:57.568;170;0,6
2026-03-23T18:59:58.036;170;0,7
2026-03-23T18:59:59.487;169;0,6
2026-03-23T19:00:00.447;169;0,6
2026-03-23T19:00:01.408;169;0,8
2026-03-23T19:00:02.366;169;1,0
2026-03-23T19:00:03.328;168;1,0
2026-03-23T19:00:04.764;168;1,0
2026-03-23T19:00:05.728;168;1,0
2026-03-23T19:00:06.207;168;1,0
2026-03-23T19:00:07.158;168;0,9
2026-03-23T19:00:09.076;167;1,2
2026-03-23T19:00:09.080;167;1,3
2026-03-23T19:00:10.049;166;1,3
2026-03-23T19:00:11.487;166;1,3
2026-03-23T19:00:12.450;166;1,1
2026-03-23T19:00:13.409;165;1,2
2026-03-23T19:00:14.353;165;1,2
2026-03-23T19:00:15.328;165;1,2
2026-03-23T19:00:16.271;164;1,3
2026-03-23T19:00:17.230;164;1,3
2026-03-23T19:00:18.197;164;1,3
2026-03-23T19:00:19.168;163;1,0
2026-03-23T19:00:20.129;163;1,0
2026-03-23T19:00:21.087;162;1,0
2026-03-23T19:00:22.047;162;1,0
2026-03-23T19:00:23.488;162;0,9
2026-03-23T19:00:24.448;161;0,8
2026-03-23T19:00:25.408;161;0,8
2026-03-23T19:00:26.369;160;0,8
2026-03-23T19:00:27.329;160;0,7
2026-03-23T19:00:28.287;160;0,8
2026-03-23T19:00:29.248;159;0,9
2026-03-23T19:00:30.686;159;0,9
2026-03-23T19:00:32.129;159;0,8
2026-03-23T19:00:32.132;158;0,9
2026-03-23T19:00:34.527;158;0,9
2026-03-23T19:00:34.531;157;0,9
2026-03-23T19:00:35.007;156;0,9
2026-03-23T19:00:36.914;155;1,0
2026-03-23T19:00:37.405;154;1,0
2026-03-23T19:00:38.361;153;1,1
2026-03-23T19:00:39.327;152;1,2
2026-03-23T19:00:40.288;151;1,2
2026-03-23T19:00:42.205;151;1,2
2026-03-23T19:00:42.207;150;1,3
2026-03-23T19:00:43.168;149;1,3
2026-03-23T19:00:44.128;148;1,4
2026-03-23T19:00:45.083;147;1,3
2026-03-23T19:00:46.043;146;1,4
2026-03-23T19:00:47.003;146;1,3
2026-03-23T19:00:48.443;145;1,3
2026-03-23T19:00:49.874;145;1,4
2026-03-23T19:00:50.367;145;1,5
2026-03-23T19:00:52.289;145;1,3
2026-03-23T19:00:52.292;146;1,3
2026-03-23T19:00:53.716;146;1,3
2026-03-23T19:00:54.205;146;1,4
2026-03-23T19:00:55.167;146;1,4
2026-03-23T19:00:56.129;146;1,3
2026-03-23T19:00:57.088;146;1,3
2026-03-23T19:00:58.044;146;1,2
2026-03-23T19:00:59.470;145;1,2
2026-03-23T19:01:00.445;146;1,2
2026-03-23T19:01:01.405;146;1,1
2026-03-23T19:01:02.364;146;1,0
2026-03-23T19:01:03.325;146;1,1
2026-03-23T19:01:04.287;145;1,1
2026-03-23T19:01:05.245;145;1,2
2026-03-23T19:01:06.209;144;1,2
2026-03-23T19:01:07.167;143;1,2
2026-03-23T19:01:08.607;142;1,3
2026-03-23T19:01:09.089;140;1,7
2026-03-23T19:01:10.047;139;1,7
2026-03-23T19:01:11.008;138;1,7
2026-03-23T19:01:12.433;137;2,1
2026-03-23T19:01:13.409;136;2,2
2026-03-23T19:01:14.356;136;2,2
2026-03-23T19:01:15.327;136;2,2
2026-03-23T19:01:16.288;135;2,5
2026-03-23T19:01:18.692;134;2,6
2026-03-23T19:01:18.694;133;2,5
2026-03-23T19:01:19.165;132;2,5
2026-03-23T19:01:20.128;132;2,5
2026-03-23T19:01:21.088;132;2,5
2026-03-23T19:01:23.010;133;2,3
2026-03-23T19:01:23.013;133;2,3
