Phone timestamp;HR [bpm];HRV [ms];Breathing interval [rpm];
2026-03-23T19:02:15.350;129;2,4
2026-03-23T19:02:16.307;129;2,6
2026-03-23T19:02:17.260;128;2,5
2026-03-23T19:02:18.228;128;2,7
2026-03-23T19:02:19.172;127;2,7
2026-03-23T19:02:20.148;127;2,4
2026-03-23T19:02:21.091;127;2,3
2026-03-23T19:02:22.067;127;2,3
2026-03-23T19:02:23.028;126;2,2
2026-03-23T19:02:24.468;126;2,2
2026-03-23T19:02:26.382;126;2,2
2026-03-23T19:02:26.384;126;2,1
2026-03-23T19:02:27.348;125;2,2
2026-03-23T19:02:28.308;125;2,2
2026-03-23T19:02:29.268;126;2,0
2026-03-23T19:02:30.215;127;1,7
2026-03-23T19:02:31.188;128;1,4
2026-03-23T19:02:32.129;128;1,5
2026-03-23T19:02:33.107;128;1,5
2026-03-23T19:02:34.056;128;1,5
2026-03-23T19:02:35.985;128;1,5
2026-03-23T19:02:36.472;129;1,5
2026-03-23T19:02:38.386;129;1,6
2026-03-23T19:02:38.390;129;1,7
2026-03-23T19:02:39.349;128;1,8
2026-03-23T19:02:40.786;127;1,8
2026-03-23T19:02:41.266;127;1,8
2026-03-23T19:02:42.228;127;1,8
2026-03-23T19:02:43.171;127;1,3
2026-03-23T19:02:44.148;127;1,3
2026-03-23T19:02:45.109;126;1,4
2026-03-23T19:02:46.069;126;1,2
2026-03-23T19:02:47.989;125;1,2
2026-03-23T19:02:48.470;125;1,2
2026-03-23T19:02:49.427;125;1,2
2026-03-23T19:02:50.387;125;1,3
2026-03-23T19:02:51.348;126;1,3
2026-03-23T19:02:52.309;126;1,1
2026-03-23T19:02:53.269;126;1,2
2026-03-23T19:02:55.189;126;1,2
2026-03-23T19:02:55.191;126;1,2
2026-03-23T19:02:56.132;126;1,2
2026-03-23T19:02:57.108;126;1,2
2026-03-23T19:02:58.070;125;1,3
2026-03-23T19:02:59.029;125;1,2
2026-03-23T19:03:00.466;125;1,2
2026-03-23T19:03:01.428;125;1,1
2026-03-23T19:03:03.348;125;1,1
2026-03-23T19:03:03.351;125;1,2
2026-03-23T19:03:04.307;125;1,2
2026-03-23T19:03:05.268;125;1,1
2026-03-23T19:03:06.227;125;1,1
2026-03-23T19:03:07.189;125;0,8
2026-03-23T19:03:08.148;125;0,8
2026-03-23T19:03:09.109;125;0,8
2026-03-23T19:03:10.070;124;1,0
2026-03-23T19:03:11.490;124;0,9
2026-03-23T19:03:12.464;124;0,9
2026-03-23T19:03:13.429;123;1,2
2026-03-23T19:03:14.387;123;1,2
2026-03-23T19:03:15.347;122;2,0
2026-03-23T19:03:16.308;121;2,1
2026-03-23T19:03:17.268;120;2,1
2026-03-23T19:03:18.228;119;2,1
2026-03-23T19:03:19.666;119;2,1
2026-03-23T19:03:20.145;119;2,3
2026-03-23T19:03:21.108;119;2,3
2026-03-23T19:03:22.068;120;2,3
2026-03-23T19:03:23.029;119;2,3
2026-03-23T19:03:24.468;119;2,3
2026-03-23T19:03:25.429;119;2,3
2026-03-23T19:03:26.384;119;2,3
2026-03-23T19:03:27.348;119;2,3
2026-03-23T19:03:28.309;119;2,6
2026-03-23T19:03:29.268;120;2,6
2026-03-23T19:03:30.227;120;2,0
2026-03-23T19:03:31.189;120;2,0
2026-03-23T19:03:32.132;120;2,0
2026-03-23T19:03:33.109;120;2,1
2026-03-23T19:03:34.068;119;1,8
2026-03-23T19:03:35.988;119;1,8
2026-03-23T19:03:37.426;119;1,8
2026-03-23T19:03:37.429;119;1,9
2026-03-23T19:03:39.337;119;1,9
2026-03-23T19:03:39.340;119;2,1
2026-03-23T19:03:40.310;119;2,1
2026-03-23T19:03:41.253;119;2,1
2026-03-23T19:03:42.229;119;2,0
2026-03-23T19:03:44.610;119;1,6
2026-03-23T19:03:45.108;119;1,6
2026-03-23T19:03:45.589;119;1,5
2026-03-23T19:03:46.068;119;1,5
2026-03-23T19:03:47.011;119;1,5
2026-03-23T19:03:48.457;119;1,5
2026-03-23T19:03:49.429;119;1,5
2026-03-23T19:03:50.868;119;1,5
2026-03-23T19:03:51.830;119;1,4
2026-03-23T19:03:52.297;119;1,4
2026-03-23T19:03:54.709;119;1,4
2026-03-23T19:03:54.711;119;1,1
2026-03-23T19:03:55.188;119;1,1
2026-03-23T19:03:56.147;118;1,3
2026-03-23T19:03:57.108;118;1,3
2026-03-23T19:03:58.069;118;1,3
2026-03-23T19:03:59.029;118;1,5
2026-03-23T19:04:00.469;119;1,5
2026-03-23T19:04:01.429;119;1,8
2026-03-23T19:04:02.386;119;1,8
2026-03-23T19:04:03.335;118;1,9
2026-03-23T19:04:04.309;118;1,9
2026-03-23T19:04:05.253;118;1,9
2026-03-23T19:04:06.229;118;2,4
2026-03-23T19:04:07.668;119;2,4
2026-03-23T19:04:08.149;119;2,4
2026-03-23T19:04:09.108;120;2,8
2026-03-23T19:04:10.063;120;2,7
2026-03-23T19:04:11.018;120;2,9
2026-03-23T19:04:12.469;120;3,0
2026-03-23T19:04:13.429;118;3,5
2026-03-23T19:04:14.370;118;3,5
2026-03-23T19:04:15.827;117;3,5
2026-03-23T19:04:16.292;117;3,3
2026-03-23T19:04:17.748;117;3,5
2026-03-23T19:04:18.216;118;3,5
2026-03-23T19:04:19.183;119;3,5
2026-03-23T19:04:20.628;118;3,8
2026-03-23T19:04:21.109;117;3,8
2026-03-23T19:04:22.050;116;3,8
2026-03-23T19:04:23.029;115;3,8
2026-03-23T19:04:24.468;115;3,5
2026-03-23T19:04:25.430;116;3,6
2026-03-23T19:04:26.389;116;3,4
2026-03-23T19:04:27.349;116;3,4
2026-03-23T19:04:28.308;116;2,8
2026-03-23T19:04:29.748;115;3,0
2026-03-23T19:04:30.229;114;3,2
2026-03-23T19:04:31.172;113;3,2
2026-03-23T19:04:32.149;113;3,1
2026-03-23T19:04:33.091;113;3,0
2026-03-23T19:04:34.069;114;3,1
2026-03-23T19:04:35.013;115;3,1
2026-03-23T19:04:36.948;116;2,7
2026-03-23T19:04:39.349;117;2,9
2026-03-23T19:04:39.352;117;2,9
2026-03-23T19:04:39.354;117;3,1
2026-03-23T19:04:40.308;116;3,6
2026-03-23T19:04:41.258;114;4,2
2026-03-23T19:04:42.229;113;4,2
2026-03-23T19:04:43.669;113;4,3
2026-03-23T19:04:44.630;113;4,3
2026-03-23T19:04:45.588;114;4,2
2026-03-23T19:04:46.069;115;4,2
2026-03-23T19:04:49.431;116;4,2
2026-03-23T19:04:49.434;116;4,2
2026-03-23T19:04:49.437;117;4,1
2026-03-23T19:04:50.389;117;3,9
2026-03-23T19:04:52.310;117;3,9
2026-03-23T19:04:52.312;117;3,8
2026-03-23T19:04:53.269;117;3,8
2026-03-23T19:04:54.229;117;3,6
2026-03-23T19:04:55.189;117;2,3
2026-03-23T19:04:56.150;117;2,2
2026-03-23T19:04:57.109;118;2,1
2026-03-23T19:04:58.070;118;1,9
2026-03-23T19:04:59.013;119;2,2
2026-03-23T19:05:00.472;120;2,0
2026-03-23T19:05:01.429;120;2,0
2026-03-23T19:05:03.333;121;1,9
2026-03-23T19:05:03.828;120;2,4
2026-03-23T19:05:04.303;119;2,4
2026-03-23T19:05:05.269;120;3,0
2026-03-23T19:05:06.229;120;3,0
2026-03-23T19:05:07.189;121;3,4
2026-03-23T19:05:08.150;123;4,5
2026-03-23T19:05:09.108;126;4,7
2026-03-23T19:05:10.070;128;4,8
2026-03-23T19:05:11.028;129;4,7
2026-03-23T19:05:12.950;130;4,7
2026-03-23T19:05:13.429;131;4,7
2026-03-23T19:05:14.379;133;5,1
2026-03-23T19:05:15.810;133
2026-03-23T19:05:16.292;136;5,1
2026-03-23T19:05:18.213;138;5,2
2026-03-23T19:05:18.215;138;4,9
2026-03-23T19:05:19.180;140;5,0
2026-03-23T19:05:20.149;140;4,6
2026-03-23T19:05:21.110;141;4,6
2026-03-23T19:05:22.552;141;3,1
2026-03-23T19:05:23.029;142;2,9
2026-03-23T19:05:24.469;143;2,7
2026-03-23T19:05:25.428;144;2,7
2026-03-23T19:05:26.388;145;2,7
2026-03-23T19:05:27.349;145;13,9
2026-03-23T19:05:28.308;146;13,9
2026-03-23T19:05:29.268;146;18,1
2026-03-23T19:05:30.228;147;18,1
2026-03-23T19:05:31.673;147;18,1
2026-03-23T19:05:32.148;147;18,1
2026-03-23T19:05:33.110;148;18,1
2026-03-23T19:05:35.030;148;18,1
2026-03-23T19:05:35.034;149;18,1
2026-03-23T19:05:36.460;148;18,1
2026-03-23T19:05:38.374;149;18,1
2026-03-23T19:05:38.376;149;18,1
2026-03-23T19:05:39.350;151;11,8
2026-03-23T19:05:41.269;151;11,8
2026-03-23T19:05:41.274;151;1,7
2026-03-23T19:05:42.226;152;1,7
2026-03-23T19:05:44.138;152;1,8
2026-03-23T19:05:44.142;152;1,9
2026-03-23T19:05:45.110;152;1,9
2026-03-23T19:05:46.069;153;1,9
2026-03-23T19:05:47.029;154;1,9
2026-03-23T19:05:48.950;154;2,0
2026-03-23T19:05:49.418;155;2,0
2026-03-23T19:05:50.390;155;2,0
2026-03-23T19:05:51.829;156;1,7
2026-03-23T19:05:52.307;156;1,7
2026-03-23T19:05:53.271;156;1,6
2026-03-23T19:05:55.179;156;2,1
2026-03-23T19:05:55.181;156;2,3
2026-03-23T19:05:56.150;156;2,5
2026-03-23T19:05:57.095;157;2,5
2026-03-23T19:05:58.551;157;2,7
2026-03-23T19:05:59.030;157;2,8
2026-03-23T19:06:00.451;158;2,7
2026-03-23T19:06:01.430;158;2,7
2026-03-23T19:06:03.350;157;2,7
2026-03-23T19:06:03.830;158;2,7
2026-03-23T19:06:04.300;157;2,7
2026-03-23T19:06:05.269;157;2,7
2026-03-23T19:06:06.218;157;2,5
2026-03-23T19:06:07.192;157;1,9
2026-03-23T19:06:08.150;157;1,8
2026-03-23T19:06:09.110;157;1,7
2026-03-23T19:06:10.053;157;1,6
2026-03-23T19:06:11.031;157;1,6
2026-03-23T19:06:12.470;157;1,6
2026-03-23T19:06:13.899;157;1,6
2026-03-23T19:06:14.871;157;1,5
2026-03-23T19:06:15.333;158;1,5
2026-03-23T19:06:16.309;158;1,4
2026-03-23T19:06:17.265;158;1,4
2026-03-23T19:06:18.230;158;1,3
2026-03-23T19:06:19.176;158;1,3
2026-03-23T19:06:20.149;158;1,1
2026-03-23T19:06:22.070;158;0,9
2026-03-23T19:06:22.074;158;0,9
2026-03-23T19:06:23.020;158;0,8
2026-03-23T19:06:24.470;158;0,7
2026-03-23T19:06:25.430;158;0,7
2026-03-23T19:06:26.859;159;0,8
2026-03-23T19:06:27.829;158;0,8
2026-03-23T19:06:28.294;159;0,9
2026-03-23T19:06:29.270;158;0,7
2026-03-23T19:06:30.216;158;0,6
2026-03-23T19:06:31.190;158;0,8
2026-03-23T19:06:32.132;158;0,8
2026-03-23T19:06:33.112;159;1,0
2026-03-23T19:06:34.069;159;1,0
2026-03-23T19:06:35.030;159;1,0
2026-03-23T19:06:36.466;160;1,5
2026-03-23T19:06:37.427;160;2,0
2026-03-23T19:06:38.372;159;2,1
2026-03-23T19:06:39.341;159;2,4
2026-03-23T19:06:40.307;160;2,6
2026-03-23T19:06:41.250;161;24,1
2026-03-23T19:06:42.219;162;24,1
2026-03-23T19:06:43.188;161;34,5
2026-03-23T19:06:44.151;161;34,5
2026-03-23T19:06:45.091;160;34,5
2026-03-23T19:06:46.071;160;34,5
2026-03-23T19:06:47.013;160;34,5
2026-03-23T19:06:48.470;159;34,5
2026-03-23T19:06:49.433;159;34,5
2026-03-23T19:06:50.389;159;34,5
2026-03-23T19:06:51.352;159;34,4
2026-03-23T19:06:52.313;159;24,7
2026-03-23T19:06:53.270;158;24,7
2026-03-23T19:06:54.230;158;0,7
2026-03-23T19:06:55.671;158;0,7
2026-03-23T19:06:56.148;158;0,7
2026-03-23T19:06:57.590;158;0,6
2026-03-23T19:06:58.056;158;0,6
2026-03-23T19:07:00.934;159;0,6
2026-03-23T19:07:00.938;158;0,6
2026-03-23T19:07:01.893;158;0,6
2026-03-23T19:07:02.391;159;0,5
2026-03-23T19:07:03.350;159;0,6
2026-03-23T19:07:04.310;159;0,5
2026-03-23T19:07:05.271;160;0,8
2026-03-23T19:07:06.231;159;0,8
2026-03-23T19:07:07.187;159;0,8
2026-03-23T19:07:08.146;160;0,8
2026-03-23T19:07:09.112;160;0,9
2026-03-23T19:07:10.069;160;0,9
2026-03-23T19:07:11.494;160;1,3
2026-03-23T19:07:12.470;161;1,4
2026-03-23T19:07:13.430;161;1,6
2026-03-23T19:07:14.391;160;1,6
2026-03-23T19:07:15.352;160;1,6
2026-03-23T19:07:16.310;160;1,5
2026-03-23T19:07:17.269;160;1,5
2026-03-23T19:07:18.228;160;1,6
2026-03-23T19:07:19.191;160;1,7
2026-03-23T19:07:20.150;161;1,7
2026-03-23T19:07:22.071;160;1,7
2026-03-23T19:07:22.075;161;1,9
2026-03-23T19:07:23.510;162;1,9
2026-03-23T19:07:24.459;162;2,0
2026-03-23T19:07:25.432;163;2,5
2026-03-23T19:07:26.389;163;2,5
2026-03-23T19:07:27.351;162;2,5
2026-03-23T19:07:28.299;162;2,6
2026-03-23T19:07:29.269;162;2,6
2026-03-23T19:07:30.232;163;2,6
2026-03-23T19:07:31.670;163;2,5
2026-03-23T19:07:32.631;163;2,6
2026-03-23T19:07:33.109;163;2,5
2026-03-23T19:07:34.070;163;2,6
2026-03-23T19:07:35.031;163;64,5
2026-03-23T19:07:36.466;164;91,2
2026-03-23T19:07:38.391;163;91,2
2026-03-23T19:07:38.395;163;91,1
2026-03-23T19:07:39.832;163;91,1
2026-03-23T19:07:40.310;163;91,1
2026-03-23T19:07:41.265;163;91,1
2026-03-23T19:07:42.231;163;91,1
2026-03-23T19:07:43.201;163;91,1
2026-03-23T19:07:44.151;164;91,1
2026-03-23T19:07:45.111;164;91,2
2026-03-23T19:07:47.031;165;64,5
2026-03-23T19:07:47.034;165;2,8
2026-03-23T19:07:48.465;165;2,8
2026-03-23T19:07:49.433;165;2,9
2026-03-23T19:07:50.392;165;3,0
2026-03-23T19:07:51.351;165;3,0
2026-03-23T19:07:52.298;165;3,0
2026-03-23T19:07:53.272;165;3,1
2026-03-23T19:07:54.241;165;3,2
2026-03-23T19:07:55.670;165;3,2
2026-03-23T19:07:56.631;165;3,0
2026-03-23T19:07:57.591;164;2,9
2026-03-23T19:07:58.071;164;2,2
2026-03-23T19:07:59.030;164;2,2
2026-03-23T19:08:00.474;163;2,2
2026-03-23T19:08:01.414;163;1,5
2026-03-23T19:08:02.392;163;1,5
2026-03-23T19:08:03.350;163;1,5
2026-03-23T19:08:04.312;163;0,9
2026-03-23T19:08:05.266;163;0,6
2026-03-23T19:08:06.227;163;0,6
2026-03-23T19:08:07.192;163;0,7
2026-03-23T19:08:08.152;164;0,7
2026-03-23T19:08:09.112;163;0,8
2026-03-23T19:08:10.551;164;0,7
2026-03-23T19:08:11.510;164;0,9
2026-03-23T19:08:13.912;164;0,9
2026-03-23T19:08:13.916;164;1,0
2026-03-23T19:08:14.373;164;1,0
2026-03-23T19:08:16.311;164;1,0
2026-03-23T19:08:16.793;164;1,0
2026-03-23T19:08:17.269;164;1,0
2026-03-23T19:08:19.193;164;1,1
2026-03-23T19:08:19.197;164;1,4
2026-03-23T19:08:20.151;164;1,6
2026-03-23T19:08:21.099;164;1,6
2026-03-23T19:08:23.031;164;1,5
2026-03-23T19:08:23.033;164;1,9
2026-03-23T19:08:24.471;164;2,1
2026-03-23T19:08:25.433;164;2,1
2026-03-23T19:08:26.387;164;2,1
2026-03-23T19:08:28.312;164;2,1
2026-03-23T19:08:28.789;163;2,0
2026-03-23T19:08:29.271;163;2,0
2026-03-23T19:08:30.711;163;2,1
2026-03-23T19:08:31.174;163;1,6
2026-03-23T19:08:32.148;163
2026-03-23T19:08:34.071;163;53,5
2026-03-23T19:08:34.074;162;80,8
2026-03-23T19:08:35.018;164;80,8
2026-03-23T19:08:36.471;163;80,8
2026-03-23T19:08:37.433;163;80,8
2026-03-23T19:08:38.392;163;80,8
2026-03-23T19:08:39.350;163;80,8
2026-03-23T19:08:40.310;163;80,8
2026-03-23T19:08:41.271;163;80,8
2026-03-23T19:08:42.232;163;80,8
2026-03-23T19:08:43.671;163;80,8
2026-03-23T19:08:45.114;164;60,5
2026-03-23T19:08:45.117;164;1,0
2026-03-23T19:08:46.072;164;1,1
2026-03-23T19:08:47.030;164;1,1
2026-03-23T19:08:48.473;164;2,0
2026-03-23T19:08:49.432;164;14,1
2026-03-23T19:08:50.392;164;14,1
2026-03-23T19:08:51.351;164;14,1
2026-03-23T19:08:52.310;164;14,1
2026-03-23T19:08:53.271;164;14,1
2026-03-23T19:08:54.710;164;14,1
2026-03-23T19:08:55.189;164;14,1
2026-03-23T19:08:56.633;165;14,1
2026-03-23T19:08:57.113;165;14,1
2026-03-23T19:08:58.070;165;14,1
2026-03-23T19:08:59.992;164;14,0
2026-03-23T19:09:00.470;164;1,7
2026-03-23T19:09:02.393;164;1,4
2026-03-23T19:09:02.395;164;1,1
2026-03-23T19:09:03.352;164;0,8
2026-03-23T19:09:04.312;164;0,9
2026-03-23T19:09:05.751;165;1,0
2026-03-23T19:09:06.230;165;1,5
2026-03-23T19:09:07.191;164;1,8
2026-03-23T19:09:08.151;164;1,9
2026-03-23T19:09:09.111;164;1,9
2026-03-23T19:09:10.056;164;1,9
2026-03-23T19:09:11.987;164
2026-03-23T19:09:12.935;164;2,3
2026-03-23T19:09:14.379;165;2,5
2026-03-23T19:09:14.382;165;2,5
2026-03-23T19:09:15.352;166;2,5
2026-03-23T19:09:16.311;166;2,5
2026-03-23T19:09:17.272;166;2,5
2026-03-23T19:09:18.233;167;2,1
2026-03-23T19:09:19.192;166;2,0
2026-03-23T19:09:21.112;166;1,9
2026-03-23T19:09:21.115;167;2,0
2026-03-23T19:09:23.032;167;2,3
2026-03-23T19:09:23.035;167;1,8
2026-03-23T19:09:24.475;168;1,7
2026-03-23T19:09:25.442;168;1,7
2026-03-23T19:09:26.872;168;1,7
2026-03-23T19:09:27.351;168;1,8
2026-03-23T19:09:28.311;168;1,8
2026-03-23T19:09:29.752;168;1,8
2026-03-23T19:09:30.232;167;1,8
2026-03-23T19:09:31.193;167;1,7
2026-03-23T19:09:32.152;167;1,6
2026-03-23T19:09:33.110;167;1,2
2026-03-23T19:09:34.552;167;1,1
2026-03-23T19:09:36.472;166;1,0
2026-03-23T19:09:37.432;166;1,0
2026-03-23T19:09:37.434;165;0,9
2026-03-23T19:09:38.387;165;0,7
2026-03-23T19:09:39.353;165;0,8
2026-03-23T19:09:40.293;164;0,8
2026-03-23T19:09:41.272;164;0,7
2026-03-23T19:09:42.217;164;0,7
2026-03-23T19:09:44.152;164;0,7
2026-03-23T19:09:44.155;163;0,7
2026-03-23T19:09:45.113;163;0,7
2026-03-23T19:09:46.061;163;0,7
2026-03-23T19:09:47.990;162;0,7
2026-03-23T19:09:48.470;162;0,7
2026-03-23T19:09:49.432;162;1,1
2026-03-23T19:09:50.872;161;1,1
2026-03-23T19:09:51.333;161;1,2
2026-03-23T19:09:52.312;161;1,2
2026-03-23T19:09:53.260;161;1,2
2026-03-23T19:09:54.232;160;1,2
2026-03-23T19:09:55.178;160;1,2
2026-03-23T19:09:56.152;159;1,4
2026-03-23T19:09:57.111;158;1,5
2026-03-23T19:09:59.032;158;1,5
2026-03-23T19:09:59.510;157;1,5
2026-03-23T19:10:00.461;157;1,4
2026-03-23T19:10:01.431;156;1,3
2026-03-23T19:10:03.353;156;1,3
2026-03-23T19:10:03.357;155;1,2
2026-03-23T19:10:04.293;155;1,3
2026-03-23T19:10:05.271;154;1,3
2026-03-23T19:10:06.213;153;1,3
2026-03-23T19:10:07.193;153;1,1
2026-03-23T19:10:08.137;153;1,1
2026-03-23T19:10:09.113;152;1,1
2026-03-23T19:10:10.056;152;1,1
2026-03-23T19:10:11.032;151;1,0
2026-03-23T19:10:12.472;150;1,1
2026-03-23T19:10:13.424;149;1,2
2026-03-23T19:10:14.391;148;1,3
2026-03-23T19:10:15.337;148;1,2
2026-03-23T19:10:16.312;147;1,2
2026-03-23T19:10:17.253;147;1,2
2026-03-23T19:10:18.216;146;1,2
2026-03-23T19:10:19.191;145;1,4
2026-03-23T19:10:20.152;144;1,6
2026-03-23T19:10:21.096;143;1,6
2026-03-23T19:10:22.072;140;3,2
2026-03-23T19:10:23.013;137;3,2
2026-03-23T19:10:24.472;133;4,6
2026-03-23T19:10:25.433;131;4,6
2026-03-23T19:10:26.392;131;4,6
2026-03-23T19:10:27.350;130;4,7
2026-03-23T19:10:28.302;131;4,7
2026-03-23T19:10:29.273;131;4,7
2026-03-23T19:10:30.215;131;4,7
2026-03-23T19:10:31.192;130;4,9
2026-03-23T19:10:32.152;130;5,0
2026-03-23T19:10:33.114;131;5,0
2026-03-23T19:10:34.059;132;5,1
2026-03-23T19:10:35.032;133;5,0
2026-03-23T19:10:36.474;134;4,2
2026-03-23T19:10:37.433;135;2,6
2026-03-23T19:10:39.351;135;2,6
2026-03-23T19:10:39.354;136;2,6
2026-03-23T19:10:40.312;136;2,4
2026-03-23T19:10:41.274;136;2,4
2026-03-23T19:10:42.228;135;2,4
2026-03-23T19:10:43.188;135;2,5
2026-03-23T19:10:44.145;134;2,3
2026-03-23T19:10:46.071;133;2,1
2026-03-23T19:10:47.514;131;1,8
2026-03-23T19:10:47.516;130;2,1
2026-03-23T19:10:48.474;129;2,1
2026-03-23T19:10:49.430;129;2,0
2026-03-23T19:10:50.393;128;2,0
2026-03-23T19:10:51.352;128;2,0
2026-03-23T19:10:52.312;128;2,0
2026-03-23T19:10:53.272;127;2,6
2026-03-23T19:10:54.232;125;2,8
2026-03-23T19:10:55.670;123;3,4
2026-03-23T19:10:56.152;122;3,4
2026-03-23T19:10:57.112;122;3,5
2026-03-23T19:10:58.071;122;3,4
2026-03-23T19:10:59.032;123;3,5
2026-03-23T19:11:00.953;125;3,5
2026-03-23T19:11:01.434;125;3,3
2026-03-23T19:11:02.392;126;3,3
2026-03-23T19:11:03.352;126;3,2
2026-03-23T19:11:04.311;126;3,2
2026-03-23T19:11:05.273;127;3,3
2026-03-23T19:11:06.232;126;3,3
2026-03-23T19:11:07.192;126;2,9
2026-03-23T19:11:08.133;126;2,7
2026-03-23T19:11:09.095;126;1,9
2026-03-23T19:11:10.061;126;1,6
2026-03-23T19:11:11.020;126;1,5
2026-03-23T19:11:12.471;126;1,3
2026-03-23T19:11:13.418;126;0,9
2026-03-23T19:11:14.390;126;1,1
2026-03-23T19:11:15.352;125;1,1
2026-03-23T19:11:16.312;125;1,1
2026-03-23T19:11:17.272;124;1,1
2026-03-23T19:11:18.234;124;1,2
2026-03-23T19:11:19.192;124;1,1
2026-03-23T19:11:20.151;124;1,1
2026-03-23T19:11:21.112;124;1,2
2026-03-23T19:11:23.032;123;1,1
2026-03-23T19:11:23.035;123;1,1
2026-03-23T19:11:24.461;123;1,1
2026-03-23T19:11:25.433;123;1,1
2026-03-23T19:11:26.392;123;1,1
2026-03-23T19:11:28.296;123;1,2
2026-03-23T19:11:28.296;122;1,1
2026-03-23T19:11:29.273;122;1,1
2026-03-23T19:11:30.232;122;1,3
2026-03-23T19:11:31.192;123;1,5
2026-03-23T19:11:33.108;124;1,5
2026-03-23T19:11:33.109;125;1,7
2026-03-23T19:11:34.069;126;1,7
2026-03-23T19:11:35.033;126;1,6
2026-03-23T19:11:36.475;126;1,7
2026-03-23T19:11:38.392;125;1,7
2026-03-23T19:11:38.396;126;1,8
2026-03-23T19:11:39.334;126;1,8
2026-03-23T19:11:40.293;126;1,8
2026-03-23T19:11:41.257;125;1,6
2026-03-23T19:11:42.214;125;1,7
2026-03-23T19:11:43.189;125;1,7
2026-03-23T19:11:44.152;125;1,5
2026-03-23T19:11:45.112;125;1,3
2026-03-23T19:11:46.073;126;1,3
2026-03-23T19:11:47.992;126;1,2
2026-03-23T19:11:48.462;126;1,2
2026-03-23T19:11:49.436;126;1,1
2026-03-23T19:11:50.392;126;1,1
2026-03-23T19:11:51.352;125;1,2
2026-03-23T19:11:52.308;125;1,1
2026-03-23T19:11:53.273;124;1,1
2026-03-23T19:11:54.229;124;1,1
2026-03-23T19:11:55.188;125;1,2
2026-03-23T19:11:56.141;125;1,2
2026-03-23T19:11:57.112;126;1,2
2026-03-23T19:11:58.073;126;1,2
2026-03-23T19:11:59.033;127;1,2
2026-03-23T19:12:00.952;127;1,1
2026-03-23T19:12:01.430;127;1,1
2026-03-23T19:12:03.337;127;1,1
2026-03-23T19:12:03.340;127;1,2
2026-03-23T19:12:04.312;126;1,2
2026-03-23T19:12:05.257;126;1,1
2026-03-23T19:12:06.233;126;1,1
2026-03-23T19:12:07.181;126;1,1
2026-03-23T19:12:08.152;126;1,1
2026-03-23T19:12:09.101;126;1,0
2026-03-23T19:12:11.021;125;0,8
2026-03-23T19:12:11.025;125;0,8
2026-03-23T19:12:12.472;125;0,8
2026-03-23T19:12:13.432;125;0,8
2026-03-23T19:12:14.393;125;0,8
2026-03-23T19:12:15.353;125;0,8
2026-03-23T19:12:16.300;124;0,8
2026-03-23T19:12:17.272;124;0,8
2026-03-23T19:12:18.216;123;0,9
2026-03-23T19:12:20.153;123;0,9
2026-03-23T19:12:20.155;123;0,9
2026-03-23T19:12:21.113;124;1,0
2026-03-23T19:12:23.013;124;1,1
2026-03-23T19:12:23.015;124;1,2
2026-03-23T19:12:24.468;124;1,6
2026-03-23T19:12:25.433;123;1,6
2026-03-23T19:12:26.393;123;1,6
2026-03-23T19:12:27.353;123;1,6
2026-03-23T19:12:28.312;123;1,6
2026-03-23T19:12:29.259;123;1,6
2026-03-23T19:12:30.232;123;1,7
2026-03-23T19:12:31.176;122;1,7
2026-03-23T19:12:32.152;122;1,7
2026-03-23T19:12:33.097;122;1,7
2026-03-23T19:12:34.072;122;1,8
2026-03-23T19:12:35.032;122;1,8
2026-03-23T19:12:36.472;123;1,7
2026-03-23T19:12:37.432;123;1,7
2026-03-23T19:12:38.394;123;1,3
2026-03-23T19:12:39.339;123;1,3
2026-03-23T19:12:40.298;123;1,3
2026-03-23T19:12:41.273;123;1,3
2026-03-23T19:12:42.232;123;1,3
2026-03-23T19:12:43.193;123;1,3
2026-03-23T19:12:44.137;123;1,3
2026-03-23T19:12:45.113;123;1,2
2026-03-23T19:12:46.056;123;1,2
2026-03-23T19:12:47.029;123;1,2
2026-03-23T19:12:48.472;124;1,1
2026-03-23T19:12:49.432;123;1,1
2026-03-23T19:12:50.392;123;1,1
2026-03-23T19:12:51.353;123;1,2
2026-03-23T19:12:52.311;123;1,3
2026-03-23T19:12:53.255;121;1,6
2026-03-23T19:12:54.233;119;4,4
2026-03-23T19:12:55.192;117;4,7
2026-03-23T19:12:56.153;115;18,0
2026-03-23T19:12:58.069;115;18,0
2026-03-23T19:12:58.069;113;18,6
2026-03-23T19:12:59.035;110;19,3
2026-03-23T19:13:00.474;110;20,0
2026-03-23T19:13:01.433;111;20,2
2026-03-23T19:13:03.351;112;20,2
2026-03-23T19:13:03.354;112;20,2
2026-03-23T19:13:04.313;112;20,2
2026-03-23T19:13:05.274;113;20,1
2026-03-23T19:13:06.234;113;20,1
2026-03-23T19:13:07.191;113;20,1
2026-03-23T19:13:08.154;113;20,1
2026-03-23T19:13:09.113;114;20,1
2026-03-23T19:13:10.070;114;19,7
2026-03-23T19:13:11.033;115;19,4
2026-03-23T19:13:12.472;115;9,3
2026-03-23T19:13:13.428;116;7,8
2026-03-23T19:13:14.393;116;5,8
2026-03-23T19:13:15.354;116;2,6
2026-03-23T19:13:16.312;115;1,4
2026-03-23T19:13:17.273;115;1,4
2026-03-23T19:13:18.233;116;1,9
2026-03-23T19:13:19.193;116;2,0
2026-03-23T19:13:20.152;117;2,0
2026-03-23T19:13:21.113;117;2,0
2026-03-23T19:13:22.073;117;2,0
2026-03-23T19:13:23.032;117;2,0
2026-03-23T19:13:24.953;117;2,2
2026-03-23T19:13:25.423;116;2,1
2026-03-23T19:13:26.391;116;2,1
2026-03-23T19:13:27.353;116;2,2
2026-03-23T19:13:28.313;117;2,4
2026-03-23T19:13:29.273;118;2,3
2026-03-23T19:13:30.231;118;2,3
2026-03-23T19:13:31.194;118;2,4
2026-03-23T19:13:32.153;117;2,5
2026-03-23T19:13:33.112;117;2,1
2026-03-23T19:13:34.074;117;2,0
2026-03-23T19:13:35.993;117;2,0
2026-03-23T19:13:36.463;117;2,1
2026-03-23T19:13:38.378;117;2,1
2026-03-23T19:13:38.380;118;1,9
2026-03-23T19:13:39.354;118;1,9
2026-03-23T19:13:40.312;117;2,1
2026-03-23T19:13:41.749;116;2,1
2026-03-23T19:13:42.219;116;2,0
2026-03-23T19:13:43.193;116;1,8
2026-03-23T19:13:45.114;115;1,8
2026-03-23T19:13:45.118;116;1,8
2026-03-23T19:13:46.074;116;2,0
2026-03-23T19:13:47.032;117;2,1
2026-03-23T19:13:48.474;118;2,1
2026-03-23T19:13:49.425;119;2,1
2026-03-23T19:13:50.392;118;2,3
2026-03-23T19:13:51.340;118;2,3
2026-03-23T19:13:52.792;118;2,3
2026-03-23T19:13:53.258;118;2,4
2026-03-23T19:13:54.713;119;2,3
2026-03-23T19:13:55.194;119;2,1
2026-03-23T19:13:56.153;118;2,4
2026-03-23T19:13:57.113;117;2,6
2026-03-23T19:13:58.073;116;2,6
2026-03-23T19:13:59.512;116;2,5
2026-03-23T19:14:00.457;117;2,6
2026-03-23T19:14:01.433;117;2,4
2026-03-23T19:14:02.380;118;2,4
2026-03-23T19:14:03.352;118;2,4
2026-03-23T19:14:04.300;117;3,4
2026-03-23T19:14:05.275;114;5,7
2026-03-23T19:14:06.221;111;8,4
2026-03-23T19:14:07.193;106;8,9
2026-03-23T19:14:08.143;105;9,7
2026-03-23T19:14:09.114;107;11,2
2026-03-23T19:14:10.074;110;11,3
2026-03-23T19:14:11.033;112;11,4
2026-03-23T19:14:12.461;114;11,4
2026-03-23T19:14:13.913;115;11,4
2026-03-23T19:14:14.392;115;11,5
2026-03-23T19:14:15.353;112;13,7
2026-03-23T19:14:16.313;107;14,4
2026-03-23T19:14:17.273;105;14,4
2026-03-23T19:14:18.232;105;15,5
2026-03-23T19:14:19.177;107;16,1
2026-03-23T19:14:20.154;109;16,1
2026-03-23T19:14:21.114;111;15,4
2026-03-23T19:14:22.074;113;13,8
2026-03-23T19:14:23.013;114;13,8
2026-03-23T19:14:24.473;116;12,4
2026-03-23T19:14:25.433;117;12,0
2026-03-23T19:14:26.395;118;11,9
2026-03-23T19:14:27.353;117;11,8
2026-03-23T19:14:28.313;116;12,0
2026-03-23T19:14:29.273;115;11,9
2026-03-23T19:14:30.233;115;9,2
2026-03-23T19:14:31.193;115;8,1
2026-03-23T19:14:32.154;115;8,1
2026-03-23T19:14:33.114;115;3,8
2026-03-23T19:14:34.064;115;3,7
2026-03-23T19:14:35.034;116;2,9
2026-03-23T19:14:36.473;117;3,1
2026-03-23T19:14:37.433;117;3,0
2026-03-23T19:14:38.394;117;3,0
2026-03-23T19:14:39.353;117;3,0
2026-03-23T19:14:41.273;116;3,6
2026-03-23T19:14:41.275;114;3,6
2026-03-23T19:14:42.234;114;3,8
2026-03-23T19:14:43.194;114;3,3
2026-03-23T19:14:44.154;115;3,3
2026-03-23T19:14:45.115;116;3,3
2026-03-23T19:14:46.074;116;3,4
2026-03-23T19:14:47.991;115;3,4
2026-03-23T19:14:48.954;115;3,4
2026-03-23T19:14:49.424;115;3,4
2026-03-23T19:14:50.394;115;3,4
2026-03-23T19:14:51.354;116;3,2
2026-03-23T19:14:52.312;116;3,3
2026-03-23T19:14:53.273;118;3,9
2026-03-23T19:14:54.234;119;3,7
2026-03-23T19:14:55.193;119;3,3
2026-03-23T19:14:56.616;118;3,8
2026-03-23T19:14:57.114;117;3,6
2026-03-23T19:14:58.073;115;3,7
2026-03-23T19:14:59.513;115;3,6
2026-03-23T19:15:00.456;115;3,7
2026-03-23T19:15:01.441;115;3,5
2026-03-23T19:15:02.383;115;3,5
2026-03-23T19:15:03.353;116;3,5
2026-03-23T19:15:04.314;116;3,6
2026-03-23T19:15:05.270;116;3,6
2026-03-23T19:15:06.713;117;3,6
2026-03-23T19:15:07.674;117;3,5
2026-03-23T19:15:08.153;117;2,8
2026-03-23T19:15:09.581;118;2,8
2026-03-23T19:15:10.074;118;2,6
2026-03-23T19:15:11.033;119;1,9
2026-03-23T19:15:12.474;120;2,2
2026-03-23T19:15:13.417;122;2,7
2026-03-23T19:15:14.393;125;3,2
2026-03-23T19:15:15.350;127;3,6
2026-03-23T19:15:16.313;130;3,6
2026-03-23T19:15:17.275;134;3,8
2026-03-23T19:15:18.233;135;4,0
2026-03-23T19:15:19.192;136;4,1
2026-03-23T19:15:20.156;138;4,1
2026-03-23T19:15:22.073;139;4,1
2026-03-23T19:15:22.077;139;4,2
2026-03-23T19:15:23.513;139;4,1
2026-03-23T19:15:24.457;139;4,1
2026-03-23T19:15:25.435;139;3,7
2026-03-23T19:15:26.378;139;3,1
2026-03-23T19:15:27.355;140;2,6
2026-03-23T19:15:28.313;140;2,5
2026-03-23T19:15:29.275;141;2,0
2026-03-23T19:15:30.223;142;2,1
2026-03-23T19:15:31.195;142;1,5
2026-03-23T19:15:32.152;142;1,5
2026-03-23T19:15:33.595;142;1,5
2026-03-23T19:15:34.066;143;1,2
2026-03-23T19:15:35.033;143;1,2
2026-03-23T19:15:36.473;143;1,4
2026-03-23T19:15:38.393;143;1,5
2026-03-23T19:15:38.396;144;1,5
2026-03-23T19:15:39.341;145;1,9
2026-03-23T19:15:40.314;146;1,9
2026-03-23T19:15:41.746;145;2,0
2026-03-23T19:15:42.235;145;1,9
2026-03-23T19:15:43.178;145;1,9
2026-03-23T19:15:44.633;145;1,8
2026-03-23T19:15:45.101;146;1,8
2026-03-23T19:15:46.073;147;1,8
2026-03-23T19:15:47.033;147;3,7
2026-03-23T19:15:48.474;148;4,2
2026-03-23T19:15:49.439;149;4,2
2026-03-23T19:15:50.395;150;4,5
2026-03-23T19:15:51.356;149;4,4
2026-03-23T19:15:52.314;150;4,4
2026-03-23T19:15:53.276;150;4,4
2026-03-23T19:15:54.233;151;4,4
2026-03-23T19:15:55.194;151;4,4
2026-03-23T19:15:57.116;151;4,4
2026-03-23T19:15:57.120;151;4,5
2026-03-23T19:15:58.553;151;4,5
2026-03-23T19:15:59.035;152;3,9
2026-03-23T19:16:00.473;152;3,7
2026-03-23T19:16:01.434;153;3,6
2026-03-23T19:16:03.354;153;3,3
2026-03-23T19:16:03.356;153;3,2
2026-03-23T19:16:04.314;153;3,2
2026-03-23T19:16:05.275;154;3,2
2026-03-23T19:16:08.153;154;6,2
2026-03-23T19:16:08.156;155;6,2
2026-03-23T19:16:08.159;156;6,4
2026-03-23T19:16:09.115;156;20,5
2026-03-23T19:16:10.536;157;20,5
2026-03-23T19:16:11.496;156;27,9
2026-03-23T19:16:12.461;156;27,8
2026-03-23T19:16:13.419;156;27,8
2026-03-23T19:16:14.395;156;27,8
2026-03-23T19:16:15.356;156;27,8
2026-03-23T19:16:16.315;156;27,8
2026-03-23T19:16:17.273;156;27,8
2026-03-23T19:16:18.235;156;27,3
2026-03-23T19:16:19.192;156;27,3
2026-03-23T19:16:21.115;155;27,2
2026-03-23T19:16:21.118;156;19,0
2026-03-23T19:16:22.075;155;0,8
2026-03-23T19:16:23.035;155;0,7
2026-03-23T19:16:24.955;155;1,1
2026-03-23T19:16:25.433;155;1,4
2026-03-23T19:16:26.395;155;1,3
2026-03-23T19:16:27.353;155;1,3
2026-03-23T19:16:28.314;155;1,4
2026-03-23T19:16:29.270;155;1,4
2026-03-23T19:16:30.710;155;1,5
2026-03-23T19:16:31.194;156;1,5
2026-03-23T19:16:32.634;156;1,6
2026-03-23T19:16:33.115;156;1,6
2026-03-23T19:16:35.036;157;1,7
2026-03-23T19:16:35.513;157;1,9
2026-03-23T19:16:36.475;157;1,8
2026-03-23T19:16:38.396;157;1,7
2026-03-23T19:16:38.398;157;1,6
2026-03-23T19:16:39.341;157;1,7
2026-03-23T19:16:40.316;157;69,3
2026-03-23T19:16:41.272;158;98,0
2026-03-23T19:16:42.701;159;98,0
2026-03-23T19:16:43.192;158;98,0
2026-03-23T19:16:45.118;158;98,0
2026-03-23T19:16:45.121;158;98,0
2026-03-23T19:16:46.076;158;98,0
2026-03-23T19:16:47.033;158;98,0
2026-03-23T19:16:48.457;158;98,0
2026-03-23T19:16:49.436;158;98,0
2026-03-23T19:16:50.396;157;98,0
2026-03-23T19:16:51.833;157;98,0
2026-03-23T19:16:52.303;157;69,3
2026-03-23T19:16:53.276;157;1,1
2026-03-23T19:16:54.234;157;1,2
2026-03-23T19:16:55.195;157;1,2
2026-03-23T19:16:56.141;157;1,3
2026-03-23T19:16:57.118;156;1,2
2026-03-23T19:16:58.074;156;1,2
2026-03-23T19:16:59.036;155;1,1
2026-03-23T19:17:00.475;155;1,1
2026-03-23T19:17:01.428;155;1,1
2026-03-23T19:17:02.396;155;1,1
2026-03-23T19:17:03.354;155;1,1
2026-03-23T19:17:04.316;155;1,1
2026-03-23T19:17:05.263;155;0,9
2026-03-23T19:17:06.235;155;0,9
2026-03-23T19:17:07.196;155;0,7
2026-03-23T19:17:08.154;155;0,8
2026-03-23T19:17:09.116;154;0,7
2026-03-23T19:17:10.061;156;1,0
2026-03-23T19:17:11.020;156;1,2
2026-03-23T19:17:12.463;156;1,4
2026-03-23T19:17:13.900;156;1,4
2026-03-23T19:17:15.356;156;1,4
2026-03-23T19:17:15.358;155;1,4
2026-03-23T19:17:16.316;155;1,4
2026-03-23T19:17:17.276;155;1,9
2026-03-23T19:17:18.714;155;1,9
2026-03-23T19:17:19.674;156;1,9
2026-03-23T19:17:20.142;156;1,9
2026-03-23T19:17:22.075;156;1,9
2026-03-23T19:17:22.079;157;1,9
2026-03-23T19:17:23.018;158;1,9
2026-03-23T19:17:24.956;158;1,8
2026-03-23T19:17:26.394;158;1,8
2026-03-23T19:17:26.396;158;2,1
2026-03-23T19:17:27.344;158;2,1
2026-03-23T19:17:28.315;158;2,0
2026-03-23T19:17:29.259;158;1,5
2026-03-23T19:17:31.184;158;1,6
2026-03-23T19:17:31.187;158;1,6
2026-03-23T19:17:32.155;158;1,6
2026-03-23T19:17:33.105;158;1,6
2026-03-23T19:17:34.076;158;1,5
2026-03-23T19:17:35.995;158;1,5
2026-03-23T19:17:36.458;158;1,1
2026-03-23T19:17:37.915;158;0,6
2026-03-23T19:17:38.391;158;0,6
2026-03-23T19:17:39.355;158;0,7
2026-03-23T19:17:40.299;159;1,0
2026-03-23T19:17:41.755;159;1,0
2026-03-23T19:17:42.217;160;1,3
2026-03-23T19:17:43.195;160;1,3
2026-03-23T19:17:44.143;159;1,3
2026-03-23T19:17:45.116;158;4,0
2026-03-23T19:17:46.065;158;4,0
2026-03-23T19:17:47.036;159;4,0
2026-03-23T19:17:47.982;160;4,1
2026-03-23T19:17:49.423;160;4,1
2026-03-23T19:17:50.396;161;4,3
2026-03-23T19:17:51.356;161;4,4
2026-03-23T19:17:52.315;161;4,3
2026-03-23T19:17:53.277;161;4,4
2026-03-23T19:17:54.235;162;4,3
2026-03-23T19:17:55.181;162;3,2
2026-03-23T19:17:56.152;163;3,2
2026-03-23T19:17:57.106;163;2,2
2026-03-23T19:17:58.078;163;3,3
2026-03-23T19:17:59.516;162;3,3
2026-03-23T19:17:59.994;163;3,2
2026-03-23T19:18:02.395;163;3,2
2026-03-23T19:18:02.398;163;2,9
2026-03-23T19:18:03.834;163;2,9
2026-03-23T19:18:04.315;163;66,5
2026-03-23T19:18:05.276;163;94,5
2026-03-23T19:18:06.219;163;101,4
2026-03-23T19:18:07.675;163;107,8
2026-03-23T19:18:08.141;164;107,8
2026-03-23T19:18:09.101;162;113,0
2026-03-23T19:18:10.543;161;117,3
2026-03-23T19:18:11.032;161
2026-03-23T19:18:11.978;162;117,3
2026-03-23T19:18:13.436;162;117,3
2026-03-23T19:18:14.395;163;117,3
2026-03-23T19:18:15.341;163;117,3
2026-03-23T19:18:16.296;162;117,3
2026-03-23T19:18:18.702;162;117,3
2026-03-23T19:18:18.704;162;96,7
2026-03-23T19:18:19.675;162;59,0
2026-03-23T19:18:20.154;162;46,5
2026-03-23T19:18:21.595;162;46,5
2026-03-23T19:18:23.518;162;31,7
2026-03-23T19:18:23.522;162;0,7
2026-03-23T19:18:23.981;162;0,5
2026-03-23T19:18:25.436;162;0,5
2026-03-23T19:18:26.396;162;0,6
2026-03-23T19:18:29.276;162;0,7
2026-03-23T19:18:29.280;161;0,6
2026-03-23T19:18:29.283;161;0,7
2026-03-23T19:18:30.235;161;0,7
2026-03-23T19:18:31.657;161;0,7
2026-03-23T19:18:32.156;161;0,7
2026-03-23T19:18:33.115;161;0,8
2026-03-23T19:18:34.075;161;0,8
2026-03-23T19:18:35.514;162;0,8
2026-03-23T19:18:35.997;161;0,9
2026-03-23T19:18:37.436;161;0,8
2026-03-23T19:18:39.357;161;0,8
2026-03-23T19:18:39.835;161;0,9
2026-03-23T19:18:40.314;161;0,9
2026-03-23T19:18:41.755;161;0,9
2026-03-23T19:18:42.236;160;0,9
2026-03-23T19:18:43.195;160;0,9
2026-03-23T19:18:44.139;159;0,9
2026-03-23T19:18:45.582;159;0,9
2026-03-23T19:18:46.076;159;0,9
2026-03-23T19:18:47.500;159;27,5
2026-03-23T19:18:48.475;159;38,9
2026-03-23T19:18:49.418;159;38,9
2026-03-23T19:18:50.395;159;38,9
2026-03-23T19:18:51.354;159;38,9
2026-03-23T19:18:52.314;159;38,9
2026-03-23T19:18:53.264;158;38,9
2026-03-23T19:18:54.235;159;38,9
2026-03-23T19:18:56.156;159;38,9
2026-03-23T19:18:56.158;159;38,9
2026-03-23T19:18:58.074;159
2026-03-23T19:18:58.075;159
2026-03-23T19:18:59.996;159;77,8
2026-03-23T19:18:59.998;160;77,8
2026-03-23T19:19:01.915;160;105,1
2026-03-23T19:19:02.875;161;105,1
2026-03-23T19:19:03.355;162;105,1
2026-03-23T19:19:04.314;160;97,7
2026-03-23T19:19:05.275;158;99,1
2026-03-23T19:19:06.716;159;99,1
2026-03-23T19:19:07.195;160;99,1
2026-03-23T19:19:08.141;161;99,1
2026-03-23T19:19:09.115;162;99,1
2026-03-23T19:19:10.076;162;99,1
2026-03-23T19:19:11.037;162;72,7
2026-03-23T19:19:11.998;162;72,7
2026-03-23T19:19:13.423;162;17,3
2026-03-23T19:19:14.875;162;17,3
2026-03-23T19:19:15.342;162;16,9
2026-03-23T19:19:16.317;162;0,9
2026-03-23T19:19:17.758;162;1,0
2026-03-23T19:19:18.715;162;0,7
2026-03-23T19:19:19.677;162;1,2
2026-03-23T19:19:20.157;162;1,9
2026-03-23T19:19:21.102;162;1,9
2026-03-23T19:19:22.556;162;2,0
2026-03-23T19:19:23.022;163;2,0
2026-03-23T19:19:23.997;163;2,6
2026-03-23T19:19:26.877;164;4,7
2026-03-23T19:19:26.880;164;7,4
2026-03-23T19:19:27.353;164
2026-03-23T19:19:28.792;164;7,4
2026-03-23T19:19:29.275;163;55,4
2026-03-23T19:19:30.221;162;55,4
2026-03-23T19:19:31.181;159;55,4
2026-03-23T19:19:32.136;159
2026-03-23T19:19:34.058;158;111,7
2026-03-23T19:19:34.060;157;111,7
2026-03-23T19:19:35.035;157;111,6
2026-03-23T19:19:38.395;158;131,4
2026-03-23T19:19:38.399;162;131,4
2026-03-23T19:19:38.402;163;131,4
2026-03-23T19:19:39.356;163;131,4
2026-03-23T19:19:40.316;163;131,3
2026-03-23T19:19:41.261;163;131,2
2026-03-23T19:19:42.714;163;130,7
2026-03-23T19:19:43.179;163;119,1
2026-03-23T19:19:44.158;162;98,1
2026-03-23T19:19:45.099;162;69,3
2026-03-23T19:19:46.076;162;1,0
2026-03-23T19:19:47.020;162;1,0
2026-03-23T19:19:47.996;162;1,1
2026-03-23T19:19:49.915;162;1,0
2026-03-23T19:19:51.358;162;1,0
2026-03-23T19:19:52.317;161;0,9
2026-03-23T19:19:52.321;161;0,9
2026-03-23T19:19:53.278;161;1,2
2026-03-23T19:19:54.237;161;1,3
2026-03-23T19:19:55.197;161;1,3
2026-03-23T19:19:56.139;161;1,3
2026-03-23T19:19:57.117;161;1,3
2026-03-23T19:19:58.058;161;1,2
2026-03-23T19:19:59.037;160;1,2
2026-03-23T19:19:59.982;160;1,3
2026-03-23T19:20:01.437;159;1,4
2026-03-23T19:20:02.396;159;1,4
2026-03-23T19:20:03.357;159;1,3
2026-03-23T19:20:04.796;158;1,1
2026-03-23T19:20:05.277;158;0,9
2026-03-23T19:20:06.236;157;1,0
2026-03-23T19:20:07.196;156;1,1
2026-03-23T19:20:08.157;156;1,1
2026-03-23T19:20:09.103;155;1,1
2026-03-23T19:20:10.077;155;1,1
2026-03-23T19:20:11.036;154;1,2
2026-03-23T19:20:11.997;153;1,1
2026-03-23T19:20:13.437;153;1,0
2026-03-23T19:20:14.396;152;1,0
2026-03-23T19:20:16.300;152;1,0
2026-03-23T19:20:16.304;151;1,1
2026-03-23T19:20:17.276;151;1,1
2026-03-23T19:20:18.716;150;1,1
2026-03-23T19:20:19.196;150;1,1
2026-03-23T19:20:21.117;149;1,1
2026-03-23T19:20:21.120;149;1,1
2026-03-23T19:20:23.516;148;1,0
2026-03-23T19:20:23.978;148;1,0
2026-03-23T19:20:23.983;148;1,0
2026-03-23T19:20:25.441;148;1,0
2026-03-23T19:20:26.396;147;1,1
2026-03-23T19:20:27.357;146;1,3
2026-03-23T19:20:30.237;145;1,4
2026-03-23T19:20:30.240;144;1,2
2026-03-23T19:20:30.243;144;1,2
2026-03-23T19:20:31.197;144;1,2
2026-03-23T19:20:32.152;144;1,2
2026-03-23T19:20:33.115;144;1,3
2026-03-23T19:20:35.506;143;1,3
2026-03-23T19:20:35.509;143;1,4
2026-03-23T19:20:35.993;144;1,5
2026-03-23T19:20:37.916;144;6,0
2026-03-23T19:20:38.858;144;9,3
2026-03-23T19:20:39.357;145;9,3
2026-03-23T19:20:40.317;146;9,3
2026-03-23T19:20:41.259;148;9,3
2026-03-23T19:20:42.699;148;9,3
2026-03-23T19:20:43.659;148;9,3
2026-03-23T19:20:45.098;147;9,3
2026-03-23T19:20:45.102;148;9,3
2026-03-23T19:20:46.072;148;9,3
2026-03-23T19:20:47.033;148;9,3
2026-03-23T19:20:48.485;148;9,3
2026-03-23T19:20:49.917;148;9,2
2026-03-23T19:20:50.396;148;7,2
2026-03-23T19:20:51.356;148;1,5
2026-03-23T19:20:52.318;148;1,2
2026-03-23T19:20:53.276;148;1,1
2026-03-23T19:20:54.233;148;1,2
2026-03-23T19:20:55.660;148;1,1
2026-03-23T19:20:56.158;148;1,2
2026-03-23T19:20:57.116;148;1,3
2026-03-23T19:20:58.078;149;1,2
2026-03-23T19:20:59.036;149;1,2
2026-03-23T19:21:00.957;150;1,3
2026-03-23T19:21:01.419;150;1,3
2026-03-23T19:21:02.393;151;1,3
2026-03-23T19:21:03.340;151;1,2
2026-03-23T19:21:04.316;152;1,2
2026-03-23T19:21:05.276;153;1,3
2026-03-23T19:21:06.713;153;1,4
2026-03-23T19:21:07.197;154;1,4
2026-03-23T19:21:08.156;154;1,4
2026-03-23T19:21:09.117;154;1,6
2026-03-23T19:21:10.076;154;1,5
2026-03-23T19:21:11.034;155;1,7
2026-03-23T19:21:11.998;155;1,8
2026-03-23T19:21:14.877;156;1,8
2026-03-23T19:21:14.880;156;2,7
2026-03-23T19:21:16.795;156;69,9
2026-03-23T19:21:16.796;156;69,9
2026-03-23T19:21:17.276;156;71,8
2026-03-23T19:21:19.196;156;71,8
2026-03-23T19:21:19.199;156;82,7
2026-03-23T19:21:20.637;157;82,8
2026-03-23T19:21:21.596;158;82,8
2026-03-23T19:21:22.074;158;82,8
2026-03-23T19:21:23.518;160;85,7
2026-03-23T19:21:25.916;161;88,5
2026-03-23T19:21:26.395;161;88,5
2026-03-23T19:21:26.397;161;112,4
2026-03-23T19:21:27.338;161;132,7
2026-03-23T19:21:28.318;161;151,6
2026-03-23T19:21:29.263;162;157,2
2026-03-23T19:21:30.237;162;140,8
2026-03-23T19:21:31.196;162;139,8
2026-03-23T19:21:32.158;161;138,9
2026-03-23T19:21:33.102;161;133,7
2026-03-23T19:21:34.077;161;133,7
2026-03-23T19:21:35.037;161;133,7
2026-03-23T19:21:35.997;161;131,8
2026-03-23T19:21:37.436;160;129,9
2026-03-23T19:21:38.380;160;45,0
2026-03-23T19:21:40.307;160;13,3
2026-03-23T19:21:40.310;160;1,7
2026-03-23T19:21:41.766;159;1,2
2026-03-23T19:21:42.706;160;0,7
2026-03-23T19:21:43.181;160;0,6
2026-03-23T19:21:45.597;159;0,6
2026-03-23T19:21:45.601;159;0,6
2026-03-23T19:21:46.063;159;0,6
2026-03-23T19:21:47.503;159;0,6
2026-03-23T19:21:47.982;160;0,6
2026-03-23T19:21:49.901;160;0,4
2026-03-23T19:21:50.395;160;0,5
2026-03-23T19:21:51.825;161;0,5
2026-03-23T19:21:52.314;161;0,5
2026-03-23T19:21:53.278;161;1,1
2026-03-23T19:21:54.716;161;1,3
2026-03-23T19:21:55.196;162;1,7
2026-03-23T19:21:56.158;162;2,0
2026-03-23T19:21:57.116;163;2,6
2026-03-23T19:21:58.558;162;3,4
2026-03-23T19:21:59.033;162
2026-03-23T19:21:59.997;163;3,5
2026-03-23T19:22:02.400;165;3,6
2026-03-23T19:22:02.402;165;3,6
2026-03-23T19:22:03.358;164;3,6
2026-03-23T19:22:04.794;164;3,6
2026-03-23T19:22:05.277;164;3,7
2026-03-23T19:22:06.237;163;3,5
2026-03-23T19:22:07.677;162;3,5
2026-03-23T19:22:08.158;163;3,6
2026-03-23T19:22:09.116;164;3,6
2026-03-23T19:22:10.070;164;3,6
2026-03-23T19:22:11.516;165;31,5
2026-03-23T19:22:11.981;165;34,6
2026-03-23T19:22:13.437;165;48,6
2026-03-23T19:22:14.877;165;48,6
2026-03-23T19:22:15.820;164;48,6
2026-03-23T19:22:16.803;164;48,6
2026-03-23T19:22:17.277;164;48,6
2026-03-23T19:22:19.196;164;48,6
2026-03-23T19:22:19.200;164;48,6
2026-03-23T19:22:20.639;164;48,6
2026-03-23T19:22:21.583;164;48,6
2026-03-23T19:22:22.078;163;37,1
2026-03-23T19:22:23.038;163;1,1
2026-03-23T19:22:24.479;163;1,1
2026-03-23T19:22:25.436;163;1,0
2026-03-23T19:22:26.398;164;0,9
2026-03-23T19:22:27.836;164;0,9
2026-03-23T19:22:28.316;164;0,9
2026-03-23T19:22:29.278;164;0,9
2026-03-23T19:22:30.239;164;1,3
2026-03-23T19:22:31.195;164
2026-03-23T19:22:33.118;165;13,4
2026-03-23T19:22:33.122;165;18,9
2026-03-23T19:22:34.077;165;19,0
2026-03-23T19:22:35.518;165;19,0
2026-03-23T19:22:35.997;165;19,1
2026-03-23T19:22:37.441;164;19,1
2026-03-23T19:22:38.397;164;19,1
2026-03-23T19:22:39.357;164;19,1
2026-03-23T19:22:40.319;163;19,1
2026-03-23T19:22:41.756;163;19,1
2026-03-23T19:22:42.238;162;19,1
2026-03-23T19:22:44.639;162;13,7
2026-03-23T19:22:44.642;162;2,8
2026-03-23T19:22:45.118;162;2,6
2026-03-23T19:22:46.077;162;2,6
2026-03-23T19:22:48.000;161;1,6
2026-03-23T19:22:48.004;161;1,0
2026-03-23T19:22:49.423;161;0,9
2026-03-23T19:22:50.398;161;1,0
2026-03-23T19:22:51.836;161;1,0
2026-03-23T19:22:52.799;162;1,0
2026-03-23T19:22:53.264;162;1,0
2026-03-23T19:22:54.225;162;0,9
2026-03-23T19:22:55.187;165;1,4
2026-03-23T19:22:56.158;165;2,7
2026-03-23T19:22:57.114;165
2026-03-23T19:22:58.078;165;3,5
2026-03-23T19:22:59.518;162;35,1
2026-03-23T19:22:59.997;160;46,4
2026-03-23T19:23:03.358;160;55,4
2026-03-23T19:23:03.361;159;62,5
2026-03-23T19:23:04.308;159;90,2
2026-03-23T19:23:04.311;161;90,2
2026-03-23T19:23:05.278;163;90,2
2026-03-23T19:23:06.718;163;90,2
2026-03-23T19:23:07.196;164;90,2
2026-03-23T19:23:08.639;164;90,2
2026-03-23T19:23:10.077;163;90,2
2026-03-23T19:23:10.081;163;90,1
2026-03-23T19:23:11.037;163;83,1
2026-03-23T19:23:11.996;163;71,2
2026-03-23T19:23:13.437;163;65,0
2026-03-23T19:23:14.376;163;1,9
2026-03-23T19:23:15.344;162;1,3
2026-03-23T19:23:16.319;162;1,3
2026-03-23T19:23:17.261;162;1,4
2026-03-23T19:23:19.197;162;1,3
2026-03-23T19:23:19.201;162;1,3
2026-03-23T19:23:21.116;162;1,4
2026-03-23T19:23:21.119;162;1,4
2026-03-23T19:23:22.077;163;4,8
2026-03-23T19:23:23.037;163;21,5
2026-03-23T19:23:23.997;163;21,5
2026-03-23T19:23:25.439;163
2026-03-23T19:23:26.376;163
2026-03-23T19:23:27.354;163
2026-03-23T19:23:28.306;163;21,5
2026-03-23T19:23:29.756;163;21,7
2026-03-23T19:23:30.225;163;43,8
2026-03-23T19:23:31.198;163;66,2
2026-03-23T19:23:33.117;163;134,7
2026-03-23T19:23:33.120;164;134,7
2026-03-23T19:23:34.066;165;134,7
2026-03-23T19:23:35.039;165;134,7
2026-03-23T19:23:35.986;165;134,7
2026-03-23T19:23:37.426;165;134,7
2026-03-23T19:23:38.400;165;134,7
2026-03-23T19:23:39.360;165;133,0
2026-03-23T19:23:40.317;165;133,0
2026-03-23T19:23:41.263;165;133,0
2026-03-23T19:23:42.239;164;117,4
2026-03-23T19:23:43.182;164;1,4
2026-03-23T19:23:44.158;164;1,4
2026-03-23T19:23:45.105;164;0,9
2026-03-23T19:23:46.079;163;0,9
2026-03-23T19:23:47.038;163;0,9
2026-03-23T19:23:47.998;163;0,9
2026-03-23T19:23:49.439;163;0,9
2026-03-23T19:23:50.398;163;0,9
2026-03-23T19:23:51.359;164;0,9
2026-03-23T19:23:52.786;163;0,7
2026-03-23T19:23:53.757;163;1,0
2026-03-23T19:23:54.237;163;1,1
2026-03-23T19:23:55.198;163;1,2
2026-03-23T19:23:56.142;163;1,3
2026-03-23T19:23:57.118;164;1,3
2026-03-23T19:23:58.059;165;1,8
2026-03-23T19:23:59.037;166;2,2
2026-03-23T19:23:59.981;167;2,7
2026-03-23T19:24:01.437;168;2,7
2026-03-23T19:24:02.399;166;2,7
2026-03-23T19:24:03.839;166;2,7
2026-03-23T19:24:04.319;165;2,8
2026-03-23T19:24:05.279;164;2,7
2026-03-23T19:24:06.237;164;2,7
2026-03-23T19:24:07.199;163;2,7
2026-03-23T19:24:08.641;163;2,7
2026-03-23T19:24:09.102;162;2,7
2026-03-23T19:24:10.078;162;1,9
2026-03-23T19:24:11.023;162;1,4
2026-03-23T19:24:11.998;161;1,8
2026-03-23T19:24:13.451;161;2,1
2026-03-23T19:24:14.400;161;2,6
2026-03-23T19:24:15.358;161;2,7
2026-03-23T19:24:16.781;162;2,7
2026-03-23T19:24:17.758;162;2,7
2026-03-23T19:24:18.238;162;2,6
2026-03-23T19:24:19.191;162;2,7
2026-03-23T19:24:20.157;162;2,8
2026-03-23T19:24:21.116;162;2,9
2026-03-23T19:24:23.038;162;3,0
2026-03-23T19:24:23.041;162;3,0
2026-03-23T19:24:23.998;162;3,0
2026-03-23T19:24:25.441;163;2,2
2026-03-23T19:24:26.396;162;2,0
2026-03-23T19:24:27.821;162;2,0
2026-03-23T19:24:28.794;162;28,5
2026-03-23T19:24:29.276;163;40,2
2026-03-23T19:24:30.238;164;40,2
2026-03-23T19:24:31.200;163;40,2
2026-03-23T19:24:33.119;164;40,2
2026-03-23T19:24:33.123;164;40,2
2026-03-23T19:24:34.075;164;40,2
2026-03-23T19:24:35.039;164;40,2
2026-03-23T19:24:36.478;163;40,2
2026-03-23T19:24:37.426;163;40,2
2026-03-23T19:24:38.400;163;28,4
2026-03-23T19:24:39.359;163;1,4
2026-03-23T19:24:40.319;163;1,3
2026-03-23T19:24:41.275;163
2026-03-23T19:24:42.238;163;1,3
2026-03-23T19:24:43.198;163;67,0
2026-03-23T19:24:45.120;164;95,3
2026-03-23T19:24:45.122;164;95,3
2026-03-23T19:24:46.078;165;95,3
2026-03-23T19:24:47.039;165;95,3
2026-03-23T19:24:48.464;165;95,3
2026-03-23T19:24:49.424;165;95,3
2026-03-23T19:24:50.400;165;95,3
2026-03-23T19:24:52.320;165;95,3
2026-03-23T19:24:52.326;164;95,3
2026-03-23T19:24:54.718;164;95,3
2026-03-23T19:24:54.721;164;67,8
2026-03-23T19:24:55.198;163;0,6
2026-03-23T19:24:56.156;163;0,7
2026-03-23T19:24:57.118;162;0,7
2026-03-23T19:24:58.079;162;0,7
2026-03-23T19:24:59.039;161;0,7
2026-03-23T19:25:00.000;161;0,9
2026-03-23T19:25:01.425;160;0,9
2026-03-23T19:25:02.399;160;1,0
2026-03-23T19:25:03.841;160;1,0
2026-03-23T19:25:04.319;160;1,1
2026-03-23T19:25:05.278;159;1,1
2026-03-23T19:25:06.718;160;1,0
2026-03-23T19:25:07.198;161;1,0
2026-03-23T19:25:08.625;161;1,3
2026-03-23T19:25:09.113;161;1,5
2026-03-23T19:25:10.079;160;1,5
2026-03-23T19:25:11.038;160;1,5
2026-03-23T19:25:12.958;160;1,4
2026-03-23T19:25:13.437;159;1,4
2026-03-23T19:25:14.388;159;1,4
2026-03-23T19:25:15.839;159;1,4
2026-03-23T19:25:16.301;159
2026-03-23T19:25:17.756;160;1,6
2026-03-23T19:25:18.239;160;1,9
2026-03-23T19:25:19.677;159;1,9
2026-03-23T19:25:20.159;159;1,8
2026-03-23T19:25:21.118;158;1,6
2026-03-23T19:25:23.038;157;1,6
2026-03-23T19:25:23.041;157;1,6
2026-03-23T19:25:23.999;156;1,6
2026-03-23T19:25:26.399;156;1,5
2026-03-23T19:25:26.879;156;1,5
2026-03-23T19:25:27.345;156;1,5
2026-03-23T19:25:28.319;156;1,4
2026-03-23T19:25:29.263;156;0,9
2026-03-23T19:25:30.240;156;0,9
2026-03-23T19:25:32.159;156;0,9
2026-03-23T19:25:32.160;156;0,9
2026-03-23T19:25:33.120;156;1,0
2026-03-23T19:25:34.078;156;1,0
2026-03-23T19:25:35.517;156;0,9
2026-03-23T19:25:35.999;156;1,2
2026-03-23T19:25:37.438;156;1,5
2026-03-23T19:25:38.879;156;1,5
2026-03-23T19:25:39.358;156;1,5
2026-03-23T19:25:40.798;155;1,5
2026-03-23T19:25:41.760;155;1,5
2026-03-23T19:25:42.227;154;1,5
2026-03-23T19:25:43.200;153;1,5
2026-03-23T19:25:44.159;153;1,5
2026-03-23T19:25:45.120;153;1,4
2026-03-23T19:25:46.066;152;1,4
2026-03-23T19:25:47.038;152;1,2
2026-03-23T19:25:47.998;151;1,1
2026-03-23T19:25:49.440;151;1,0
2026-03-23T19:25:50.878;150;1,0
2026-03-23T19:25:51.341;150;1,0
2026-03-23T19:25:52.319;150;0,8
2026-03-23T19:25:53.264;150;0,9
2026-03-23T19:25:54.239;151;0,7
2026-03-23T19:25:55.189;151;0,7
2026-03-23T19:25:56.159;151;0,7
2026-03-23T19:25:57.106;151;0,7
2026-03-23T19:25:58.079;151;0,7
2026-03-23T19:25:59.518;151;0,8
2026-03-23T19:26:00.478;152;0,8
2026-03-23T19:26:01.439;152;0,8
2026-03-23T19:26:02.863;152
2026-03-23T19:26:03.359;152;20,2
2026-03-23T19:26:04.318;152;28,4
2026-03-23T19:26:05.279;150;28,4
2026-03-23T19:26:06.240;150;28,4
2026-03-23T19:26:07.199;149;28,4
2026-03-23T19:26:08.159;149;28,4
2026-03-23T19:26:09.120;148;28,4
2026-03-23T19:26:10.062;148;28,4
2026-03-23T19:26:11.511;147;28,4
2026-03-23T19:26:11.983;147;28,4
2026-03-23T19:26:13.902;147;28,4
2026-03-23T19:26:14.388;147;28,0
2026-03-23T19:26:15.826;147;20,0
2026-03-23T19:26:16.308;147;1,1
2026-03-23T19:26:17.281;146;1,0
2026-03-23T19:26:18.720;146;1,1
2026-03-23T19:26:19.197;146;1,1
2026-03-23T19:26:20.149;147;1,1
2026-03-23T19:26:21.101;147;1,2
2026-03-23T19:26:22.079;146;1,3
2026-03-23T19:26:23.984;146;1,3
2026-03-23T19:26:23.987;145;1,3
2026-03-23T19:26:25.438;144;1,4
2026-03-23T19:26:26.400;143;1,3
2026-03-23T19:26:27.360;143;1,2
2026-03-23T19:26:28.319;143;1,2
2026-03-23T19:26:29.279;143;1,2
2026-03-23T19:26:30.238;143;1,1
2026-03-23T19:26:31.199;143;1,1
2026-03-23T19:26:32.158;142;1,1
2026-03-23T19:26:33.583;142;1,2
2026-03-23T19:26:34.080;143;0,9
2026-03-23T19:26:35.038;144;1,1
2026-03-23T19:26:36.000;144;1,2
2026-03-23T19:26:37.423;145;1,3
2026-03-23T19:26:38.880;146;1,2
2026-03-23T19:26:39.347;145;1,3
2026-03-23T19:26:40.782;145;1,4
2026-03-23T19:26:41.279;145;1,3
2026-03-23T19:26:42.238;144;1,3
2026-03-23T19:26:43.188;145;1,3
2026-03-23T19:26:44.159;144;1,3
2026-03-23T19:26:45.120;144;1,2
2026-03-23T19:26:46.079;144;1,3
2026-03-23T19:26:47.037;144;1,0
2026-03-23T19:26:48.001;144;0,9
2026-03-23T19:26:49.439;144;0,8
2026-03-23T19:26:50.386;144;0,8
2026-03-23T19:26:51.359;144;0,6
2026-03-23T19:26:52.305;145;0,6
2026-03-23T19:26:53.281;145;0,7
2026-03-23T19:26:54.221;145;0,7
2026-03-23T19:26:55.200;145;0,7
2026-03-23T19:26:57.599;145;0,8
2026-03-23T19:26:57.603;146;0,8
2026-03-23T19:26:58.079;146;0,7
2026-03-23T19:26:59.038;146;0,8
2026-03-23T19:26:59.999;146;0,9
2026-03-23T19:27:01.438;146;0,9
2026-03-23T19:27:02.400;146;0,9
2026-03-23T19:27:03.347;146;0,9
2026-03-23T19:27:04.799;146;0,8
2026-03-23T19:27:05.266;145;0,8
2026-03-23T19:27:06.240;145;0,8
2026-03-23T19:27:07.201;145;0,8
2026-03-23T19:27:08.158;145;0,8
2026-03-23T19:27:09.118;144;1,0
2026-03-23T19:27:10.080;143;1,0
2026-03-23T19:27:11.035;143;0,9
2026-03-23T19:27:12.000;142;1,6
2026-03-23T19:27:13.919;142;1,6
2026-03-23T19:27:14.381;141;1,6
2026-03-23T19:27:15.361;141;1,6
2026-03-23T19:27:16.305;141;1,6
2026-03-23T19:27:17.280;141;1,7
2026-03-23T19:27:18.720;140;1,8
2026-03-23T19:27:19.685;141;1,8
2026-03-23T19:27:20.144;141;1,8
2026-03-23T19:27:21.599;141;1,7
2026-03-23T19:27:23.039;141;1,7
2026-03-23T19:27:23.042;141;1,7
2026-03-23T19:27:25.427;141;1,7
2026-03-23T19:27:25.429;141;1,1
2026-03-23T19:27:26.395;141;1,1
2026-03-23T19:27:27.821;141;1,1
2026-03-23T19:27:28.300;141;1,1
2026-03-23T19:27:29.261;140;1,1
2026-03-23T19:27:30.234;140;0,9
2026-03-23T19:27:31.200;139;0,9
2026-03-23T19:27:32.159;139;0,9
2026-03-23T19:27:33.117;138;1,1
2026-03-23T19:27:34.079;137;1,2
2026-03-23T19:27:35.024;137;1,2
2026-03-23T19:27:36.001;138;1,2
2026-03-23T19:27:37.439;138;1,2
2026-03-23T19:27:38.400;138;1,3
2026-03-23T19:27:39.359;137;1,3
2026-03-23T19:27:40.321;137;1,3
2026-03-23T19:27:41.757;137;1,3
2026-03-23T19:27:42.237;137
2026-03-23T19:27:44.158;137
2026-03-23T19:27:44.159;137
2026-03-23T19:27:45.119;137;1,3
2026-03-23T19:27:46.079;136;1,3
2026-03-23T19:27:47.040;136;1,2
2026-03-23T19:27:47.983;135;1,2
2026-03-23T19:27:49.438;135;1,2
2026-03-23T19:27:50.399;135;1,2
2026-03-23T19:27:51.359;134;1,1
2026-03-23T19:27:52.304;134;1,0
2026-03-23T19:27:53.280;134;1,4
2026-03-23T19:27:54.239;134;1,5
2026-03-23T19:27:55.189;134;1,5
2026-03-23T19:27:56.145;133;1,4
2026-03-23T19:27:57.598;133;1,4
2026-03-23T19:27:58.068;133;1,5
2026-03-23T19:27:59.037;133
2026-03-23T19:28:00.478;133
2026-03-23T19:28:01.437;133
2026-03-23T19:28:02.398;133
2026-03-23T19:28:03.343;133;1,5
2026-03-23T19:28:04.319;133;1,5
2026-03-23T19:28:05.274;133;1,8
2026-03-23T19:28:06.719;133;1,8
2026-03-23T19:28:07.195;133;1,8
2026-03-23T19:28:08.160;133;1,7
2026-03-23T19:28:10.560;133;1,7
2026-03-23T19:28:10.563;133;1,7
2026-03-23T19:28:11.518;133;1,4
2026-03-23T19:28:11.999;133;1,4
2026-03-23T19:28:13.441;134;1,5
2026-03-23T19:28:14.401;134;1,6
2026-03-23T19:28:15.835;134;1,7
2026-03-23T19:28:17.280;134;1,7
2026-03-23T19:28:17.283;134;1,6
2026-03-23T19:28:18.718;133;1,7
2026-03-23T19:28:19.199;133;1,4
2026-03-23T19:28:20.160;133;1,4
2026-03-23T19:28:21.120;133;1,5
2026-03-23T19:28:22.081;133;1,6
2026-03-23T19:28:23.041;134;1,5
2026-03-23T19:28:23.984;134;1,5
2026-03-23T19:28:25.919;134;1,7
2026-03-23T19:28:26.879;133;1,7
2026-03-23T19:28:27.359;133;1,5
2026-03-23T19:28:28.318;134;1,4
2026-03-23T19:28:29.279;134;1,4
2026-03-23T19:28:30.718;134;1,3
2026-03-23T19:28:31.667;134;1,4
2026-03-23T19:28:32.156;134;1,4
2026-03-23T19:28:33.121;133;1,4
2026-03-23T19:28:34.079;132;1,4
2026-03-23T19:28:35.040;133;1,2
2026-03-23T19:28:36.000;133;1,4
2026-03-23T19:28:37.440;133;1,5
2026-03-23T19:28:38.401;133;1,5
2026-03-23T19:28:39.360;132;1,4
2026-03-23T19:28:40.320;131;1,6
2026-03-23T19:28:41.279;131;1,5
2026-03-23T19:28:42.238;131;1,5
2026-03-23T19:28:43.198;130;1,5
2026-03-23T19:28:44.159;131;1,6
2026-03-23T19:28:45.119;131;1,6
2026-03-23T19:28:46.558;132;1,6
2026-03-23T19:28:47.039;133;1,9
2026-03-23T19:28:47.999;134;1,9
2026-03-23T19:28:49.440;135;1,9
2026-03-23T19:28:50.400;136;2,0
2026-03-23T19:28:51.361;136;1,9
2026-03-23T19:28:52.800;137;1,8
2026-03-23T19:28:53.747;137;1,8
2026-03-23T19:28:54.229;138;1,8
2026-03-23T19:28:55.666;139;1,9
2026-03-23T19:28:56.158;139;1,9
2026-03-23T19:28:57.600;141;1,8
2026-03-23T19:28:58.079;141;1,7
2026-03-23T19:28:59.041;142;1,8
2026-03-23T19:28:59.998;142;1,6
2026-03-23T19:29:01.440;143;1,6
2026-03-23T19:29:02.390;143;1,3
2026-03-23T19:29:03.359;144;1,4
2026-03-23T19:29:05.269;144;1,5
2026-03-23T19:29:05.273;144;1,8
2026-03-23T19:29:06.240;144;1,8
2026-03-23T19:29:07.198;145;1,8
2026-03-23T19:29:08.160;144;32,4
2026-03-23T19:29:09.120;143;32,4
2026-03-23T19:29:10.080;142;33,7
2026-03-23T19:29:11.041;141;54,4
2026-03-23T19:29:12.000;141;54,4
2026-03-23T19:29:13.441;144;54,4
2026-03-23T19:29:14.386;146;54,4
2026-03-23T19:29:15.361;147;54,4
2026-03-23T19:29:16.306;148;54,4
2026-03-23T19:29:17.281;148;54,4
2026-03-23T19:29:18.228;148;54,4
2026-03-23T19:29:19.202;148;54,4
2026-03-23T19:29:20.160;148;54,4
2026-03-23T19:29:21.121;148;43,7
2026-03-23T19:29:22.062;148;1,6
2026-03-23T19:29:23.024;148;1,6
2026-03-23T19:29:23.988;148;1,6
2026-03-23T19:29:25.438;149;1,5
2026-03-23T19:29:26.389;150;1,6
2026-03-23T19:29:27.349;150;2,4
2026-03-23T19:29:28.310;150;2,3
2026-03-23T19:29:29.759;150;2,3
2026-03-23T19:29:30.240;150;2,3
2026-03-23T19:29:32.160;150;31,5
2026-03-23T19:29:32.641;150;44,6
2026-03-23T19:29:33.104;150;44,6
2026-03-23T19:29:34.079;150;44,6
2026-03-23T19:29:35.040;150;44,6
2026-03-23T19:29:36.961;150;44,6
2026-03-23T19:29:38.401;150;44,6
2026-03-23T19:29:38.404;150;44,6
2026-03-23T19:29:39.361;150;44,5
2026-03-23T19:29:40.309;150;44,5
2026-03-23T19:29:41.267;150;44,5
2026-03-23T19:29:42.229;151;44,5
2026-03-23T19:29:43.187;151;31,6
2026-03-23T19:29:44.634;151;0,9
2026-03-23T19:29:45.582;151;0,9
2026-03-23T19:29:46.560;150;0,9
2026-03-23T19:29:47.519;150;38,8
2026-03-23T19:29:48.000;149;53,5
2026-03-23T19:29:49.426;148;53,5
2026-03-23T19:29:50.884;146;53,5
2026-03-23T19:29:51.342;145;53,5
2026-03-23T19:29:52.320;145;53,5
2026-03-23T19:29:54.243;144;53,5
2026-03-23T19:29:54.719;143;53,5
2026-03-23T19:29:55.187;143;53,5
2026-03-23T19:29:56.161;143;53,5
2026-03-23T19:29:57.109;143;53,5
2026-03-23T19:29:58.080;143;53,5
2026-03-23T19:29:59.040;142;53,5
2026-03-23T19:30:00.001;143;36,8
2026-03-23T19:30:01.440;143;1,1
2026-03-23T19:30:02.885;143;1,2
2026-03-23T19:30:03.359;143;1,0
2026-03-23T19:30:04.322;142;1,0
2026-03-23T19:30:05.280;142;0,7
2026-03-23T19:30:06.225;142;0,9
2026-03-23T19:30:07.677;141;0,9
2026-03-23T19:30:08.144;141;0,9
2026-03-23T19:30:09.121;141;0,9
2026-03-23T19:30:10.066;140;1,1
2026-03-23T19:30:11.041;140;1,1
2026-03-23T19:30:11.998;140
2026-03-23T19:30:13.438;140
2026-03-23T19:30:14.879;140;1,1
2026-03-23T19:30:16.321;139;1,8
2026-03-23T19:30:16.798;138;78,9
2026-03-23T19:30:17.265;138;110,3
2026-03-23T19:30:18.718;138;138,1
2026-03-23T19:30:19.183;137;160,8
2026-03-23T19:30:20.158;137;180,7
2026-03-23T19:30:21.106;136;198,2
2026-03-23T19:30:22.560;134;198,2
2026-03-23T19:30:23.030;132;198,2
2026-03-23T19:30:24.000;131;198,2
2026-03-23T19:30:25.440;131;198,2
2026-03-23T19:30:26.865;131;198,2
2026-03-23T19:30:27.359;130;198,2
2026-03-23T19:30:28.798;130;198,2
2026-03-23T19:30:29.278;130
2026-03-23T19:30:30.718;130;198,2
2026-03-23T19:30:31.198;130;198,2
2026-03-23T19:30:32.150;130;164,7
2026-03-23T19:30:33.119;129;142,3
2026-03-23T19:30:34.080;128;116,0
2026-03-23T19:30:35.040;127;81,5
2026-03-23T19:30:35.988;125;2,4
2026-03-23T19:30:37.440;123;2,7
2026-03-23T19:30:38.399;121;2,8
2026-03-23T19:30:39.361;120;2,8
2026-03-23T19:30:40.320;119;2,8
2026-03-23T19:30:41.281;118;3,1
2026-03-23T19:30:43.200;117;3,1
2026-03-23T19:30:43.202;117;3,1
2026-03-23T19:30:44.160;117;3,1
2026-03-23T19:30:45.122;117;3,2
2026-03-23T19:30:46.081;117;3,3
2026-03-23T19:30:47.036;118;3,4
2026-03-23T19:30:48.002;119;3,5
2026-03-23T19:30:49.440;120;3,2
2026-03-23T19:30:50.400;120;3,2
2026-03-23T19:30:51.360;120;2,7
2026-03-23T19:30:52.320;119;2,6
2026-03-23T19:30:54.223;119;2,5
2026-03-23T19:30:54.226;118;2,6
2026-03-23T19:30:55.202;119;2,6
2026-03-23T19:30:56.630;119;2,5
2026-03-23T19:30:57.120;119;2,2
2026-03-23T19:30:58.066;119;2,4
2026-03-23T19:30:59.041;118;2,3
2026-03-23T19:30:59.985;118;2,3
2026-03-23T19:31:01.441;118;2,2
2026-03-23T19:31:02.401;119;2,3
2026-03-23T19:31:03.829;119;2,2
2026-03-23T19:31:04.318;120;2,2
2026-03-23T19:31:05.281;119;2,6
2026-03-23T19:31:06.241;118;2,5
2026-03-23T19:31:07.662;117;2,8
2026-03-23T19:31:08.638;116;2,7
2026-03-23T19:31:09.120;117;3,2
2026-03-23T19:31:11.042;117;3,2
2026-03-23T19:31:11.045;118;3,2
2026-03-23T19:31:12.001;118;3,4
2026-03-23T19:31:13.440;117;3,8
2026-03-23T19:31:14.402;115;4,1
2026-03-23T19:31:15.361;114;4,2
2026-03-23T19:31:16.321;113;4,1
2026-03-23T19:31:17.279;113;4,0
2026-03-23T19:31:18.241;113;4,0
2026-03-23T19:31:19.201;112;4,0
2026-03-23T19:31:20.162;112;3,8
2026-03-23T19:31:21.120;112;3,7
2026-03-23T19:31:22.082;112;3,5
2026-03-23T19:31:23.041;113;3,6
2026-03-23T19:31:24.961;114;3,6
2026-03-23T19:31:25.441;114;3,2
2026-03-23T19:31:26.391;114;3,2
2026-03-23T19:31:27.361;115;3,2
2026-03-23T19:31:29.281;115;2,3
2026-03-23T19:31:29.284;116;1,7
2026-03-23T19:31:30.242;116;1,5
2026-03-23T19:31:31.201;116;1,5
2026-03-23T19:31:32.148;117;1,6
2026-03-23T19:31:33.121;117;1,8
2026-03-23T19:31:34.081;118;1,8
2026-03-23T19:31:35.040;118;1,7
2026-03-23T19:31:36.000;117;2,5
2026-03-23T19:31:38.881;116;3,0
2026-03-23T19:31:38.883;114;3,0
2026-03-23T19:31:39.840;113;3,1
2026-03-23T19:31:40.321;113;3,1
2026-03-23T19:31:41.272;113;3,1
2026-03-23T19:31:42.241;113;3,5
2026-03-23T19:31:43.182;114;3,5
2026-03-23T19:31:44.160;115;3,6
2026-03-23T19:31:45.104;116;3,6
2026-03-23T19:31:46.546;116;3,6
2026-03-23T19:31:47.032;115;4,0
2026-03-23T19:31:48.961;114;4,2
2026-03-23T19:31:49.921;113;4,2
2026-03-23T19:31:50.391;112;4,2
2026-03-23T19:31:51.358;113;4,2
2026-03-23T19:31:52.311;114;4,0
2026-03-23T19:31:53.760;115;3,9
2026-03-23T19:31:54.222;116;3,9
2026-03-23T19:31:55.679;117;3,9
2026-03-23T19:31:56.150;116;4,3
2026-03-23T19:31:58.080;116;4,3
2026-03-23T19:31:58.082;115;4,3
2026-03-23T19:32:00.002;114;4,2
2026-03-23T19:32:00.482;114;4,2
2026-03-23T19:32:01.442;114;4,2
2026-03-23T19:32:02.401;115;4,0
2026-03-23T19:32:03.841;117;4,2
2026-03-23T19:32:04.801;118;4,2
2026-03-23T19:32:06.244;119;4,2
2026-03-23T19:32:06.246;119;3,7
2026-03-23T19:32:07.184;119;3,6
2026-03-23T19:32:08.162;119;3,6
2026-03-23T19:32:09.110;119;3,5
2026-03-23T19:32:10.082;119;3,5
2026-03-23T19:32:11.038;119;3,0
2026-03-23T19:32:12.001;120;4,0
2026-03-23T19:32:13.921;121;4,0
2026-03-23T19:32:14.393;123;4,1
2026-03-23T19:32:16.315;124;4,0
2026-03-23T19:32:16.316;125;3,8
2026-03-23T19:32:17.281;126;3,5
2026-03-23T19:32:18.233;127;3,5
2026-03-23T19:32:19.201;127;3,5
2026-03-23T19:32:20.145;128;3,5
2026-03-23T19:32:21.602;128;3,5
2026-03-23T19:32:22.562;128;3,8
2026-03-23T19:32:23.522;127;3,8
2026-03-23T19:32:23.989;127;3,7
2026-03-23T19:32:25.912;128;3,9
2026-03-23T19:32:26.398;128;2,5
2026-03-23T19:32:29.282;129;2,5
2026-03-23T19:32:30.243;130;2,5
2026-03-23T19:32:30.246;131;2,5
2026-03-23T19:32:30.248;132;2,5
2026-03-23T19:32:32.641;132;2,4
2026-03-23T19:32:32.644;133;2,4
2026-03-23T19:32:33.122;133;2,4
2026-03-23T19:32:34.082;134;2,4
2026-03-23T19:32:36.001;134;1,9
2026-03-23T19:32:36.005;135;1,9
2026-03-23T19:32:37.441;135;1,9
2026-03-23T19:32:38.401;135;1,7
2026-03-23T19:32:39.841;135;1,6
2026-03-23T19:32:40.788;135;1,6
2026-03-23T19:32:42.242;136;1,2
2026-03-23T19:32:42.245;136;1,2
2026-03-23T19:32:44.163;136;1,1
2026-03-23T19:32:44.165;137;1,1
2026-03-23T19:32:45.601;137;0,8
2026-03-23T19:32:47.521;137;0,8
2026-03-23T19:32:48.000;137;0,8
2026-03-23T19:32:48.001;137
2026-03-23T19:32:49.442;137;0,7
2026-03-23T19:32:50.877;137;0,7
2026-03-23T19:32:51.361;138;0,9
2026-03-23T19:32:52.322;137;1,0
2026-03-23T19:32:55.201;136;1,0
2026-03-23T19:32:55.203;136;1,0
2026-03-23T19:32:55.206;135;0,9
2026-03-23T19:32:58.082;136;0,9
2026-03-23T19:32:58.562;136;1,0
2026-03-23T19:32:58.565;136;0,9
2026-03-23T19:32:59.509;137;0,9
2026-03-23T19:32:59.998;137;0,9
2026-03-23T19:33:02.404;137;1,4
2026-03-23T19:33:02.408;138;1,6
2026-03-23T19:33:03.359;137;1,6
2026-03-23T19:33:05.281;137;1,6
2026-03-23T19:33:05.283;136;1,6
2026-03-23T19:33:07.684;135;1,9
2026-03-23T19:33:07.686;134;1,9
2026-03-23T19:33:08.162;133;1,9
2026-03-23T19:33:09.121;132;1,9
2026-03-23T19:33:10.081;132;2,0
2026-03-23T19:33:14.882;131;2,0
2026-03-23T19:33:14.886;131;2,1
2026-03-23T19:33:14.887;132;2,3
2026-03-23T19:33:14.888;132;2,0
2026-03-23T19:33:15.841;133;2,0
2026-03-23T19:33:16.306;134;1,9
2026-03-23T19:33:17.282;134;1,9
2026-03-23T19:33:18.243;135;1,9
2026-03-23T19:33:19.681;135;1,6
2026-03-23T19:33:21.602;136;1,5
2026-03-23T19:33:21.605;136;1,6
2026-03-23T19:33:22.560;136;1,6
2026-03-23T19:33:24.950;135;1,6
2026-03-23T19:33:24.954;135;1,5
2026-03-23T19:33:25.922;135;1,5
2026-03-23T19:33:26.402;135;1,2
2026-03-23T19:33:27.361;134;1,2
2026-03-23T19:33:28.321;134;1,7
2026-03-23T19:33:29.284;132;1,7
2026-03-23T19:33:30.224;132;1,7
2026-03-23T19:33:31.202;132;1,7
2026-03-23T19:33:32.642;132;1,7
2026-03-23T19:33:34.558;132
2026-03-23T19:33:34.560;133;1,7
2026-03-23T19:33:35.042;133;3,4
2026-03-23T19:33:36.004;133;3,5
2026-03-23T19:33:37.440;130;3,6
2026-03-23T19:33:39.347;128;3,6
2026-03-23T19:33:39.350;127;3,6
2026-03-23T19:33:40.319;126;3,6
2026-03-23T19:33:41.282;126;3,6
2026-03-23T19:33:43.204;127;3,6
2026-03-23T19:33:43.206;127;3,6
2026-03-23T19:33:44.162;127;3,4
2026-03-23T19:33:45.601;127;3,4
2026-03-23T19:33:46.563;127;3,4
2026-03-23T19:33:47.040;127;3,4
2026-03-23T19:33:48.002;127;3,4
2026-03-23T19:33:49.441;127;1,7
2026-03-23T19:33:50.882;126;1,6
2026-03-23T19:33:51.844;125;1,7
2026-03-23T19:33:52.322;124;1,5
2026-03-23T19:33:54.244;124;1,6
2026-03-23T19:33:54.246;125;1,8
2026-03-23T19:33:55.201;125;1,7
2026-03-23T19:33:56.161;126;1,7
2026-03-23T19:33:57.601;126;1,7
2026-03-23T19:33:58.079;127;1,7
2026-03-23T19:34:00.001;127;1,7
2026-03-23T19:34:00.004;128;1,8
2026-03-23T19:34:02.403;129;1,9
2026-03-23T19:34:02.405;129;2,2
2026-03-23T19:34:03.362;130;79,7
2026-03-23T19:34:04.323;132;112,8
2026-03-23T19:34:05.282;133;112,8
2026-03-23T19:34:06.722;134;112,8
2026-03-23T19:34:07.682;134;112,8
2026-03-23T19:34:08.145;134;112,8
2026-03-23T19:34:09.603;135;112,8
2026-03-23T19:34:10.068;135
2026-03-23T19:34:11.521;135;112,8
2026-03-23T19:34:11.988;135;112,8
2026-03-23T19:34:13.908;135;112,8
2026-03-23T19:34:14.402;136;112,8
2026-03-23T19:34:15.364;137;112,8
2026-03-23T19:34:16.323;137;112,8
2026-03-23T19:34:18.242;137;79,9
2026-03-23T19:34:18.245;138;79,9
2026-03-23T19:34:19.679;138
2026-03-23T19:34:20.159;138;3,3
2026-03-23T19:34:21.122;138;2,0
2026-03-23T19:34:22.563;138;42,7
2026-03-23T19:34:23.027;138;42,7
2026-03-23T19:34:24.004;139;60,8
2026-03-23T19:34:25.923;140;60,8
2026-03-23T19:34:26.401;140;60,8
2026-03-23T19:34:27.363;141;60,8
2026-03-23T19:34:28.322;142;60,8
2026-03-23T19:34:29.760;142;60,8
2026-03-23T19:34:30.730;143;60,8
2026-03-23T19:34:31.683;143;60,8
2026-03-23T19:34:32.642;143;60,8
2026-03-23T19:34:33.123;144;60,8
2026-03-23T19:34:34.083;144;60,8
2026-03-23T19:34:35.522;144;60,8
2026-03-23T19:34:35.987;144;43,3
2026-03-23T19:34:37.443;144;1,5
2026-03-23T19:34:39.361;143;1,4
2026-03-23T19:34:39.363;144;1,4
2026-03-23T19:34:40.322;144;1,4
2026-03-23T19:34:41.748;144;1,3
2026-03-23T19:34:42.725;144;1,3
2026-03-23T19:34:43.669;144;1,2
2026-03-23T19:34:44.160;144;1,2
2026-03-23T19:34:45.122;144;1,2
2026-03-23T19:34:47.044;143;1,6
2026-03-23T19:34:47.046;143;1,6
2026-03-23T19:34:48.484;143;1,6
2026-03-23T19:34:49.441;142;1,9
2026-03-23T19:34:50.403;141;1,9
2026-03-23T19:34:51.364;140;1,9
2026-03-23T19:34:52.322;140;2,0
2026-03-23T19:34:54.242;140;1,9
2026-03-23T19:34:54.723;140;1,9
2026-03-23T19:34:55.202;141;1,9
2026-03-23T19:34:56.644;141;1,9
2026-03-23T19:34:57.122;141;1,9
2026-03-23T19:34:58.549;141;1,9
2026-03-23T19:35:00.005;142;1,5
2026-03-23T19:35:00.468;142;1,8
2026-03-23T19:35:01.442;142;1,8
2026-03-23T19:35:02.388;142;1,4
2026-03-23T19:35:03.363;142;1,4
2026-03-23T19:35:04.309;142;1,3
2026-03-23T19:35:10.080;142;1,3
2026-03-23T19:35:10.561;142;1,6
2026-03-23T19:35:11.042;143;1,6
2026-03-23T19:35:11.503;143
2026-03-23T19:35:11.504;143
2026-03-23T19:35:11.506;143;1,7
2026-03-23T19:35:11.508;143;168,7
2026-03-23T19:35:12.000;143
2026-03-23T19:35:13.425;143
2026-03-23T19:35:14.404;143;187,6
2026-03-23T19:35:15.352;143;203,9
2026-03-23T19:35:16.324;141;203,9
2026-03-23T19:35:17.267;138;203,9
2026-03-23T19:35:18.243;137;203,9
2026-03-23T19:35:19.192;136;203,9
2026-03-23T19:35:20.163;136;203,9
2026-03-23T19:35:21.120;136
2026-03-23T19:35:22.083;137;203,9
2026-03-23T19:35:24.481;137
2026-03-23T19:35:24.484;136;240,1
2026-03-23T19:35:25.440;136
2026-03-23T19:35:26.386;136
2026-03-23T19:35:28.801;136
2026-03-23T19:35:28.803;136
2026-03-23T19:35:29.761;135;240,1
2026-03-23T19:35:30.229;133;240,2
2026-03-23T19:35:31.687;132;260,5
2026-03-23T19:35:32.144;133;260,5
2026-03-23T19:35:33.123;133;231,4
2026-03-23T19:35:35.045;133;198,5
2026-03-23T19:35:35.049;134;180,8
2026-03-23T19:35:35.997;134;162,1
2026-03-23T19:35:37.433;134;162,1
2026-03-23T19:35:39.347;134;162,1
2026-03-23T19:35:39.351;133;162,1
2026-03-23T19:35:40.323;133;162,1
2026-03-23T19:35:41.266;133;162,1
2026-03-23T19:35:42.242;133;101,0
2026-03-23T19:35:43.682;134;101,0
2026-03-23T19:35:44.161;134;101,0
2026-03-23T19:35:45.109;134;27,4
2026-03-23T19:35:46.084;136;2,2
2026-03-23T19:35:48.002;136;2,2
2026-03-23T19:35:48.466;137;2,2
2026-03-23T19:35:50.402;137;2,3
2026-03-23T19:35:50.405;136;2,3
2026-03-23T19:35:51.363;136;2,3
2026-03-23T19:35:52.324;135;2,5
2026-03-23T19:35:54.243;134;2,3
2026-03-23T19:35:54.245;133;2,3
2026-03-23T19:35:55.203;133;2,3
2026-03-23T19:35:56.145;133;2,1
2026-03-23T19:35:58.072;133;2,2
2026-03-23T19:35:58.074;134;1,7
2026-03-23T19:35:59.044;134;1,7
2026-03-23T19:36:00.003;134;1,7
2026-03-23T19:36:01.442;134;1,7
2026-03-23T19:36:02.402;134;1,7
2026-03-23T19:36:03.364;133;1,6
2026-03-23T19:36:05.269;133;1,6
2026-03-23T19:36:05.762;133;1,8
2026-03-23T19:36:06.242;133;1,7
2026-03-23T19:36:07.188;134;1,7
2026-03-23T19:36:08.163;135;2,0
2026-03-23T19:36:09.107;135;2,4
2026-03-23T19:36:10.085;135;2,8
2026-03-23T19:36:12.004;136;2,8
2026-03-23T19:36:12.963;136;2,8
2026-03-23T19:36:14.866;136;3,0
2026-03-23T19:36:14.869;136;3,3
2026-03-23T19:36:16.323;136;3,5
2026-03-23T19:36:16.326;136;3,4
2026-03-23T19:36:17.284;135;3,4
2026-03-23T19:36:19.203;135;3,5
2026-03-23T19:36:19.206;134;3,3
2026-03-23T19:36:21.124;134;3,3
2026-03-23T19:36:21.127;135;3,1
2026-03-23T19:36:22.068;136;2,8
2026-03-23T19:36:23.044;136;2,5
2026-03-23T19:36:23.993;137;2,4
2026-03-23T19:36:25.906;137;2,4
2026-03-23T19:36:26.402;137;2,4
2026-03-23T19:36:27.364;137;2,0
2026-03-23T19:36:29.750;138;1,6
2026-03-23T19:36:29.752;138;1,6
2026-03-23T19:36:31.669;138;1,7
2026-03-23T19:36:31.672;138;1,5
2026-03-23T19:36:32.643;138;1,5
2026-03-23T19:36:33.123;138;1,5
2026-03-23T19:36:34.082;138;1,4
2026-03-23T19:36:35.523;138;1,2
2026-03-23T19:36:36.002;138;1,3
2026-03-23T19:36:38.402;138;1,3
2026-03-23T19:36:38.406;139;1,4
2026-03-23T19:36:39.363;139;1,0
2026-03-23T19:36:40.791;139;1,0
2026-03-23T19:36:41.282;139;1,0
2026-03-23T19:36:42.243;139;1,0
2026-03-23T19:36:43.203;140;0,8
2026-03-23T19:36:44.629;140;0,9
2026-03-23T19:36:45.603;140;1,8
2026-03-23T19:36:46.085;140;2,2
2026-03-23T19:36:47.038;140;4,2
2026-03-23T19:36:48.960;140
2026-03-23T19:36:49.440;140
2026-03-23T19:36:50.402;140;4,2
2026-03-23T19:36:51.363;140;23,0
2026-03-23T19:36:52.322;140;66,0
2026-03-23T19:36:54.245;140;89,8
2026-03-23T19:36:54.248;140;89,8
2026-03-23T19:36:55.204;139;89,8
2026-03-23T19:36:56.165;138;89,8
2026-03-23T19:36:57.124;136;89,8
2026-03-23T19:36:58.065;135;89,8
2026-03-23T19:37:00.004;135;89,8
2026-03-23T19:37:00.007;134;89,8
2026-03-23T19:37:01.443;135;89,8
2026-03-23T19:37:03.842;135;89,8
2026-03-23T19:37:03.845;135;89,7
2026-03-23T19:37:04.323;136;90,9
2026-03-23T19:37:05.284;136;65,0
2026-03-23T19:37:06.243;136;65,0
2026-03-23T19:37:07.683;137;33,8
2026-03-23T19:37:08.163;138;22,9
2026-03-23T19:37:09.605;139;23,0
2026-03-23T19:37:10.563;140;23,0
2026-03-23T19:37:11.044;141;23,0
2026-03-23T19:37:12.002;141;23,0
2026-03-23T19:37:13.447;142;23,0
2026-03-23T19:37:14.886;143;23,0
2026-03-23T19:37:15.364;143;23,0
2026-03-23T19:37:16.313;144;23,0
2026-03-23T19:37:17.284;144;23,0
2026-03-23T19:37:18.232;144;23,0
2026-03-23T19:37:19.683;144;17,7
2026-03-23T19:37:20.644;144;3,0
2026-03-23T19:37:21.122;144;3,0
2026-03-23T19:37:22.071;144;2,8
2026-03-23T19:37:23.043;143;2,5
2026-03-23T19:37:24.004;143;2,2
2026-03-23T19:37:25.434;144;2,2
2026-03-23T19:37:26.393;144;2,1
2026-03-23T19:37:27.349;145;2,2
2026-03-23T19:37:29.267;145;1,7
2026-03-23T19:37:29.269;145;1,7
2026-03-23T19:37:30.243;145;1,7
2026-03-23T19:37:31.683;145;1,7
2026-03-23T19:37:32.161;145
2026-03-23T19:37:33.601;145
2026-03-23T19:37:34.082;146;72,3
2026-03-23T19:37:35.031;146;72,3
2026-03-23T19:37:36.469;146;72,4
2026-03-23T19:37:38.883;146;102,2
2026-03-23T19:37:38.886;145;102,2
2026-03-23T19:37:39.364;145;102,2
2026-03-23T19:37:40.323;145;102,2
2026-03-23T19:37:41.281;144;102,2
2026-03-23T19:37:42.230;144;102,2
2026-03-23T19:37:44.640;144;102,2
2026-03-23T19:37:44.641;144;102,2
2026-03-23T19:37:45.602;145;102,2
2026-03-23T19:37:46.073;145;102,2
2026-03-23T19:37:47.033;146;72,3
2026-03-23T19:37:48.950;147;72,2
2026-03-23T19:37:49.426;147;2,1
2026-03-23T19:37:50.866;148;2,1
2026-03-23T19:37:52.305;149;2,1
2026-03-23T19:37:52.784;149;2,3
2026-03-23T19:37:53.763;149;2,3
2026-03-23T19:37:54.242;150;2,8
2026-03-23T19:37:55.187;149;2,8
2026-03-23T19:37:56.164;149;2,8
2026-03-23T19:37:57.110;149;2,8
2026-03-23T19:37:58.083;149;3,7
2026-03-23T19:37:59.043;149;3,7
2026-03-23T19:38:00.003;149;3,7
2026-03-23T19:38:03.364;149;3,6
2026-03-23T19:38:04.327;150;106,1
2026-03-23T19:38:04.328;150
2026-03-23T19:38:04.328;150
2026-03-23T19:38:05.284;149;106,1
2026-03-23T19:38:06.245;149;107,3
2026-03-23T19:38:07.203;149;110,9
2026-03-23T19:38:08.165;149;110,9
2026-03-23T19:38:09.124;149;110,9
2026-03-23T19:38:10.080;149;110,9
2026-03-23T19:38:11.044;148;110,9
2026-03-23T19:38:11.987;148;110,9
2026-03-23T19:38:13.446;148;110,8
2026-03-23T19:38:14.404;147;110,8
2026-03-23T19:38:15.846;147;110,8
2026-03-23T19:38:16.324;147;43,6
2026-03-23T19:38:17.287;146;30,1
2026-03-23T19:38:18.245;147;27,8
2026-03-23T19:38:19.682;147;1,1
2026-03-23T19:38:20.162;147;1,1
2026-03-23T19:38:21.124;148;1,1
2026-03-23T19:38:22.083;148;1,0
2026-03-23T19:38:23.515;148;1,1
2026-03-23T19:38:24.958;149;1,1
2026-03-23T19:38:25.445;150;1,6
2026-03-23T19:38:26.868;150
2026-03-23T19:38:28.326;151;1,6
2026-03-23T19:38:28.329;151;1,6
2026-03-23T19:38:29.271;152;1,6
2026-03-23T19:38:30.724;152;1,6
2026-03-23T19:38:31.204;151;1,6
2026-03-23T19:38:32.148;151;1,5
2026-03-23T19:38:34.065;152;1,5
2026-03-23T19:38:34.068;152;1,6
2026-03-23T19:38:35.046;153;1,6
2026-03-23T19:38:36.005;152;1,6
2026-03-23T19:38:37.444;152;1,6
2026-03-23T19:38:38.404;152;1,1
2026-03-23T19:38:39.365;151;1,2
2026-03-23T19:38:40.323;151;1,2
2026-03-23T19:38:41.285;150;1,2
2026-03-23T19:38:42.723;149;1,6
2026-03-23T19:38:43.204;149;1,7
2026-03-23T19:38:44.163;148;1,7
2026-03-23T19:38:46.086;147;2,0
2026-03-23T19:38:46.089;147;1,9
2026-03-23T19:38:47.523;146;1,9
2026-03-23T19:38:48.486;146;1,8
2026-03-23T19:38:49.445;145;1,9
2026-03-23T19:38:50.406;145;1,9
2026-03-23T19:38:51.364;145;2,0
2026-03-23T19:38:52.324;145;1,9
2026-03-23T19:38:53.285;144;1,8
2026-03-23T19:38:54.244;144;1,5
2026-03-23T19:38:55.205;144;1,4
2026-03-23T19:38:56.165;144;1,4
2026-03-23T19:38:58.565;145;1,1
2026-03-23T19:38:58.568;145;1,1
2026-03-23T19:38:59.044;145;1,1
2026-03-23T19:39:00.005;145;1,1
2026-03-23T19:39:03.845;145;1,4
2026-03-23T19:39:03.849;146;1,3
2026-03-23T19:39:03.852;146;1,2
2026-03-23T19:39:04.324;146;1,7
2026-03-23T19:39:05.286;147;1,7
2026-03-23T19:39:06.244;148;1,7
2026-03-23T19:39:07.206;148;1,7
2026-03-23T19:39:08.165;149;1,7
2026-03-23T19:39:09.125;149;1,6
2026-03-23T19:39:10.566;149;1,8
2026-03-23T19:39:11.511;149;1,8
2026-03-23T19:39:12.005;149;1,8
2026-03-23T19:39:14.406;149;1,6
2026-03-23T19:39:14.408;149;1,5
2026-03-23T19:39:15.364;149;1,5
2026-03-23T19:39:16.324;149;1,5
2026-03-23T19:39:18.245;148;1,0
2026-03-23T19:39:18.248;148;0,9
2026-03-23T19:39:19.684;148;1,0
2026-03-23T19:39:20.164;148;1,2
2026-03-23T19:39:21.126;147;1,3
2026-03-23T19:39:22.086;148;1,2
2026-03-23T19:39:23.045;147;1,5
2026-03-23T19:39:24.964;148;1,9
2026-03-23T19:39:25.447;149;2,2
2026-03-23T19:39:26.393;150;15,0
2026-03-23T19:39:27.846;150;20,6
2026-03-23T19:39:29.283;151;20,6
2026-03-23T19:39:29.286;151;20,6
2026-03-23T19:39:31.684;152;20,6
2026-03-23T19:39:31.686;152;20,6
2026-03-23T19:39:33.126;152;20,6
2026-03-23T19:39:33.128;152;20,6
2026-03-23T19:39:35.508;152
2026-03-23T19:39:35.510;152;20,6
2026-03-23T19:39:36.004;152;20,6
2026-03-23T19:39:37.427;152
2026-03-23T19:39:38.402;152
2026-03-23T19:39:39.364;150;20,7
2026-03-23T19:39:40.806;149;130,0
2026-03-23T19:39:42.244;149;182,8
2026-03-23T19:39:42.248;149;182,8
2026-03-23T19:39:43.205;149;181,6
2026-03-23T19:39:45.125;149;181,6
2026-03-23T19:39:45.129;148;181,6
2026-03-23T19:39:46.084;148;181,6
2026-03-23T19:39:47.045;147;181,6
2026-03-23T19:39:49.444;147;181,6
2026-03-23T19:39:49.448;146;181,6
2026-03-23T19:39:50.406;146;181,6
2026-03-23T19:39:51.365;146;181,6
2026-03-23T19:39:53.766;146;128,5
2026-03-23T19:39:53.768;146;0,9
2026-03-23T19:39:54.230;145;1,0
2026-03-23T19:39:55.205;146;1,1
2026-03-23T19:39:56.152;146;1,1
2026-03-23T19:39:57.124;145;1,2
2026-03-23T19:39:58.070;146;1,2
2026-03-23T19:40:00.470;146;1,2
2026-03-23T19:40:00.472;146;1,2
2026-03-23T19:40:01.923;146;1,2
2026-03-23T19:40:04.806;146;73,4
2026-03-23T19:40:04.811;146;73,4
2026-03-23T19:40:04.815;147;104,3
2026-03-23T19:40:05.282;147
2026-03-23T19:40:09.107;147;104,3
2026-03-23T19:40:09.110;148;104,3
2026-03-23T19:40:09.586;149;104,3
2026-03-23T19:40:10.546;149;104,8
2026-03-23T19:40:11.028;149;105,3
2026-03-23T19:40:11.031;146;105,3
2026-03-23T19:40:11.994;144;105,3
2026-03-23T19:40:13.449;141;105,3
2026-03-23T19:40:15.364;140;105,3
2026-03-23T19:40:15.367;139;105,3
2026-03-23T19:40:17.273;138;75,5
2026-03-23T19:40:17.276;138;75,5
2026-03-23T19:40:18.722;137;14,7
2026-03-23T19:40:19.204;136;14,6
2026-03-23T19:40:20.644;136;14,6
2026-03-23T19:40:21.126;135;14,5
2026-03-23T19:40:22.086;134;2,1
2026-03-23T19:40:23.044;134;1,5
2026-03-23T19:40:24.006;134;1,7
2026-03-23T19:40:25.445;134;1,7
2026-03-23T19:40:26.404;134;1,6
2026-03-23T19:40:27.365;135;1,6
2026-03-23T19:40:28.326;135;1,8
2026-03-23T19:40:29.286;135;1,7
2026-03-23T19:40:30.248;134;1,7
2026-03-23T19:40:31.684;134;1,8
2026-03-23T19:40:32.644;134;1,7
2026-03-23T19:40:33.124;134;1,6
2026-03-23T19:40:34.568;133;1,7
2026-03-23T19:40:35.044;133;1,7
2026-03-23T19:40:36.006;133;1,7
2026-03-23T19:40:37.444;132;1,7
2026-03-23T19:40:38.404;131;1,8
2026-03-23T19:40:40.326;131;1,8
2026-03-23T19:40:40.329;131;1,6
2026-03-23T19:40:41.748;130;1,6
2026-03-23T19:40:42.245;130;1,4
2026-03-23T19:40:43.687;129;1,5
2026-03-23T19:40:44.164;129;1,6
2026-03-23T19:40:46.085;128;1,8
2026-03-23T19:40:46.088;126;2,4
2026-03-23T19:40:47.046;124;3,2
2026-03-23T19:40:48.965;122;3,2
2026-03-23T19:40:49.444;122;3,3
2026-03-23T19:40:50.389;122;3,4
2026-03-23T19:40:51.366;122;3,6
2026-03-23T19:40:52.325;123;3,5
2026-03-23T19:40:54.247;123;3,4
2026-03-23T19:40:54.249;122;3,9
2026-03-23T19:40:55.205;120;5,2
2026-03-23T19:40:56.646;117;5,5
2026-03-23T19:40:57.125;116;5,5
2026-03-23T19:40:58.086;117;6,2
2026-03-23T19:40:59.045;118;6,4
2026-03-23T19:41:00.006;119;6,3
2026-03-23T19:41:01.445;120;5,8
2026-03-23T19:41:02.409;120;5,8
2026-03-23T19:41:03.351;121;5,9
2026-03-23T19:41:04.325;122;5,8
2026-03-23T19:41:05.295;122;5,8
2026-03-23T19:41:06.245;121;5,8
2026-03-23T19:41:07.214;120;6,1
2026-03-23T19:41:08.165;118;6,3
2026-03-23T19:41:10.085;116;5,5
2026-03-23T19:41:10.088;115;4,7
2026-03-23T19:41:11.045;115;4,7
2026-03-23T19:41:12.005;115;4,7
2026-03-23T19:41:14.392;115;3,7
2026-03-23T19:41:14.395;113;3,8
2026-03-23T19:41:15.845;112;4,2
2026-03-23T19:41:17.275;111;4,1
2026-03-23T19:41:17.276;110;4,1
2026-03-23T19:41:18.234;110;4,2
2026-03-23T19:41:19.204;111;4,3
2026-03-23T19:41:20.165;112;4,5
2026-03-23T19:41:22.086;113;4,6
2026-03-23T19:41:22.088;113;4,1
2026-03-23T19:41:24.006;113;4,1
2026-03-23T19:41:24.008;113;3,9
2026-03-23T19:41:25.925;113;4,0
2026-03-23T19:41:26.887;114;4,0
2026-03-23T19:41:27.363;115;4,1
2026-03-23T19:41:29.285;116;4,2
2026-03-23T19:41:29.287;116;3,8
2026-03-23T19:41:30.246;117;3,4
2026-03-23T19:41:31.195;117;3,3
2026-03-23T19:41:33.114;117;3,4
2026-03-23T19:41:33.117;116;3,3
2026-03-23T19:41:34.569;116;3,0
2026-03-23T19:41:35.045;115;2,7
2026-03-23T19:41:36.006;115;2,6
2026-03-23T19:41:37.445;115;2,5
2026-03-23T19:41:38.406;115;2,1
2026-03-23T19:41:39.845;114;2,1
2026-03-23T19:41:40.324;114;2,2
2026-03-23T19:41:41.275;113;2,1
2026-03-23T19:41:42.713;112;2,0
2026-03-23T19:41:43.673;111;1,9
2026-03-23T19:41:44.153;111;1,8
2026-03-23T19:41:45.113;111;1,9
2026-03-23T19:41:46.085;111;1,9
2026-03-23T19:41:47.046;111;1,8
2026-03-23T19:41:47.990;111;1,7
2026-03-23T19:41:49.447;111;1,7
2026-03-23T19:41:50.872;111;1,8
2026-03-23T19:41:51.845;112;2,1
2026-03-23T19:41:52.790;112;2,1
2026-03-23T19:41:53.764;113;2,1
2026-03-23T19:41:55.205;113;2,0
2026-03-23T19:41:55.208;113;2,0
2026-03-23T19:41:56.161;113;1,8
2026-03-23T19:41:57.125;113;1,9
2026-03-23T19:41:58.086;114;1,9
2026-03-23T19:41:59.045;115;2,4
2026-03-23T19:42:00.007;117;2,5
2026-03-23T19:42:01.926;117;2,4
2026-03-23T19:42:02.889;117;2,9
2026-03-23T19:42:04.324;116;3,1
2026-03-23T19:42:04.326;115;3,0
2026-03-23T19:42:05.764;115;3,0
2026-03-23T19:42:07.206;115;2,9
2026-03-23T19:42:07.208;116;3,2
2026-03-23T19:42:08.166;117;3,5
2026-03-23T19:42:09.113;118;3,5
2026-03-23T19:42:12.487;119;3,5
2026-03-23T19:42:12.490;119;3,8
2026-03-23T19:42:12.493;118;3,7
2026-03-23T19:42:13.925;118;3,5
2026-03-23T19:42:14.404;118;3,3
2026-03-23T19:42:15.366;118;3,3
2026-03-23T19:42:16.320;118;3,3
2026-03-23T19:42:17.764;117;3,1
2026-03-23T19:42:18.245;115;3,6
2026-03-23T19:42:20.163;113;3,7
2026-03-23T19:42:20.164;112;3,7
2026-03-23T19:42:21.125;112;3,7
2026-03-23T19:42:22.086;111;3,6
2026-03-23T19:42:23.046;111;3,2
2026-03-23T19:42:23.989;110;3,1
2026-03-23T19:42:25.446;110;3,3
2026-03-23T19:42:26.405;109;3,4
2026-03-23T19:42:27.842;108;3,1
2026-03-23T19:42:28.325;108;3,1
2026-03-23T19:42:29.286;108;3,2
2026-03-23T19:42:30.244;109;3,3
2026-03-23T19:42:31.205;110;3,4
2026-03-23T19:42:33.123;110;3,4
2026-03-23T19:42:33.125;110;3,2
2026-03-23T19:42:34.074;110;2,5
2026-03-23T19:42:35.031;111;2,3
2026-03-23T19:42:36.007;111;2,7
2026-03-23T19:42:37.448;112;2,7
2026-03-23T19:42:38.886;113;2,7
2026-03-23T19:42:39.361;113;2,9
2026-03-23T19:42:40.324;113;2,9
2026-03-23T19:42:41.286;112;2,7
2026-03-23T19:42:42.247;112;2,6
2026-03-23T19:42:43.206;113;2,6
2026-03-23T19:42:44.148;113;2,5
2026-03-23T19:42:45.126;113;2,4
2026-03-23T19:42:46.086;112;2,5
2026-03-23T19:42:47.045;112;2,5
2026-03-23T19:42:48.006;111;2,5
2026-03-23T19:42:49.449;111;2,6
2026-03-23T19:42:50.404;110;2,6
2026-03-23T19:42:51.367;109;2,7
2026-03-23T19:42:52.325;109;2,3
2026-03-23T19:42:54.245;107;3,3
2026-03-23T19:42:54.726;106;3,3
2026-03-23T19:42:55.205;105;3,2
2026-03-23T19:42:56.165;105;3,2
2026-03-23T19:42:58.085;105;3,2
2026-03-23T19:42:58.088;105;3,3
2026-03-23T19:42:59.045;104;3,5
2026-03-23T19:43:00.005;104;3,6
2026-03-23T19:43:01.445;103;3,8
2026-03-23T19:43:02.407;104;3,9
2026-03-23T19:43:03.363;104;3,7
2026-03-23T19:43:04.316;105;3,8
2026-03-23T19:43:05.766;106;3,8
2026-03-23T19:43:06.232;107;3,9
2026-03-23T19:43:07.207;107;3,8
2026-03-23T19:43:08.165;108;3,8
2026-03-23T19:43:09.606;108;3,6
2026-03-23T19:43:11.043;108;3,4
2026-03-23T19:43:11.044;107;3,5
2026-03-23T19:43:12.005;107;3,6
2026-03-23T19:43:13.430;106;3,5
2026-03-23T19:43:14.886;106;3,5
2026-03-23T19:43:15.351;105;3,2
2026-03-23T19:43:17.274;105;3,2
2026-03-23T19:43:18.245;105;3,2
2026-03-23T19:43:18.248;105;3,2
2026-03-23T19:43:19.206;104;4,0
2026-03-23T19:43:21.112;102;4,3
2026-03-23T19:43:21.114;102;4,3
2026-03-23T19:43:22.087;102;5,0
2026-03-23T19:43:23.034;103;5,2
2026-03-23T19:43:24.006;105;5,5
2026-03-23T19:43:25.446;105;5,5
2026-03-23T19:43:26.405;105;6,1
2026-03-23T19:43:27.366;102;8,8
2026-03-23T19:43:29.287;99;8,8
2026-03-23T19:43:29.289;98;8,7
2026-03-23T19:43:30.229;98;9,1
2026-03-23T19:43:31.206;99;9,4
2026-03-23T19:43:32.167;101;9,6
2026-03-23T19:43:33.127;102;9,7
2026-03-23T19:43:34.086;104;10,0
2026-03-23T19:43:36.007;105;9,9
2026-03-23T19:43:36.009;105;9,9
2026-03-23T19:43:37.926;105;9,8
2026-03-23T19:43:38.404;104;9,8
2026-03-23T19:43:39.366;104;9,5
2026-03-23T19:43:40.326;104;9,5
2026-03-23T19:43:41.286;104;9,2
2026-03-23T19:43:42.246;105;9,2
2026-03-23T19:43:43.193;104;9,4
2026-03-23T19:43:45.127;103;8,6
2026-03-23T19:43:46.087;100;10,4
2026-03-23T19:43:46.090;95;12,9
2026-03-23T19:43:47.030;94;12,9
2026-03-23T19:43:48.008;93;13,2
2026-03-23T19:43:49.925;93;13,3
2026-03-23T19:43:50.408;94;13,1
2026-03-23T19:43:51.364;94;13,1
2026-03-23T19:43:52.326;94;13,0
2026-03-23T19:43:54.246;94;12,8
2026-03-23T19:43:54.248;95;12,9
2026-03-23T19:43:55.203;95;12,7
2026-03-23T19:43:56.167;96;12,6
2026-03-23T19:43:57.125;96;12,6
2026-03-23T19:43:58.087;97;12,9
2026-03-23T19:43:59.047;99;13,0
2026-03-23T19:44:00.484;100;12,9
2026-03-23T19:44:01.446;101;13,0
2026-03-23T19:44:02.406;103;12,9
2026-03-23T19:44:03.367;103;9,8
2026-03-23T19:44:04.327;103;6,0
2026-03-23T19:44:05.285;104;6,0
2026-03-23T19:44:06.247;104;4,8
2026-03-23T19:44:07.207;104;4,1
2026-03-23T19:44:08.168;104;4,1
2026-03-23T19:44:09.126;104;4,1
2026-03-23T19:44:10.088;105;4,1
2026-03-23T19:44:11.047;106;3,6
2026-03-23T19:44:12.006;106;3,7
2026-03-23T19:44:13.448;107;3,7
2026-03-23T19:44:14.406;107;3,0
2026-03-23T19:44:15.367;108;2,7
2026-03-23T19:44:16.327;108;2,0
2026-03-23T19:44:17.285;108;1,6
2026-03-23T19:44:18.246;109;1,9
2026-03-23T19:44:19.207;110;2,4
2026-03-23T19:44:20.168;111;2,6
2026-03-23T19:44:21.127;111;2,6
2026-03-23T19:44:23.046;112;2,6
2026-03-23T19:44:23.049;112;2,8
2026-03-23T19:44:24.007;111;2,9
2026-03-23T19:44:25.452;111;2,8
2026-03-23T19:44:26.395;112;2,7
2026-03-23T19:44:27.366;112;2,7
2026-03-23T19:44:28.316;112;2,6
2026-03-23T19:44:29.287;112;2,6
2026-03-23T19:44:30.246;113;2,6
2026-03-23T19:44:32.167;113;2,6
2026-03-23T19:44:32.170;113;2,6
2026-03-23T19:44:33.127;112;2,7
2026-03-23T19:44:34.075;111;2,6
2026-03-23T19:44:35.047;111;2,0
2026-03-23T19:44:36.486;111;1,9
2026-03-23T19:44:37.429;112;1,9
2026-03-23T19:44:39.367;112;2,0
2026-03-23T19:44:39.369;113;2,2
2026-03-23T19:44:40.326;114;2,2
2026-03-23T19:44:41.283;114;2,1
2026-03-23T19:44:42.248;113;3,4
2026-03-23T19:44:43.206;112;3,6
2026-03-23T19:44:44.168;111;3,8
2026-03-23T19:44:45.127;109;3,8
2026-03-23T19:44:46.087;109;4,0
2026-03-23T19:44:47.046;110;4,2
2026-03-23T19:44:48.967;110;4,3
2026-03-23T19:44:49.446;111;4,3
2026-03-23T19:44:50.408;112;4,3
2026-03-23T19:44:51.365;112;4,3
