Phone timestamp;HR [bpm];HRV [ms];Breathing interval [rpm];
2026-03-23T17:27:58.535;111
2026-03-23T17:27:59.492;109
2026-03-23T17:28:00.454;108;6,4
2026-03-23T17:28:01.414;106;6,0
2026-03-23T17:28:02.374;105;5,2
2026-03-23T17:28:03.335;105;7,1
2026-03-23T17:28:04.296;106;6,6
2026-03-23T17:28:05.255;107;6,5
2026-03-23T17:28:06.694;108;6,6
2026-03-23T17:28:08.135;110;6,2
2026-03-23T17:28:08.137;109;6,3
2026-03-23T17:28:10.054;108;7,6
2026-03-23T17:28:10.534;106;7,2
2026-03-23T17:28:11.494;106;7,2
2026-03-23T17:28:12.456;107;7,0
2026-03-23T17:28:13.412;108;6,8
2026-03-23T17:28:14.376;108;6,5
2026-03-23T17:28:15.335;109;6,3
2026-03-23T17:28:16.295;109;6,3
2026-03-23T17:28:17.255;109;6,1
2026-03-23T17:28:18.684;110;6,2
2026-03-23T17:28:19.174;111;5,4
2026-03-23T17:28:20.119;112;5,5
2026-03-23T17:28:21.096;112;5,2
2026-03-23T17:28:22.536;114;5,4
2026-03-23T17:28:23.496;115;5,4
2026-03-23T17:28:24.456;116;3,5
2026-03-23T17:28:25.417;116;3,5
2026-03-23T17:28:26.377;116;3,1
2026-03-23T17:28:27.335;116;3,1
2026-03-23T17:28:28.297;115;3,1
2026-03-23T17:28:29.257;115;2,9
2026-03-23T17:28:30.217;115;2,8
2026-03-23T17:28:31.176;114;2,8
2026-03-23T17:28:32.615;114;2,8
2026-03-23T17:28:33.575;115;2,9
2026-03-23T17:28:34.535;115;2,9
2026-03-23T17:28:35.492;116;2,6
2026-03-23T17:28:38.377;116;2,6
2026-03-23T17:28:38.380;117;2,0
2026-03-23T17:28:38.381;117;2,0
2026-03-23T17:28:39.336;116;2,2
2026-03-23T17:28:40.297;114;5,1
2026-03-23T17:28:41.256;111;5,3
2026-03-23T17:28:43.656;109;5,2
2026-03-23T17:28:43.658;110;6,2
2026-03-23T17:28:44.136;112;6,4
2026-03-23T17:28:45.096;113;6,7
2026-03-23T17:28:46.535;115;6,8
2026-03-23T17:28:47.493;117;6,8
2026-03-23T17:28:48.441;117;6,7
2026-03-23T17:28:49.878;118;6,7
2026-03-23T17:28:50.372;117;7,0
2026-03-23T17:28:51.333;116;7,0
2026-03-23T17:28:52.298;116;7,0
2026-03-23T17:28:53.257;116;7,0
2026-03-23T17:28:54.695;116;7,0
2026-03-23T17:28:55.176;117;5,3
2026-03-23T17:28:56.137;118;5,3
2026-03-23T17:28:57.097;119;5,3
2026-03-23T17:28:58.535;119;4,0
2026-03-23T17:28:59.482;118;4,3
2026-03-23T17:29:00.461;117;4,4
2026-03-23T17:29:01.416;116;4,1
2026-03-23T17:29:02.857;113;4,9
2026-03-23T17:29:03.336;112;4,9
2026-03-23T17:29:04.301;111;5,0
2026-03-23T17:29:05.258;112;5,2
2026-03-23T17:29:06.216;113;5,2
2026-03-23T17:29:07.177;114;5,2
2026-03-23T17:29:08.137;114;5,3
2026-03-23T17:29:10.057;112;6,0
2026-03-23T17:29:10.535;112;5,9
2026-03-23T17:29:11.497;111;5,8
2026-03-23T17:29:12.936;112;5,9
2026-03-23T17:29:13.416;112;5,9
2026-03-23T17:29:14.376;112;5,8
2026-03-23T17:29:15.338;111;5,2
2026-03-23T17:29:16.282;111;5,2
2026-03-23T17:29:17.254;111;4,8
2026-03-23T17:29:18.216;111;4,6
2026-03-23T17:29:19.170;113;5,3
2026-03-23T17:29:20.118;113;5,2
2026-03-23T17:29:21.097;115;4,7
2026-03-23T17:29:22.536;116;4,7
2026-03-23T17:29:23.485;117;4,8
2026-03-23T17:29:24.456;118;4,4
2026-03-23T17:29:25.417;119;3,9
2026-03-23T17:29:26.376;119;3,8
2026-03-23T17:29:27.337;119;3,6
2026-03-23T17:29:28.297;119;3,6
2026-03-23T17:29:29.256;118;3,6
2026-03-23T17:29:30.218;118;3,5
2026-03-23T17:29:31.176;117;3,5
2026-03-23T17:29:32.137;118;3,6
2026-03-23T17:29:33.095;118;2,6
2026-03-23T17:29:34.540;118;2,6
2026-03-23T17:29:35.496;119;2,6
2026-03-23T17:29:37.417;119;2,3
2026-03-23T17:29:37.424;118;2,5
2026-03-23T17:29:38.375;117;2,5
2026-03-23T17:29:39.816;116;2,6
2026-03-23T17:29:40.296;116;2,8
2026-03-23T17:29:41.257;115;2,8
2026-03-23T17:29:43.176;114;2,7
2026-03-23T17:29:43.639;114;2,9
2026-03-23T17:29:44.136;115;2,9
2026-03-23T17:29:45.097;115;2,8
2026-03-23T17:29:46.537;114;3,1
2026-03-23T17:29:47.497;114;3,0
2026-03-23T17:29:48.456;112;3,5
2026-03-23T17:29:49.897;111;3,5
2026-03-23T17:29:50.376;110;3,5
2026-03-23T17:29:51.318;112;4,7
2026-03-23T17:29:53.254;113;4,9
2026-03-23T17:29:53.256;115;4,9
2026-03-23T17:29:54.216;116;4,9
2026-03-23T17:29:55.176;117;4,8
2026-03-23T17:29:57.082;119;5,0
2026-03-23T17:29:57.085;120;5,1
2026-03-23T17:29:58.536;121;5,0
2026-03-23T17:29:59.498;122;5,1
2026-03-23T17:30:00.466;124;5,1
2026-03-23T17:30:01.417;125;4,9
2026-03-23T17:30:03.336;126;4,5
2026-03-23T17:30:03.337;127;4,6
2026-03-23T17:30:04.281;129;4,6
2026-03-23T17:30:05.740;130;3,0
2026-03-23T17:30:06.217;132;2,8
2026-03-23T17:30:08.138;133;2,8
2026-03-23T17:30:08.140;134;2,9
2026-03-23T17:30:09.097;136;2,6
2026-03-23T17:30:10.537;136;2,4
2026-03-23T17:30:11.498;137;2,5
2026-03-23T17:30:12.457;138;2,3
2026-03-23T17:30:13.418;138;2,2
2026-03-23T17:30:14.376;139;2,2
2026-03-23T17:30:15.809;139;2,0
2026-03-23T17:30:16.776;140;1,7
2026-03-23T17:30:17.256;140;1,7
2026-03-23T17:30:18.218;140;1,4
2026-03-23T17:30:19.162;140;1,4
2026-03-23T17:30:20.137;141;1,3
2026-03-23T17:30:21.098;140;1,2
2026-03-23T17:30:22.537;139;1,2
2026-03-23T17:30:23.495;139;1,1
2026-03-23T17:30:24.459;138;1,1
2026-03-23T17:30:25.417;138;1,1
2026-03-23T17:30:26.373;138;1,0
2026-03-23T17:30:28.293;138;1,0
2026-03-23T17:30:28.294;138;1,3
2026-03-23T17:30:29.255;139;1,3
2026-03-23T17:30:30.215;139;1,3
2026-03-23T17:30:31.175;139;1,3
2026-03-23T17:30:32.117;140;1,5
2026-03-23T17:30:33.095;141;1,2
2026-03-23T17:30:34.534;141;1,2
2026-03-23T17:30:35.499;141;1,2
2026-03-23T17:30:36.457;142;1,2
2026-03-23T17:30:38.377;142;1,2
2026-03-23T17:30:38.380;142;1,2
2026-03-23T17:30:39.339;142;1,2
2026-03-23T17:30:40.298;142;1,2
2026-03-23T17:30:41.258;141;1,2
2026-03-23T17:30:43.179;140;1,2
2026-03-23T17:30:43.182;140;1,3
2026-03-23T17:30:44.137;139;1,4
2026-03-23T17:30:45.099;139;1,2
2026-03-23T17:30:46.537;138;1,2
2026-03-23T17:30:47.497;137;1,3
2026-03-23T17:30:48.459;137;1,3
2026-03-23T17:30:49.417;136;1,3
2026-03-23T17:30:50.377;136;1,4
2026-03-23T17:30:51.320;135;1,4
2026-03-23T17:30:53.258;135;1,4
2026-03-23T17:30:53.261;135;1,5
2026-03-23T17:30:54.211;135;1,6
2026-03-23T17:30:55.178;135;1,5
2026-03-23T17:30:56.138;135;1,7
2026-03-23T17:30:57.098;134;2,0
2026-03-23T17:30:58.522;133;2,0
2026-03-23T17:30:59.497;132;2,3
2026-03-23T17:31:00.444;131;2,2
2026-03-23T17:31:01.417;131;2,2
2026-03-23T17:31:02.362;130;2,2
2026-03-23T17:31:03.339;131;2,3
2026-03-23T17:31:04.284;132;2,3
2026-03-23T17:31:05.257;132;2,4
2026-03-23T17:31:06.206;133;2,3
2026-03-23T17:31:07.178;133;2,3
2026-03-23T17:31:08.618;132;2,4
2026-03-23T17:31:09.559;131;2,4
2026-03-23T17:31:10.537;131;2,3
2026-03-23T17:31:11.498;131;2,4
2026-03-23T17:31:12.456;131;2,4
2026-03-23T17:31:13.402;131;2,2
2026-03-23T17:31:14.380;131;2,2
2026-03-23T17:31:15.338;131;2,3
2026-03-23T17:31:16.298;131;2,2
2026-03-23T17:31:17.738;131;2,1
2026-03-23T17:31:18.696;130;2,1
2026-03-23T17:31:19.178;129;2,3
2026-03-23T17:31:20.138;128;2,5
2026-03-23T17:31:22.059;127;2,4
2026-03-23T17:31:22.537;127;2,3
2026-03-23T17:31:23.497;127;2,2
2026-03-23T17:31:24.440;127;2,2
2026-03-23T17:31:25.419;127;2,2
2026-03-23T17:31:26.365;127;2,2
2026-03-23T17:31:28.299;126;2,2
2026-03-23T17:31:28.302;126;2,4
2026-03-23T17:31:29.257;125;2,4
2026-03-23T17:31:30.199;125;2,3
2026-03-23T17:31:31.178;125;2,4
2026-03-23T17:31:32.127;124;2,7
2026-03-23T17:31:33.080;124;2,5
2026-03-23T17:31:34.521;124;2,3
2026-03-23T17:31:35.496;124;2,3
2026-03-23T17:31:36.441;123;2,2
2026-03-23T17:31:38.377;123;2,2
2026-03-23T17:31:38.378;123;2,2
2026-03-23T17:31:39.334;124;2,2
2026-03-23T17:31:40.294;124;2,1
2026-03-23T17:31:41.254;125;2,0
2026-03-23T17:31:42.217;126;2,1
2026-03-23T17:31:43.163;126;2,2
2026-03-23T17:31:44.139;127;2,2
2026-03-23T17:31:45.082;128;2,1
2026-03-23T17:31:46.538;128;1,7
2026-03-23T17:31:47.497;128;2,0
2026-03-23T17:31:48.452;128;2,0
2026-03-23T17:31:49.418;128;2,3
2026-03-23T17:31:50.378;128;2,3
2026-03-23T17:31:51.340;128;2,3
2026-03-23T17:31:52.765;128;2,2
2026-03-23T17:31:53.257;129;2,2
2026-03-23T17:31:55.179;129;2,2
2026-03-23T17:31:55.182;130;2,2
2026-03-23T17:31:56.139;130;2,1
2026-03-23T17:31:57.099;131;1,8
2026-03-23T17:31:58.537;131;1,8
2026-03-23T17:31:59.498;131;1,9
2026-03-23T17:32:00.457;131;1,9
2026-03-23T17:32:01.886;131;1,5
2026-03-23T17:32:02.860;132;1,1
2026-03-23T17:32:03.337;133;1,1
2026-03-23T17:32:04.778;133;1,2
2026-03-23T17:32:05.257;134;1,2
2026-03-23T17:32:06.219;134;1,2
2026-03-23T17:32:07.177;135;1,2
2026-03-23T17:32:09.099;135;1,2
2026-03-23T17:32:09.102;135;1,1
2026-03-23T17:32:10.539;136;1,2
2026-03-23T17:32:11.978;136;1,2
2026-03-23T17:32:12.458;136;1,4
2026-03-23T17:32:13.417;137;1,4
2026-03-23T17:32:14.840;137;1,4
2026-03-23T17:32:15.338;138;1,4
2026-03-23T17:32:16.300;139;1,5
2026-03-23T17:32:18.219;139;1,5
2026-03-23T17:32:18.222;139;1,6
2026-03-23T17:32:19.178;138;1,8
2026-03-23T17:32:20.139;137;1,9
2026-03-23T17:32:21.098;137;2,2
2026-03-23T17:32:23.018;137;2,2
2026-03-23T17:32:23.497;137;2,2
2026-03-23T17:32:24.465;137;2,2
2026-03-23T17:32:25.418;137;2,1
2026-03-23T17:32:27.339;137;2,0
2026-03-23T17:32:27.343;136;2,0
2026-03-23T17:32:28.298;136;2,1
2026-03-23T17:32:29.259;136;2,1
2026-03-23T17:32:30.697;136;2,1
2026-03-23T17:32:31.177;135;2,0
2026-03-23T17:32:32.138;134;1,8
2026-03-23T17:32:33.098;134;1,9
2026-03-23T17:32:34.538;133;1,6
2026-03-23T17:32:35.498;132;1,8
2026-03-23T17:32:36.458;131;1,8
2026-03-23T17:32:37.419;130;1,9
2026-03-23T17:32:38.377;129;1,9
2026-03-23T17:32:39.819;129;1,9
2026-03-23T17:32:40.298;129;1,9
2026-03-23T17:32:41.258;129;1,7
2026-03-23T17:32:42.218;128;1,7
2026-03-23T17:32:43.176;127;2,6
2026-03-23T17:32:44.138;125;2,8
2026-03-23T17:32:45.098;124;2,8
2026-03-23T17:32:46.538;124;2,9
2026-03-23T17:32:47.497;125;3,0
2026-03-23T17:32:48.444;126;3,2
2026-03-23T17:32:49.418;127;3,2
2026-03-23T17:32:50.377;128;3,3
2026-03-23T17:32:51.339;129;3,3
2026-03-23T17:32:52.298;132;3,7
2026-03-23T17:32:53.259;133;3,8
2026-03-23T17:32:54.218;134;3,9
2026-03-23T17:32:56.138;135;3,9
2026-03-23T17:32:56.142;137;3,5
2026-03-23T17:32:57.099;138;3,3
2026-03-23T17:32:58.537;139;3,4
2026-03-23T17:32:59.499;139;3,3
2026-03-23T17:33:00.462;140;3,0
2026-03-23T17:33:01.418;141;2,7
2026-03-23T17:33:02.383;141;2,6
2026-03-23T17:33:03.327;142;2,5
2026-03-23T17:33:04.294;142;2,0
2026-03-23T17:33:05.257;142;1,9
2026-03-23T17:33:06.220;143;1,8
2026-03-23T17:33:07.178;143;1,8
2026-03-23T17:33:08.140;143;1,9
2026-03-23T17:33:09.099;143;2,1
2026-03-23T17:33:10.521;144;2,2
2026-03-23T17:33:11.500;144;2,2
2026-03-23T17:33:12.464;144;2,3
2026-03-23T17:33:13.418;145;2,3
2026-03-23T17:33:14.366;145;2,3
2026-03-23T17:33:15.339;145;2,3
2026-03-23T17:33:16.289;146;2,3
2026-03-23T17:33:18.207;146;2,2
2026-03-23T17:33:18.211;146;2,2
2026-03-23T17:33:19.178;147;2,1
2026-03-23T17:33:20.139;147;1,8
2026-03-23T17:33:21.098;147;1,5
2026-03-23T17:33:23.019;147;1,3
2026-03-23T17:33:23.499;148;1,5
2026-03-23T17:33:24.459;148;1,5
2026-03-23T17:33:25.405;148;1,7
2026-03-23T17:33:26.378;148;1,7
2026-03-23T17:33:27.325;148;1,7
2026-03-23T17:33:28.299;149;1,7
2026-03-23T17:33:29.260;149;1,8
2026-03-23T17:33:30.218;149;1,8
2026-03-23T17:33:31.179;148;2,0
2026-03-23T17:33:32.140;148;2,1
2026-03-23T17:33:34.058;148;2,1
2026-03-23T17:33:34.539;148
2026-03-23T17:33:35.497;148;2,1
2026-03-23T17:33:36.453;148;2,0
2026-03-23T17:33:37.902;149;74,5
2026-03-23T17:33:38.378;149;98,3
2026-03-23T17:33:39.818;149;98,3
2026-03-23T17:33:40.299;149;99,0
2026-03-23T17:33:41.257;149;99,5
2026-03-23T17:33:43.160;150;99,9
2026-03-23T17:33:43.160;150
2026-03-23T17:33:44.119;150;99,9
2026-03-23T17:33:45.098;150;100,4
2026-03-23T17:33:46.537;150
2026-03-23T17:33:47.498;150
2026-03-23T17:33:48.458;150
2026-03-23T17:33:49.417;150
2026-03-23T17:33:50.378;150;101,5
2026-03-23T17:33:51.339;147;187,1
2026-03-23T17:33:52.299;144;187,1
2026-03-23T17:33:53.244;139;255,4
2026-03-23T17:33:54.218;137;255,4
2026-03-23T17:33:55.167;135;255,4
2026-03-23T17:33:56.139;135;255,4
2026-03-23T17:33:57.083;134;255,4
2026-03-23T17:33:58.539;134;244,3
2026-03-23T17:33:59.498;134;235,7
2026-03-23T17:34:00.464;133;235,7
2026-03-23T17:34:01.419;133;235,4
2026-03-23T17:34:02.848;133;235,0
2026-03-23T17:34:03.340;133;234,4
2026-03-23T17:34:04.299;133;173,9
2026-03-23T17:34:05.258;134;173,8
2026-03-23T17:34:06.206;134;1,4
2026-03-23T17:34:07.182;135;1,7
2026-03-23T17:34:08.139;136;1,8
2026-03-23T17:34:09.099;137;1,7
2026-03-23T17:34:10.539;138;1,9
2026-03-23T17:34:11.498;138;1,9
2026-03-23T17:34:12.939;138;1,9
2026-03-23T17:34:13.420;138;1,9
2026-03-23T17:34:14.378;139;1,9
2026-03-23T17:34:15.339;138;1,8
2026-03-23T17:34:16.300;139;1,7
2026-03-23T17:34:18.219;139;1,7
2026-03-23T17:34:18.223;140;1,8
2026-03-23T17:34:19.657;141;1,6
2026-03-23T17:34:20.138;141;1,6
2026-03-23T17:34:21.083;141;1,6
2026-03-23T17:34:22.540;142;1,6
2026-03-23T17:34:23.499;142;1,4
2026-03-23T17:34:24.923;141;1,3
2026-03-23T17:34:25.418;140;1,6
2026-03-23T17:34:26.379;140;1,7
2026-03-23T17:34:28.300;140;1,6
2026-03-23T17:34:28.305;140;1,6
2026-03-23T17:34:29.260;139;1,6
2026-03-23T17:34:30.220;139;1,6
2026-03-23T17:34:31.181;139;1,5
2026-03-23T17:34:32.140;139;1,4
2026-03-23T17:34:33.579;139;1,4
2026-03-23T17:34:34.533;139;1,5
2026-03-23T17:34:35.501;139;1,5
2026-03-23T17:34:36.459;139;1,4
2026-03-23T17:34:37.421;139;1,5
2026-03-23T17:34:38.379;139;1,4
2026-03-23T17:34:39.338;138;1,6
2026-03-23T17:34:40.299;138;2,1
2026-03-23T17:34:41.260;137;2,2
2026-03-23T17:34:42.219;137;2,2
2026-03-23T17:34:43.179;137;2,2
2026-03-23T17:34:44.136;137;2,2
2026-03-23T17:34:45.099;137;2,1
2026-03-23T17:34:46.539;137;2,2
2026-03-23T17:34:47.485;137;2,2
2026-03-23T17:34:48.939;136;2,6
2026-03-23T17:34:49.407;134;2,8
2026-03-23T17:34:50.379;134;2,8
2026-03-23T17:34:52.298;133;2,8
2026-03-23T17:34:52.301;132;2,7
2026-03-23T17:34:53.260;132;2,3
2026-03-23T17:34:54.201;131;2,3
2026-03-23T17:34:55.179;132;2,3
2026-03-23T17:34:56.140;132;2,3
2026-03-23T17:34:57.099;132;2,3
2026-03-23T17:34:58.538;131;2,7
2026-03-23T17:34:59.498;130;3,3
2026-03-23T17:35:00.459;128;3,3
2026-03-23T17:35:01.885;127;3,0
2026-03-23T17:35:02.379;127;2,8
2026-03-23T17:35:03.339;127;2,9
2026-03-23T17:35:04.299;128;2,9
2026-03-23T17:35:05.260;129;2,9
2026-03-23T17:35:06.218;129;2,9
2026-03-23T17:35:08.140;129;3,1
2026-03-23T17:35:08.144;129;3,8
2026-03-23T17:35:09.100;129;3,8
2026-03-23T17:35:10.539;129;3,8
2026-03-23T17:35:11.499;130;4,4
2026-03-23T17:35:12.460;131;4,0
2026-03-23T17:35:13.405;132;3,7
2026-03-23T17:35:14.380;132;3,7
2026-03-23T17:35:15.339;133;3,8
2026-03-23T17:35:16.780;134;3,7
2026-03-23T17:35:17.260;135;3,6
2026-03-23T17:35:18.220;135;3,7
2026-03-23T17:35:19.179;136;3,7
2026-03-23T17:35:20.140;137;3,3
2026-03-23T17:35:21.097;137
2026-03-23T17:35:23.019;137;2,6
2026-03-23T17:35:23.499;137;2,6
2026-03-23T17:35:24.462;137;2,6
2026-03-23T17:35:25.419;138;1,5
2026-03-23T17:35:26.378;138;1,4
2026-03-23T17:35:28.780;139;1,5
2026-03-23T17:35:28.783;139;1,6
2026-03-23T17:35:29.257;139;1,4
2026-03-23T17:35:30.210;140;1,5
2026-03-23T17:35:31.180;140;1,2
2026-03-23T17:35:32.129;140;1,2
2026-03-23T17:35:33.100;140;1,2
2026-03-23T17:35:35.020;140;1,2
2026-03-23T17:35:35.500;139;1,2
2026-03-23T17:35:36.460;139;1,3
2026-03-23T17:35:37.418;139;1,3
2026-03-23T17:35:38.380;139;1,3
2026-03-23T17:35:39.327;139;1,3
2026-03-23T17:35:40.300;139;1,1
2026-03-23T17:35:41.738;139;0,9
2026-03-23T17:35:42.699;139;0,9
2026-03-23T17:35:43.164;138;0,9
2026-03-23T17:35:44.140;138;1,0
2026-03-23T17:35:46.058;138;1,0
2026-03-23T17:35:46.540;138;1,1
2026-03-23T17:35:47.500;138;1,1
2026-03-23T17:35:48.458;138;1,4
2026-03-23T17:35:49.900;137;1,4
2026-03-23T17:35:50.378;137;1,5
2026-03-23T17:35:51.340;137;1,6
2026-03-23T17:35:52.777;137
2026-03-23T17:35:53.260;136;1,6
2026-03-23T17:35:55.180;136;1,6
2026-03-23T17:35:55.183;136;1,7
2026-03-23T17:35:56.129;136;1,7
2026-03-23T17:35:57.101;135;2,0
2026-03-23T17:35:58.539;135;1,9
2026-03-23T17:35:59.500;134;1,9
2026-03-23T17:36:00.459;134;1,9
2026-03-23T17:36:01.420;134;1,8
2026-03-23T17:36:02.860;134;1,7
2026-03-23T17:36:03.809;134;1,6
2026-03-23T17:36:04.299;135;1,5
2026-03-23T17:36:05.245;136;1,6
2026-03-23T17:36:06.220;136;1,6
2026-03-23T17:36:07.181;136;1,5
2026-03-23T17:36:08.139;136;1,5
2026-03-23T17:36:09.085;136;1,2
2026-03-23T17:36:10.541;136;1,1
2026-03-23T17:36:11.482;136;1,1
2026-03-23T17:36:12.461;136;1,1
2026-03-23T17:36:13.421;136;1,3
2026-03-23T17:36:14.365;136;1,3
2026-03-23T17:36:15.340;136;1,3
2026-03-23T17:36:16.301;136;1,3
2026-03-23T17:36:18.204;137;1,1
2026-03-23T17:36:18.207;137;1,1
2026-03-23T17:36:19.180;137;1,1
2026-03-23T17:36:20.616;137;1,1
2026-03-23T17:36:21.579;138;1,1
2026-03-23T17:36:22.539;138;1,1
2026-03-23T17:36:23.501;138;1,1
2026-03-23T17:36:24.465;138;1,1
2026-03-23T17:36:25.420;138;1,1
2026-03-23T17:36:26.380;138;1,2
2026-03-23T17:36:27.340;138;1,3
2026-03-23T17:36:28.300;138;1,4
2026-03-23T17:36:29.260;138;1,4
2026-03-23T17:36:30.219;138;1,4
2026-03-23T17:36:31.180;139;1,4
2026-03-23T17:36:33.571;139;1,5
2026-03-23T17:36:33.574;139;1,4
2026-03-23T17:36:34.540;139;1,4
2026-03-23T17:36:35.498;139;1,4
2026-03-23T17:36:36.461;139;1,4
2026-03-23T17:36:37.420;139;1,4
2026-03-23T17:36:38.380;139;1,5
2026-03-23T17:36:39.341;139;1,3
2026-03-23T17:36:40.301;139;1,1
2026-03-23T17:36:42.220;139;0,9
2026-03-23T17:36:42.225;140;0,9
2026-03-23T17:36:43.180;141;0,9
2026-03-23T17:36:44.141;141;0,9
2026-03-23T17:36:45.100;141;0,8
2026-03-23T17:36:46.531;141;0,8
2026-03-23T17:36:47.501;141;0,8
2026-03-23T17:36:48.460;141;0,8
2026-03-23T17:36:49.419;141;0,8
2026-03-23T17:36:50.381;141;0,8
2026-03-23T17:36:51.340;142;1,3
2026-03-23T17:36:52.298;142;1,4
2026-03-23T17:36:53.261;142;1,5
2026-03-23T17:36:54.219;142;1,5
2026-03-23T17:36:55.642;142;2,2
2026-03-23T17:36:56.120;141;2,4
2026-03-23T17:36:57.100;141;2,5
2026-03-23T17:36:58.541;141;2,5
2026-03-23T17:36:59.489;140;2,5
2026-03-23T17:37:00.464;141;2,5
2026-03-23T17:37:02.381;141;2,5
2026-03-23T17:37:02.384;142;2,5
2026-03-23T17:37:03.322;142;2,5
2026-03-23T17:37:04.301;143;2,4
2026-03-23T17:37:05.248;143;2,3
2026-03-23T17:37:06.217;144;2,3
2026-03-23T17:37:07.167;144;2,0
2026-03-23T17:37:08.140;144;1,2
2026-03-23T17:37:09.101;144;1,3
2026-03-23T17:37:10.524;144;1,3
2026-03-23T17:37:11.501;144;1,4
2026-03-23T17:37:12.459;145;1,3
2026-03-23T17:37:13.404;146;1,3
2026-03-23T17:37:14.380;146;1,2
2026-03-23T17:37:17.723;146;1,2
2026-03-23T17:37:17.726;146;1,1
2026-03-23T17:37:17.729;146;1,3
2026-03-23T17:37:18.208;147;1,5
2026-03-23T17:37:20.140;147;1,4
2026-03-23T17:37:20.144;147;1,4
2026-03-23T17:37:21.100;146;1,4
2026-03-23T17:37:22.544;146;1,3
2026-03-23T17:37:23.511;146;1,3
2026-03-23T17:37:24.459;146;1,3
2026-03-23T17:37:25.406;146;1,3
2026-03-23T17:37:26.367;146;1,3
2026-03-23T17:37:27.323;146;1,2
2026-03-23T17:37:28.301;147;1,3
2026-03-23T17:37:29.244;146;1,2
2026-03-23T17:37:30.220;146;0,8
2026-03-23T17:37:31.661;147;0,7
2026-03-23T17:37:32.141;147;0,8
2026-03-23T17:37:33.087;147;0,8
2026-03-23T17:37:34.544;147;0,7
2026-03-23T17:37:35.981;146;0,9
2026-03-23T17:37:36.461;146;0,9
2026-03-23T17:37:37.423;146;0,9
2026-03-23T17:37:38.364;146;1,0
2026-03-23T17:37:39.323;145;1,0
2026-03-23T17:37:40.282;145;1,1
2026-03-23T17:37:41.720;145;1,1
2026-03-23T17:37:42.201;146;1,1
2026-03-23T17:37:43.172;146;1,1
2026-03-23T17:37:44.125;147;1,4
2026-03-23T17:37:45.101;147;1,3
2026-03-23T17:37:46.542;148;1,4
2026-03-23T17:37:48.462;149;1,3
2026-03-23T17:37:48.468;149;1,3
2026-03-23T17:37:49.408;149;1,3
2026-03-23T17:37:50.379;150;1,2
2026-03-23T17:37:51.327;150;1,2
2026-03-23T17:37:52.301;150;1,1
2026-03-23T17:37:53.261;150;1,0
2026-03-23T17:37:54.221;151;1,1
2026-03-23T17:37:55.181;151;1,0
2026-03-23T17:37:56.141;152;0,8
2026-03-23T17:37:58.061;152;0,7
2026-03-23T17:37:58.540;152;0,7
2026-03-23T17:37:59.500;152;0,9
2026-03-23T17:38:00.460;152;1,1
2026-03-23T17:38:01.424;153;1,0
2026-03-23T17:38:02.381;153;1,0
2026-03-23T17:38:03.341;153;1,1
2026-03-23T17:38:04.302;153;1,1
2026-03-23T17:38:05.261;153;1,0
2026-03-23T17:38:08.141;153;1,1
2026-03-23T17:38:08.144;154;1,1
2026-03-23T17:38:08.147;154;1,1
2026-03-23T17:38:09.101;154;1,1
2026-03-23T17:38:10.542;154;0,9
2026-03-23T17:38:11.504;155;0,9
2026-03-23T17:38:12.458;155
2026-03-23T17:38:13.425;155;0,9
2026-03-23T17:38:14.861;155;1,0
2026-03-23T17:38:15.808;156;1,2
2026-03-23T17:38:16.301;157;1,2
2026-03-23T17:38:17.261;157;1,3
2026-03-23T17:38:18.221;156;1,3
2026-03-23T17:38:19.182;156;1,2
2026-03-23T17:38:20.140;156;1,3
2026-03-23T17:38:21.103;156;1,4
2026-03-23T17:38:22.542;156;1,4
2026-03-23T17:38:23.501;157;1,5
2026-03-23T17:38:24.940;156;1,6
2026-03-23T17:38:25.423;155;1,8
2026-03-23T17:38:26.382;154;1,7
2026-03-23T17:38:28.283;154;1,7
2026-03-23T17:38:28.287;153;1,6
2026-03-23T17:38:29.740;154;1,6
2026-03-23T17:38:30.221;154;1,6
2026-03-23T17:38:31.181;153;1,6
2026-03-23T17:38:32.142;153;1,5
2026-03-23T17:38:33.101;153;1,6
2026-03-23T17:38:34.544;152;1,6
2026-03-23T17:38:35.501;152;1,5
2026-03-23T17:38:36.457;151;1,2
2026-03-23T17:38:37.429;151;1,3
2026-03-23T17:38:38.380;151;1,3
2026-03-23T17:38:39.341;151;1,4
2026-03-23T17:38:40.303;151;1,6
2026-03-23T17:38:41.261;151;1,9
2026-03-23T17:38:42.224;150;1,9
2026-03-23T17:38:43.181;150;1,9
2026-03-23T17:38:45.103;149;2,0
2026-03-23T17:38:45.580;149;1,8
2026-03-23T17:38:46.538;148;1,7
2026-03-23T17:38:47.488;148;1,7
2026-03-23T17:38:48.462;148;1,7
2026-03-23T17:38:49.420;148;1,7
2026-03-23T17:38:50.382;148;1,6
2026-03-23T17:38:51.340;148;1,5
2026-03-23T17:38:53.262;148;1,3
2026-03-23T17:38:53.266;147;1,0
2026-03-23T17:38:54.221;147;1,0
2026-03-23T17:38:55.182;147;1,0
2026-03-23T17:38:56.141;146;1,1
2026-03-23T17:38:57.102;146;1,2
2026-03-23T17:38:58.523;146;1,6
2026-03-23T17:38:59.491;146;1,8
2026-03-23T17:39:00.452;146;1,9
2026-03-23T17:39:02.379;146;2,0
2026-03-23T17:39:02.382;145;2,1
2026-03-23T17:39:03.342;144;2,1
2026-03-23T17:39:04.301;143;2,1
2026-03-23T17:39:05.263;143;2,1
2026-03-23T17:39:06.220;143;2,1
2026-03-23T17:39:07.182;143;2,1
2026-03-23T17:39:08.140;143;2,1
2026-03-23T17:39:09.101;143;2,1
2026-03-23T17:39:11.022;144;2,0
2026-03-23T17:39:11.484;144;1,8
2026-03-23T17:39:12.464;145;2,0
2026-03-23T17:39:14.382;146;1,9
2026-03-23T17:39:14.385;147;1,8
2026-03-23T17:39:15.822;147;1,7
2026-03-23T17:39:16.780;146;1,7
2026-03-23T17:39:17.261;146;1,8
2026-03-23T17:39:18.220;145;1,9
2026-03-23T17:39:19.182;145;1,9
2026-03-23T17:39:20.141;145;1,7
2026-03-23T17:39:21.101;145;1,6
2026-03-23T17:39:22.537;145;1,7
2026-03-23T17:39:23.501;145;1,8
2026-03-23T17:39:24.941;146;1,4
2026-03-23T17:39:25.420;146;1,4
2026-03-23T17:39:26.862;146;1,4
2026-03-23T17:39:27.820;147;1,4
2026-03-23T17:39:28.778;146;1,6
2026-03-23T17:39:29.260;146;1,6
2026-03-23T17:39:30.222;147;1,8
2026-03-23T17:39:32.622;147;2,1
2026-03-23T17:39:32.624;148;2,0
2026-03-23T17:39:33.581;148;2,0
2026-03-23T17:39:34.540;148;2,0
2026-03-23T17:39:35.487;148;1,8
2026-03-23T17:39:36.460;147;1,8
2026-03-23T17:39:37.409;147;1,9
2026-03-23T17:39:38.844;148;1,9
2026-03-23T17:39:39.342;147;1,8
2026-03-23T17:39:41.741;148;1,7
2026-03-23T17:39:41.744;148;1,7
2026-03-23T17:39:42.220;149;1,4
2026-03-23T17:39:43.182;149;1,1
2026-03-23T17:39:44.621;150;1,1
2026-03-23T17:39:45.091;150;1,1
2026-03-23T17:39:46.541;150;1,2
2026-03-23T17:39:47.981;150;1,3
2026-03-23T17:39:48.460;151;1,3
2026-03-23T17:39:49.424;151;1,3
2026-03-23T17:39:50.364;152;1,3
2026-03-23T17:39:51.824;152;1,4
2026-03-23T17:39:52.780;153;1,3
2026-03-23T17:39:53.262;153;1,7
2026-03-23T17:39:54.222;154;1,5
2026-03-23T17:39:55.181;154;1,6
2026-03-23T17:39:56.129;154;1,6
2026-03-23T17:39:57.099;154;1,7
2026-03-23T17:39:58.531;154;2,0
2026-03-23T17:39:59.486;154;1,9
2026-03-23T17:40:00.942;154;1,9
2026-03-23T17:40:02.363;154;2,0
2026-03-23T17:40:02.366;155;1,9
2026-03-23T17:40:03.808;155;2,1
2026-03-23T17:40:04.300;156;2,2
2026-03-23T17:40:05.246;156;1,9
2026-03-23T17:40:06.222;156;1,9
2026-03-23T17:40:07.165;156;1,8
2026-03-23T17:40:08.622;156;1,8
2026-03-23T17:40:09.091;155;1,5
2026-03-23T17:40:10.541;156;1,4
2026-03-23T17:40:11.503;155;1,4
2026-03-23T17:40:12.444;155;1,4
2026-03-23T17:40:13.424;155;1,3
2026-03-23T17:40:15.342;155;1,2
2026-03-23T17:40:15.346;155;0,7
2026-03-23T17:40:16.281;156;0,7
2026-03-23T17:40:18.219;156;0,7
2026-03-23T17:40:18.220;156;0,7
2026-03-23T17:40:19.181;156;0,7
2026-03-23T17:40:20.143;157;0,9
2026-03-23T17:40:21.584;156;1,0
2026-03-23T17:40:23.500;156;1,0
2026-03-23T17:40:23.503;156;1,0
2026-03-23T17:40:24.459;156;1,1
2026-03-23T17:40:25.884;156;1,0
2026-03-23T17:40:26.382;156;1,2
2026-03-23T17:40:27.342;156;1,3
2026-03-23T17:40:28.303;156;1,5
2026-03-23T17:40:30.223;156;1,5
2026-03-23T17:40:30.227;156;1,7
2026-03-23T17:40:31.183;156;1,7
2026-03-23T17:40:32.143;156;1,6
2026-03-23T17:40:33.104;155;1,5
2026-03-23T17:40:35.022;155;1,5
2026-03-23T17:40:35.982;155;1,6
2026-03-23T17:40:36.462;155;1,6
2026-03-23T17:40:37.425;154;1,6
2026-03-23T17:40:38.844;153;1,4
2026-03-23T17:40:39.824;153;1,2
2026-03-23T17:40:42.224;153;1,2
2026-03-23T17:40:42.227;153;1,1
2026-03-23T17:40:42.230;152;1,2
2026-03-23T17:40:43.182;151;1,2
2026-03-23T17:40:44.144;151;1,2
2026-03-23T17:40:45.581;150;1,2
2026-03-23T17:40:46.539;150;1,2
2026-03-23T17:40:47.504;150;1,1
2026-03-23T17:40:48.461;150;1,1
2026-03-23T17:40:49.903;149;1,2
2026-03-23T17:40:50.381;148;1,2
2026-03-23T17:40:51.343;147;1,3
2026-03-23T17:40:53.250;146;1,3
2026-03-23T17:40:53.254;146;1,2
2026-03-23T17:40:54.204;147;1,2
2026-03-23T17:40:55.643;147;1,2
2026-03-23T17:40:56.128;147;1,5
2026-03-23T17:40:57.102;146;1,5
2026-03-23T17:40:58.543;145;1,6
2026-03-23T17:40:59.501;144;1,7
2026-03-23T17:41:00.469;144;1,8
2026-03-23T17:41:01.406;143;1,8
2026-03-23T17:41:02.382;143;1,8
2026-03-23T17:41:05.264;144;1,8
2026-03-23T17:41:05.267;144;1,8
2026-03-23T17:41:05.270;144;1,8
2026-03-23T17:41:06.223;144;1,6
2026-03-23T17:41:07.660;144;1,6
2026-03-23T17:41:08.142;144;1,3
2026-03-23T17:41:09.101;144;1,3
2026-03-23T17:41:10.523;144;1,3
2026-03-23T17:41:11.502;144;1,0
2026-03-23T17:41:12.451;144;1,0
2026-03-23T17:41:13.423;144;1,0
2026-03-23T17:41:14.369;143;0,9
2026-03-23T17:41:15.343;143;1,0
2026-03-23T17:41:16.291;142;1,2
2026-03-23T17:41:17.724;142;1,3
2026-03-23T17:41:18.222;142;1,3
2026-03-23T17:41:19.184;143;1,3
2026-03-23T17:41:20.141;143;1,4
2026-03-23T17:41:21.104;143;1,4
2026-03-23T17:41:23.022;144;1,4
2026-03-23T17:41:23.980;144
2026-03-23T17:41:24.942;144;1,4
2026-03-23T17:41:25.405;143;1,8
2026-03-23T17:41:26.381;143;1,8
2026-03-23T17:41:27.822;141;1,7
2026-03-23T17:41:28.299;141;1,8
2026-03-23T17:41:29.245;140;1,7
2026-03-23T17:41:30.224;139;1,6
2026-03-23T17:41:31.169;139;1,5
2026-03-23T17:41:32.142;139;1,5
2026-03-23T17:41:33.088;139;1,5
2026-03-23T17:41:34.524;139;1,5
2026-03-23T17:41:35.484;140;1,9
2026-03-23T17:41:36.445;141;1,9
2026-03-23T17:41:37.404;141;1,9
2026-03-23T17:41:38.364;142;1,6
2026-03-23T17:41:39.343;142;1,6
2026-03-23T17:41:40.284;141;1,7
2026-03-23T17:41:41.264;141;1,6
2026-03-23T17:41:42.222;140;1,6
2026-03-23T17:41:43.183;140;1,6
2026-03-23T17:41:44.130;140;1,6
2026-03-23T17:41:45.098;141;1,7
2026-03-23T17:41:47.023;141;1,7
2026-03-23T17:41:47.501;141;1,4
2026-03-23T17:41:48.462;141;1,4
2026-03-23T17:41:49.423;141;1,4
2026-03-23T17:41:50.383;140;1,5
2026-03-23T17:41:51.344;140;1,5
2026-03-23T17:41:53.264;139;1,4
2026-03-23T17:41:53.266;139;1,3
2026-03-23T17:41:54.222;140;1,3
2026-03-23T17:41:55.166;140;1,3
2026-03-23T17:41:56.142;140;1,4
2026-03-23T17:41:58.525;141;1,4
2026-03-23T17:41:59.009;141;1,4
2026-03-23T17:41:59.486;141;1,4
2026-03-23T17:42:00.446;140;1,8
2026-03-23T17:42:01.422;140;1,9
2026-03-23T17:42:02.383;140;1,9
2026-03-23T17:42:03.344;140;1,8
2026-03-23T17:42:04.782;140;1,8
2026-03-23T17:42:05.741;140;1,8
2026-03-23T17:42:06.212;140;1,9
2026-03-23T17:42:07.185;141;2,0
2026-03-23T17:42:08.128;141;2,1
2026-03-23T17:42:09.583;141;2,1
2026-03-23T17:42:11.023;140;2,1
2026-03-23T17:42:11.501;140;2,1
2026-03-23T17:42:12.454;140;2,4
2026-03-23T17:42:13.885;139;2,1
2026-03-23T17:42:14.368;139
2026-03-23T17:42:15.329;139
2026-03-23T17:42:16.301;139;77,6
2026-03-23T17:42:17.260;139
2026-03-23T17:42:18.220;139
2026-03-23T17:42:19.165;138;77,6
2026-03-23T17:42:20.604;138;80,0
2026-03-23T17:42:21.583;138;126,8
2026-03-23T17:42:22.059;138
2026-03-23T17:42:23.502;139;126,8
2026-03-23T17:42:24.464;139
2026-03-23T17:42:25.410;139;126,8
2026-03-23T17:42:26.379;139
2026-03-23T17:42:27.341;139;131,1
2026-03-23T17:42:28.302;139;139,9
2026-03-23T17:42:29.260;139
2026-03-23T17:42:31.662;139;140,6
2026-03-23T17:42:32.142;136;141,4
2026-03-23T17:42:32.146;135;173,0
2026-03-23T17:42:34.061;136;173,0
2026-03-23T17:42:34.065;136;173,0
2026-03-23T17:42:35.501;136;173,0
2026-03-23T17:42:36.450;136;173,0
2026-03-23T17:42:37.425;136;154,7
2026-03-23T17:42:38.863;136;154,7
2026-03-23T17:42:39.343;137;117,7
2026-03-23T17:42:40.304;137;117,7
2026-03-23T17:42:41.264;137;117,7
2026-03-23T17:42:42.223;136;112,9
2026-03-23T17:42:43.183;135;101,5
2026-03-23T17:42:44.144;134;100,3
2026-03-23T17:42:45.102;132;99,7
2026-03-23T17:42:46.543;131;2,1
2026-03-23T17:42:47.502;131;2,2
2026-03-23T17:42:48.462;132;2,3
2026-03-23T17:42:49.424;132;2,2
2026-03-23T17:42:50.383;133;2,0
2026-03-23T17:42:51.333;133;2,2
2026-03-23T17:42:52.302;134;2,2
2026-03-23T17:42:53.252;135;2,3
2026-03-23T17:42:54.223;136;2,3
2026-03-23T17:42:55.171;136;2,3
2026-03-23T17:42:56.143;137;2,1
2026-03-23T17:42:57.101;138;1,8
2026-03-23T17:42:58.062;138;1,8
2026-03-23T17:42:59.983;139;1,8
2026-03-23T17:43:00.454;139;1,7
2026-03-23T17:43:01.899;139
2026-03-23T17:43:02.863;140;30,1
2026-03-23T17:43:03.344;141;44,0
2026-03-23T17:43:04.287;143;44,0
2026-03-23T17:43:05.259;144;44,0
2026-03-23T17:43:06.213;145;44,0
2026-03-23T17:43:07.183;145;44,0
2026-03-23T17:43:08.129;146;44,0
2026-03-23T17:43:09.102;146;44,0
2026-03-23T17:43:10.051;146;44,0
2026-03-23T17:43:11.504;147;44,0
2026-03-23T17:43:12.463;147;44,0
2026-03-23T17:43:13.425;147;32,1
2026-03-23T17:43:14.367;148;32,2
2026-03-23T17:43:15.344;149;1,4
2026-03-23T17:43:16.302;149;1,4
2026-03-23T17:43:18.224;149;1,3
2026-03-23T17:43:18.227;150;1,3
2026-03-23T17:43:19.183;150;1,4
2026-03-23T17:43:20.144;151;1,4
2026-03-23T17:43:21.093;152;1,3
2026-03-23T17:43:22.065;153;1,4
2026-03-23T17:43:23.982;154;1,3
2026-03-23T17:43:24.464;154;1,4
2026-03-23T17:43:25.902;155;1,2
2026-03-23T17:43:26.384;155;1,2
2026-03-23T17:43:27.344;155;1,2
2026-03-23T17:43:29.263;156;1,2
2026-03-23T17:43:29.266;156;1,3
2026-03-23T17:43:30.205;156;1,2
2026-03-23T17:43:31.179;156;1,2
2026-03-23T17:43:32.126;157;1,3
2026-03-23T17:43:33.103;157;1,1
2026-03-23T17:43:34.047;157;1,1
2026-03-23T17:43:35.503;157;1,1
2026-03-23T17:43:36.462;157;1,1
2026-03-23T17:43:38.385;156;1,0
2026-03-23T17:43:38.388;156;1,0
2026-03-23T17:43:39.344;157;1,1
2026-03-23T17:43:40.303;156;1,0
2026-03-23T17:43:41.264;156;1,0
2026-03-23T17:43:42.224;157;1,0
2026-03-23T17:43:43.183;157;1,0
2026-03-23T17:43:44.144;158;1,0
2026-03-23T17:43:45.104;158;1,0
2026-03-23T17:43:46.063;158;1,1
2026-03-23T17:43:47.506;159;1,1
2026-03-23T17:43:48.466;159;1,2
2026-03-23T17:43:49.425;159;1,2
2026-03-23T17:43:50.384;160;1,2
2026-03-23T17:43:51.344;159;1,4
2026-03-23T17:43:52.303;159;1,4
2026-03-23T17:43:53.265;160;1,4
2026-03-23T17:43:54.224;160;1,4
2026-03-23T17:43:56.144;160;1,4
2026-03-23T17:43:56.148;160;1,3
2026-03-23T17:43:57.104;160;1,2
2026-03-23T17:43:58.058;160;1,2
2026-03-23T17:43:59.505;160;1,6
2026-03-23T17:44:00.940;159;1,5
2026-03-23T17:44:01.422;159;1,5
2026-03-23T17:44:02.380;159;1,4
2026-03-23T17:44:03.341;159;1,3
2026-03-23T17:44:05.261;159;1,3
2026-03-23T17:44:05.262;159;1,3
2026-03-23T17:44:06.221;159;1,4
2026-03-23T17:44:07.184;158;1,4
2026-03-23T17:44:08.144;159;1,4
2026-03-23T17:44:09.103;159;1,4
2026-03-23T17:44:10.064;159;0,9
2026-03-23T17:44:11.490;159;0,9
2026-03-23T17:44:12.464;159;1,2
2026-03-23T17:44:13.425;159;1,3
2026-03-23T17:44:14.385;160;1,3
2026-03-23T17:44:15.343;160;1,3
2026-03-23T17:44:16.305;160;1,3
2026-03-23T17:44:17.265;160;1,2
2026-03-23T17:44:18.224;160;1,2
2026-03-23T17:44:19.188;159;1,2
2026-03-23T17:44:20.144;159;1,2
2026-03-23T17:44:21.103;160;1,2
2026-03-23T17:44:22.065;159;1,1
2026-03-23T17:44:23.505;159;0,8
2026-03-23T17:44:24.469;159;0,7
2026-03-23T17:44:25.426;159;0,6
2026-03-23T17:44:26.372;159;0,6
2026-03-23T17:44:27.345;160;0,7
2026-03-23T17:44:28.285;159;0,7
2026-03-23T17:44:29.264;159;1,0
2026-03-23T17:44:30.222;159;1,1
2026-03-23T17:44:31.183;159;1,2
2026-03-23T17:44:32.621;159;1,4
2026-03-23T17:44:33.103;159;1,5
2026-03-23T17:44:34.065;159;1,5
2026-03-23T17:44:35.489;159;1,5
2026-03-23T17:44:37.413;159;1,5
2026-03-23T17:44:38.385;159;1,5
2026-03-23T17:44:38.388;159;1,6
2026-03-23T17:44:39.344;159;1,6
2026-03-23T17:44:40.305;158;1,4
2026-03-23T17:44:41.264;158;1,3
2026-03-23T17:44:43.185;157;1,3
2026-03-23T17:44:43.189;157;1,2
2026-03-23T17:44:44.144;157;1,2
2026-03-23T17:44:45.104;158;1,2
2026-03-23T17:44:46.064;158;1,2
2026-03-23T17:44:47.504;158;1,3
2026-03-23T17:44:48.451;158;1,7
2026-03-23T17:44:49.419;159;1,8
2026-03-23T17:44:50.369;159;1,8
2026-03-23T17:44:51.345;159;1,8
2026-03-23T17:44:53.265;158;1,8
2026-03-23T17:44:53.268;159;1,7
2026-03-23T17:44:54.225;159;1,6
2026-03-23T17:44:55.181;159;1,5
2026-03-23T17:44:56.134;159;1,5
2026-03-23T17:44:57.103;160;1,5
2026-03-23T17:44:58.064;160;1,5
2026-03-23T17:44:59.489;159;0,8
2026-03-23T17:45:01.905;159;1,0
2026-03-23T17:45:01.908;159;1,0
2026-03-23T17:45:02.383;159;1,0
2026-03-23T17:45:03.329;159;1,0
2026-03-23T17:45:04.303;159;0,9
2026-03-23T17:45:05.260;159;1,2
2026-03-23T17:45:06.224;159;99,5
2026-03-23T17:45:07.646;158;99,5
2026-03-23T17:45:08.607;158;99,5
2026-03-23T17:45:09.103;158;99,5
2026-03-23T17:45:10.066;157;99,5
2026-03-23T17:45:11.504;157;99,5
2026-03-23T17:45:12.447;156;99,5
2026-03-23T17:45:13.426;156;99,5
2026-03-23T17:45:15.344;156;99,5
2026-03-23T17:45:15.347;155;99,5
2026-03-23T17:45:16.292;154;99,5
2026-03-23T17:45:17.266;154;70,4
2026-03-23T17:45:18.212;153;1,0
2026-03-23T17:45:19.185;152;1,1
2026-03-23T17:45:20.126;151;1,2
2026-03-23T17:45:21.584;151;1,2
2026-03-23T17:45:22.050;150;1,2
2026-03-23T17:45:23.505;149;1,2
2026-03-23T17:45:24.463;149;1,3
2026-03-23T17:45:26.865;149;1,5
2026-03-23T17:45:26.868;149;1,7
2026-03-23T17:45:27.344;149;1,9
2026-03-23T17:45:28.305;150;1,9
2026-03-23T17:45:30.225;150;1,9
2026-03-23T17:45:30.228;150;1,9
2026-03-23T17:45:31.178;150;1,8
2026-03-23T17:45:32.144;150;1,8
2026-03-23T17:45:33.090;150;1,8
2026-03-23T17:45:35.010;150;1,8
2026-03-23T17:45:35.504;150;1,8
2026-03-23T17:45:36.467;150;1,8
2026-03-23T17:45:37.426;150;1,4
2026-03-23T17:45:38.384;150;1,3
2026-03-23T17:45:39.345;150;0,9
2026-03-23T17:45:40.305;149;1,0
2026-03-23T17:45:41.263;149;1,1
2026-03-23T17:45:42.220;148;1,1
2026-03-23T17:45:43.184;147;1,1
2026-03-23T17:45:45.104;146;1,1
2026-03-23T17:45:45.107;146;1,1
2026-03-23T17:45:46.048;145;1,2
2026-03-23T17:45:47.504;144;1,2
2026-03-23T17:45:48.469;144;1,4
2026-03-23T17:45:49.424;142;1,6
2026-03-23T17:45:50.866;140;2,6
2026-03-23T17:45:51.344;138;2,7
2026-03-23T17:45:52.304;137;2,6
2026-03-23T17:45:53.265;137;2,8
2026-03-23T17:45:54.225;137;2,8
2026-03-23T17:45:55.185;137;2,9
2026-03-23T17:45:56.143;137;2,9
2026-03-23T17:45:57.086;136;2,9
2026-03-23T17:45:58.064;136;2,9
2026-03-23T17:45:59.984;136;2,8
2026-03-23T17:46:00.462;136;2,8
2026-03-23T17:46:01.905;136;2,8
2026-03-23T17:46:03.331;137;2,6
2026-03-23T17:46:03.827;137;2,6
2026-03-23T17:46:04.783;137;1,6
2026-03-23T17:46:05.266;136;1,7
2026-03-23T17:46:06.224;135;1,5
2026-03-23T17:46:07.184;135;1,4
2026-03-23T17:46:08.145;135;1,5
2026-03-23T17:46:09.105;135;1,7
2026-03-23T17:46:10.064;136;1,7
2026-03-23T17:46:11.509;136;1,7
2026-03-23T17:46:13.424;137;1,8
2026-03-23T17:46:13.427;138;1,8
2026-03-23T17:46:14.865;138;1,8
2026-03-23T17:46:15.344;139;1,8
2026-03-23T17:46:16.304;139;1,8
2026-03-23T17:46:18.225;138;1,7
2026-03-23T17:46:18.228;138;1,6
2026-03-23T17:46:19.184;139;1,6
2026-03-23T17:46:20.623;139;1,5
2026-03-23T17:46:21.104;140;1,1
2026-03-23T17:46:22.063;140;1,0
2026-03-23T17:46:23.503;140;1,1
2026-03-23T17:46:24.465;140;1,1
2026-03-23T17:46:25.424;140;0,9
2026-03-23T17:46:27.343;140;0,9
2026-03-23T17:46:27.347;140;1,0
2026-03-23T17:46:28.304;141;1,1
2026-03-23T17:46:29.264;142;1,2
2026-03-23T17:46:30.225;142;1,2
2026-03-23T17:46:31.184;142;1,2
2026-03-23T17:46:32.145;142;1,5
2026-03-23T17:46:33.105;141;1,5
2026-03-23T17:46:34.065;140;1,6
2026-03-23T17:46:35.505;139;1,6
2026-03-23T17:46:36.451;138;1,6
2026-03-23T17:46:37.426;138;1,6
2026-03-23T17:46:38.372;138;1,6
2026-03-23T17:46:39.345;137;1,6
2026-03-23T17:46:40.304;138;1,5
2026-03-23T17:46:41.264;137;1,5
2026-03-23T17:46:42.224;137;1,4
2026-03-23T17:46:43.186;138;1,6
2026-03-23T17:46:44.144;139;1,6
2026-03-23T17:46:45.105;140;1,3
2026-03-23T17:46:46.066;140;1,2
2026-03-23T17:46:47.489;140;1,1
2026-03-23T17:46:48.945;140;1,4
2026-03-23T17:46:49.408;139;1,4
2026-03-23T17:46:50.385;139;1,4
2026-03-23T17:46:51.343;140;1,5
2026-03-23T17:46:53.265;140;1,5
2026-03-23T17:46:53.744;141;1,5
2026-03-23T17:46:54.223;141;1,5
2026-03-23T17:46:55.185;141;1,4
2026-03-23T17:46:56.144;141;1,4
2026-03-23T17:46:57.584;140;1,6
2026-03-23T17:46:58.066;140;1,6
2026-03-23T17:46:59.985;139;1,5
2026-03-23T17:47:01.424;139;1,5
2026-03-23T17:47:01.428;138;1,5
2026-03-23T17:47:02.367;138;1,5
2026-03-23T17:47:03.827;138;1,5
2026-03-23T17:47:04.291;138;1,4
2026-03-23T17:47:05.266;137;1,4
2026-03-23T17:47:06.224;137;1,4
2026-03-23T17:47:07.185;136;1,4
2026-03-23T17:47:08.146;137;1,8
2026-03-23T17:47:09.101;137;1,8
2026-03-23T17:47:10.061;137;1,6
2026-03-23T17:47:11.505;138;1,8
2026-03-23T17:47:12.465;139;1,8
2026-03-23T17:47:13.425;140;1,8
2026-03-23T17:47:14.384;141;1,7
2026-03-23T17:47:15.327;141;1,7
2026-03-23T17:47:16.306;140;1,7
2026-03-23T17:47:17.252;140;2,1
2026-03-23T17:47:18.224;139;2,5
2026-03-23T17:47:19.167;139;2,4
2026-03-23T17:47:20.146;139;2,5
2026-03-23T17:47:21.093;139;2,2
2026-03-23T17:47:23.022;139;2,3
2026-03-23T17:47:23.505;139;2,3
2026-03-23T17:47:24.472;139;2,2
2026-03-23T17:47:25.424;139;2,2
2026-03-23T17:47:26.367;139;2,2
2026-03-23T17:47:28.306;139;2,2
2026-03-23T17:47:28.309;139;2,2
2026-03-23T17:47:29.265;139;2,2
2026-03-23T17:47:30.226;139;1,6
2026-03-23T17:47:31.185;139;1,3
2026-03-23T17:47:32.135;139;1,5
2026-03-23T17:47:33.105;139;1,4
2026-03-23T17:47:34.052;138;1,2
2026-03-23T17:47:35.984;138;1,2
2026-03-23T17:47:36.461;137;1,2
2026-03-23T17:47:37.425;137;1,1
2026-03-23T17:47:38.384;137;1,1
2026-03-23T17:47:39.327;138;1,3
2026-03-23T17:47:40.306;138;1,3
2026-03-23T17:47:42.704;138;1,4
2026-03-23T17:47:42.706;138;1,4
2026-03-23T17:47:43.185;139;1,3
2026-03-23T17:47:44.146;139;1,4
2026-03-23T17:47:45.093;140;1,2
2026-03-23T17:47:46.549;140;1,2
2026-03-23T17:47:47.511;140;1,2
2026-03-23T17:47:48.466;140;1,2
2026-03-23T17:47:49.424;140;1,4
2026-03-23T17:47:50.385;139;1,6
2026-03-23T17:47:51.345;139;1,6
2026-03-23T17:47:53.741;139;1,4
2026-03-23T17:47:53.742;139;1,4
2026-03-23T17:47:54.225;139;1,4
2026-03-23T17:47:55.185;138;1,4
2026-03-23T17:47:56.128;138;1,3
2026-03-23T17:47:57.584;138;1,3
2026-03-23T17:47:58.064;138;1,3
2026-03-23T17:47:59.508;137;1,3
2026-03-23T17:48:00.466;137;1,3
2026-03-23T17:48:01.425;137;1,3
2026-03-23T17:48:02.384;136;1,2
2026-03-23T17:48:03.346;136;1,2
2026-03-23T17:48:04.784;135;1,4
2026-03-23T17:48:05.265;135;1,4
2026-03-23T17:48:06.225;136;1,4
2026-03-23T17:48:07.186;135;1,4
2026-03-23T17:48:08.625;135;1,4
2026-03-23T17:48:09.105;135;1,5
2026-03-23T17:48:10.066;134;1,5
2026-03-23T17:48:11.507;134;1,6
2026-03-23T17:48:14.386;134;1,6
2026-03-23T17:48:14.389;134;1,8
2026-03-23T17:48:14.391;135;1,8
2026-03-23T17:48:15.335;136;1,8
2026-03-23T17:48:17.726;136;1,6
2026-03-23T17:48:17.729;137;1,4
2026-03-23T17:48:18.209;137;1,5
2026-03-23T17:48:19.168;138;1,5
2026-03-23T17:48:20.126;138;1,4
2026-03-23T17:48:21.087;137;1,4
2026-03-23T17:48:22.534;137;1,3
2026-03-23T17:48:23.504;137;1,3
2026-03-23T17:48:24.463;136;1,2
2026-03-23T17:48:25.425;136;1,2
2026-03-23T17:48:27.337;136;0,8
2026-03-23T17:48:27.340;136;0,8
2026-03-23T17:48:28.786;136;1,2
2026-03-23T17:48:29.265;136;1,2
2026-03-23T17:48:30.226;135;1,3
2026-03-23T17:48:31.648;135;1,2
2026-03-23T17:48:32.625;134;1,2
2026-03-23T17:48:33.567;135;1,2
2026-03-23T17:48:34.548;135;1,2
2026-03-23T17:48:35.505;136;1,3
2026-03-23T17:48:37.407;136;1,3
2026-03-23T17:48:37.410;137;1,4
2026-03-23T17:48:38.381;137;1,4
2026-03-23T17:48:39.334;138;1,4
2026-03-23T17:48:40.769;139;1,5
2026-03-23T17:48:41.265;140;1,3
2026-03-23T17:48:42.687;141;1,4
2026-03-23T17:48:44.607;142;1,5
2026-03-23T17:48:44.610;143;1,5
2026-03-23T17:48:45.106;144;1,5
2026-03-23T17:48:46.065;145;1,6
2026-03-23T17:48:47.508;145;1,6
2026-03-23T17:48:48.448;146;1,7
2026-03-23T17:48:49.426;146;1,7
2026-03-23T17:48:50.369;146;1,8
2026-03-23T17:48:51.346;147;1,7
2026-03-23T17:48:52.781;147;1,6
2026-03-23T17:48:53.265;147;1,7
2026-03-23T17:48:54.226;147;1,5
2026-03-23T17:48:55.186;146;1,4
2026-03-23T17:48:56.145;146;1,5
2026-03-23T17:48:58.065;145;1,5
2026-03-23T17:48:58.067;146;1,5
2026-03-23T17:48:59.493;146;1,4
2026-03-23T17:49:00.466;146;1,2
2026-03-23T17:49:02.368;146;1,2
2026-03-23T17:49:02.371;146;1,2
2026-03-23T17:49:03.808;146;1,3
2026-03-23T17:49:04.287;147;1,3
2026-03-23T17:49:06.688;147;1,2
2026-03-23T17:49:06.691;146;1,1
2026-03-23T17:49:07.186;146;1,2
2026-03-23T17:49:08.147;146;1,1
2026-03-23T17:49:09.105;146;1,0
2026-03-23T17:49:10.068;146;1,4
2026-03-23T17:49:11.505;147;1,4
2026-03-23T17:49:12.448;147;1,3
2026-03-23T17:49:13.905;148;1,3
2026-03-23T17:49:14.867;148;1,2
2026-03-23T17:49:15.345;148;1,2
2026-03-23T17:49:16.306;149;1,2
2026-03-23T17:49:17.266;149;1,2
2026-03-23T17:49:18.225;150;1,2
2026-03-23T17:49:19.186;150;1,3
2026-03-23T17:49:20.611;150;1,3
2026-03-23T17:49:21.104;152;1,3
2026-03-23T17:49:22.066;152;1,0
2026-03-23T17:49:23.488;152;1,1
2026-03-23T17:49:24.466;152;1,2
2026-03-23T17:49:25.412;152;1,2
2026-03-23T17:49:26.386;152;1,2
2026-03-23T17:49:28.306;152;1,2
2026-03-23T17:49:28.310;152;1,1
2026-03-23T17:49:30.704;152;1,1
2026-03-23T17:49:31.184;152;1,1
2026-03-23T17:49:31.666;153;1,1
2026-03-23T17:49:33.585;153;1,1
2026-03-23T17:49:33.589;153;1,0
2026-03-23T17:49:34.545;153;0,9
2026-03-23T17:49:35.506;153;1,3
2026-03-23T17:49:36.473;154;1,7
2026-03-23T17:49:37.410;154;2,3
2026-03-23T17:49:38.867;154;2,5
2026-03-23T17:49:39.345;154;2,6
2026-03-23T17:49:40.292;154;2,7
2026-03-23T17:49:41.267;154;2,8
2026-03-23T17:49:42.211;154;2,7
2026-03-23T17:49:43.185;154;2,7
2026-03-23T17:49:44.145;155;2,7
2026-03-23T17:49:45.571;155;2,7
2026-03-23T17:49:46.064;155;2,7
2026-03-23T17:49:47.507;155;2,5
2026-03-23T17:49:48.467;155;2,3
2026-03-23T17:49:49.905;155;1,7
2026-03-23T17:49:50.384;155;1,3
2026-03-23T17:49:51.824;155;1,1
2026-03-23T17:49:52.304;155;0,8
2026-03-23T17:49:54.704;155;0,9
2026-03-23T17:49:54.705;156;1,1
2026-03-23T17:49:55.174;156;1,1
2026-03-23T17:49:56.144;156;1,2
2026-03-23T17:49:57.587;155;1,1
2026-03-23T17:49:58.065;155;1,1
2026-03-23T17:49:59.505;155;1,2
2026-03-23T17:50:00.466;155;1,2
2026-03-23T17:50:01.426;155;1,2
2026-03-23T17:50:02.370;154;1,2
2026-03-23T17:50:03.346;154;1,2
2026-03-23T17:50:04.306;154;1,1
2026-03-23T17:50:05.266;154;1,1
2026-03-23T17:50:06.226;154;0,9
2026-03-23T17:50:07.186;154;0,9
2026-03-23T17:50:08.133;154;0,9
2026-03-23T17:50:09.108;154;0,9
2026-03-23T17:50:10.049;154;0,9
2026-03-23T17:50:11.974;154;0,8
2026-03-23T17:50:12.463;154;0,8
2026-03-23T17:50:13.427;155;1,0
2026-03-23T17:50:14.386;155;0,9
2026-03-23T17:50:15.347;155;0,9
2026-03-23T17:50:16.307;155;0,9
2026-03-23T17:50:17.266;155;0,9
2026-03-23T17:50:18.223;154;1,1
2026-03-23T17:50:19.655;154;1,1
2026-03-23T17:50:21.106;154;1,2
2026-03-23T17:50:21.109;154;1,2
2026-03-23T17:50:22.067;154;1,2
2026-03-23T17:50:23.497;154;1,2
2026-03-23T17:50:24.469;155;1,0
2026-03-23T17:50:25.427;155;1,0
2026-03-23T17:50:26.387;155;1,1
2026-03-23T17:50:27.347;155;1,1
2026-03-23T17:50:28.306;154;1,1
2026-03-23T17:50:29.266;155;1,2
2026-03-23T17:50:30.228;155;1,1
2026-03-23T17:50:31.186;155;1,1
2026-03-23T17:50:32.148;155;1,1
2026-03-23T17:50:33.106;155;1,0
2026-03-23T17:50:34.049;155;1,1
2026-03-23T17:50:35.984;156;1,0
2026-03-23T17:50:36.944;155;1,0
2026-03-23T17:50:37.425;156;0,9
2026-03-23T17:50:38.386;156;0,8
2026-03-23T17:50:39.348;156;0,8
2026-03-23T17:50:40.307;156;0,7
2026-03-23T17:50:41.732;156;0,4
2026-03-23T17:50:42.226;155;0,7
2026-03-23T17:50:43.185;155;0,9
2026-03-23T17:50:44.146;155;0,9
2026-03-23T17:50:45.107;155;1,5
2026-03-23T17:50:46.066;155;1,6
2026-03-23T17:50:47.986;155;1,8
2026-03-23T17:50:48.464;155;1,8
2026-03-23T17:50:49.424;155;1,8
2026-03-23T17:50:50.386;154;1,8
2026-03-23T17:50:51.347;154;1,8
2026-03-23T17:50:52.309;154;1,9
2026-03-23T17:50:53.266;154;1,9
2026-03-23T17:50:54.226;154;1,8
2026-03-23T17:50:55.184;154;1,9
2026-03-23T17:50:56.148;154;1,7
2026-03-23T17:50:57.090;153;1,4
2026-03-23T17:50:58.067;153;1,3
2026-03-23T17:50:59.504;153;1,2
2026-03-23T17:51:00.931;153;1,3
2026-03-23T17:51:01.425;153;1,2
2026-03-23T17:51:02.851;153;1,5
2026-03-23T17:51:03.345;152;1,6
2026-03-23T17:51:04.307;152;1,6
2026-03-23T17:51:05.746;152;1,7
2026-03-23T17:51:06.226;152;1,7
2026-03-23T17:51:07.187;151;1,5
2026-03-23T17:51:09.107;152;1,5
2026-03-23T17:51:09.109;152;1,5
2026-03-23T17:51:10.048;152;1,5
2026-03-23T17:51:11.508;152;30,7
2026-03-23T17:51:12.466;152;30,7
2026-03-23T17:51:13.427;152;43,4
2026-03-23T17:51:14.868;152;43,4
2026-03-23T17:51:15.346;153;43,3
2026-03-23T17:51:16.308;153;43,3
2026-03-23T17:51:17.266;153;43,3
2026-03-23T17:51:18.227;154;43,3
2026-03-23T17:51:19.185;154;43,3
2026-03-23T17:51:20.626;154;43,3
2026-03-23T17:51:21.100;155;43,4
2026-03-23T17:51:22.066;155;43,4
2026-03-23T17:51:23.495;155;43,4
2026-03-23T17:51:24.471;155;30,7
2026-03-23T17:51:25.427;155;2,1
2026-03-23T17:51:26.386;156;2,1
2026-03-23T17:51:28.777;156;2,2
2026-03-23T17:51:28.780;156;2,2
2026-03-23T17:51:29.265;156;2,2
2026-03-23T17:51:30.227;157;2,2
2026-03-23T17:51:31.187;157;2,0
2026-03-23T17:51:32.147;157;2,1
2026-03-23T17:51:33.106;157;1,5
2026-03-23T17:51:34.050;157;1,4
2026-03-23T17:51:35.969;157;1,4
2026-03-23T17:51:37.409;156;1,1
2026-03-23T17:51:37.411;157;1,1
2026-03-23T17:51:39.348;157;1,1
2026-03-23T17:51:39.352;157;0,9
2026-03-23T17:51:40.786;157;0,9
2026-03-23T17:51:42.223;157;0,9
2026-03-23T17:51:42.224;157;1,0
2026-03-23T17:51:43.168;157;1,1
2026-03-23T17:51:44.146;156;1,1
2026-03-23T17:51:45.103;156;1,1
2026-03-23T17:51:47.026;155;1,3
2026-03-23T17:51:47.491;155;1,3
2026-03-23T17:51:48.947;155;1,3
2026-03-23T17:51:49.408;154;1,3
2026-03-23T17:51:50.868;154;1,3
2026-03-23T17:51:51.828;154;1,3
2026-03-23T17:51:52.305;154;1,3
2026-03-23T17:51:53.267;154;1,2
2026-03-23T17:51:54.226;153;1,3
2026-03-23T17:51:55.177;152;1,2
2026-03-23T17:51:57.105;152;1,2
2026-03-23T17:51:57.109;151;1,7
2026-03-23T17:51:58.067;150;1,9
2026-03-23T17:51:59.508;150;2,0
2026-03-23T17:52:00.947;149;2,0
2026-03-23T17:52:02.868;149;2,1
2026-03-23T17:52:02.870;149;2,3
2026-03-23T17:52:03.346;148;2,3
2026-03-23T17:52:04.292;148;2,3
2026-03-23T17:52:05.260;147;2,3
2026-03-23T17:52:06.218;147;2,3
2026-03-23T17:52:07.188;147;2,3
2026-03-23T17:52:08.628;148;2,3
2026-03-23T17:52:10.066;147;2,2
2026-03-23T17:52:10.070;146;2,1
2026-03-23T17:52:11.506;145;2,1
2026-03-23T17:52:13.428;145;2,1
2026-03-23T17:52:13.906;145;2,0
2026-03-23T17:52:15.346;144;1,8
2026-03-23T17:52:15.349;144;2,0
2026-03-23T17:52:16.308;142;2,1
2026-03-23T17:52:17.267;142;2,1
2026-03-23T17:52:19.667;141;2,1
2026-03-23T17:52:19.670;140;2,2
2026-03-23T17:52:20.132;140;2,1
2026-03-23T17:52:21.108;139;1,8
2026-03-23T17:52:22.546;138;1,9
2026-03-23T17:52:23.986;136;2,0
2026-03-23T17:52:24.465;135;2,3
2026-03-23T17:52:25.429;134;2,2
2026-03-23T17:52:26.387;134;2,3
2026-03-23T17:52:27.348;133;2,3
2026-03-23T17:52:28.788;134;2,1
2026-03-23T17:52:29.735;134;2,3
2026-03-23T17:52:30.225;135;2,3
2026-03-23T17:52:31.187;136;2,3
2026-03-23T17:52:32.147;138;2,3
2026-03-23T17:52:34.067;139;2,3
2026-03-23T17:52:34.071;139;2,4
2026-03-23T17:52:35.988;138;2,5
2026-03-23T17:52:36.470;137;2,5
2026-03-23T17:52:37.908;136;2,2
2026-03-23T17:52:38.850;136;2,2
2026-03-23T17:52:39.347;136;2,3
2026-03-23T17:52:40.771;136;2,3
2026-03-23T17:52:41.268;136;2,3
2026-03-23T17:52:43.188;135;2,1
2026-03-23T17:52:43.191;134;2,1
2026-03-23T17:52:44.148;134;2,6
2026-03-23T17:52:45.107;133;2,6
2026-03-23T17:52:46.067;133;2,6
2026-03-23T17:52:48.468;133;2,6
2026-03-23T17:52:48.470;133;2,4
2026-03-23T17:52:50.387;134;2,4
2026-03-23T17:52:50.391;135;2,7
2026-03-23T17:52:51.828;135;2,7
2026-03-23T17:52:52.308;135;2,6
2026-03-23T17:52:55.188;135;2,6
2026-03-23T17:52:55.191;134;2,6
2026-03-23T17:52:56.147;134;2,7
2026-03-23T17:52:56.150;134;2,6
2026-03-23T17:52:57.106;134;2,1
2026-03-23T17:52:58.067;135;1,9
2026-03-23T17:52:59.497;134;2,2
2026-03-23T17:53:00.472;134;2,3
2026-03-23T17:53:01.416;134;2,2
2026-03-23T17:53:03.348;134;2,2
2026-03-23T17:53:03.351;134;1,9
2026-03-23T17:53:04.308;133;1,9
2026-03-23T17:53:05.746;133;1,9
2026-03-23T17:53:06.691;133;1,9
2026-03-23T17:53:07.185;133;1,9
2026-03-23T17:53:08.149;133;1,9
2026-03-23T17:53:09.107;134;1,9
2026-03-23T17:53:10.068;135;2,0
2026-03-23T17:53:11.506;136;2,0
2026-03-23T17:53:12.457;137;1,6
2026-03-23T17:53:13.427;137;1,5
2026-03-23T17:53:14.386;137;1,3
2026-03-23T17:53:15.348;138;1,5
2026-03-23T17:53:16.308;138;1,5
2026-03-23T17:53:18.706;138;1,4
2026-03-23T17:53:18.708;138;1,4
2026-03-23T17:53:19.186;138;1,4
2026-03-23T17:53:20.136;138;1,5
2026-03-23T17:53:21.107;138;1,3
2026-03-23T17:53:22.068;138;1,6
2026-03-23T17:53:23.987;138;1,5
2026-03-23T17:53:24.467;138;1,6
2026-03-23T17:53:25.427;138;1,6
2026-03-23T17:53:26.386;139;1,7
2026-03-23T17:53:27.332;139;1,7
2026-03-23T17:53:28.308;139;1,9
2026-03-23T17:53:29.250;138;2,3
2026-03-23T17:53:30.228;138;2,3
2026-03-23T17:53:31.176;138;2,3
2026-03-23T17:53:32.148;137;2,3
2026-03-23T17:53:33.098;137;2,3
2026-03-23T17:53:34.068;137;2,3
2026-03-23T17:53:35.509;136;2,2
2026-03-23T17:53:36.469;136;2,1
2026-03-23T17:53:37.428;136;2,1
2026-03-23T17:53:38.390;136;2,1
2026-03-23T17:53:39.348;136;2,0
2026-03-23T17:53:40.297;137;2,0
2026-03-23T17:53:41.267;137;1,8
2026-03-23T17:53:43.189;138;1,4
2026-03-23T17:53:43.192;138;1,3
2026-03-23T17:53:44.137;138;1,3
2026-03-23T17:53:45.108;138;1,1
2026-03-23T17:53:46.068;138;1,8
2026-03-23T17:53:47.508;138;1,8
2026-03-23T17:53:48.465;138;1,9
2026-03-23T17:53:49.908;138;2,1
2026-03-23T17:53:51.331;137;2,1
2026-03-23T17:53:51.333;138;2,1
2026-03-23T17:53:52.308;138;2,0
2026-03-23T17:53:53.251;138;2,0
2026-03-23T17:53:54.228;138;2,0
2026-03-23T17:53:55.176;138;1,9
2026-03-23T17:53:56.629;137;1,9
2026-03-23T17:53:58.548;136;2,1
2026-03-23T17:53:58.550;136;2,1
2026-03-23T17:53:59.506;136;1,9
2026-03-23T17:54:00.468;135;2,4
2026-03-23T17:54:01.428;134;2,8
2026-03-23T17:54:03.347;134;2,7
2026-03-23T17:54:03.349;134;2,6
2026-03-23T17:54:04.308;135;2,6
2026-03-23T17:54:05.269;135;2,6
2026-03-23T17:54:06.229;135;2,7
2026-03-23T17:54:07.668;135;2,7
2026-03-23T17:54:08.148;136;2,9
2026-03-23T17:54:09.107;136;2,9
2026-03-23T17:54:10.068;136;2,9
2026-03-23T17:54:11.509;137;2,8
2026-03-23T17:54:12.948;137;2,8
2026-03-23T17:54:13.427;137;2,8
2026-03-23T17:54:14.388;137;2,3
2026-03-23T17:54:15.349;137;1,5
2026-03-23T17:54:16.308;137;1,5
2026-03-23T17:54:18.707;136;1,7
2026-03-23T17:54:19.172;136;1,6
2026-03-23T17:54:19.174;136;1,7
2026-03-23T17:54:20.148;136;2,0
2026-03-23T17:54:21.100;137;2,1
2026-03-23T17:54:22.069;137;2,0
2026-03-23T17:54:23.508;137;2,0
2026-03-23T17:54:24.462;137;2,0
2026-03-23T17:54:25.430;137;2,0
2026-03-23T17:54:26.388;137;2,0
2026-03-23T17:54:27.348;137;2,0
2026-03-23T17:54:28.308;137;2,0
2026-03-23T17:54:29.747;138;2,2
2026-03-23T17:54:30.227;138;2,1
2026-03-23T17:54:31.187;138;2,1
2026-03-23T17:54:32.150;138;2,0
2026-03-23T17:54:33.108;138;1,7
2026-03-23T17:54:34.547;138;1,3
2026-03-23T17:54:35.987;138;1,3
2026-03-23T17:54:36.470;138;1,4
2026-03-23T17:54:37.429;138;1,3
2026-03-23T17:54:38.389;138;1,3
2026-03-23T17:54:39.824;139;1,5
2026-03-23T17:54:40.787;139;1,5
2026-03-23T17:54:41.268;139;1,5
2026-03-23T17:54:42.228;140;1,1
2026-03-23T17:54:43.173;140;1,1
2026-03-23T17:54:44.148;140;1,1
2026-03-23T17:54:46.070;140;1,1
2026-03-23T17:54:46.073;140;1,4
2026-03-23T17:54:47.496;141;1,4
2026-03-23T17:54:48.471;141;1,4
2026-03-23T17:54:49.427;141;1,4
2026-03-23T17:54:50.389;141;1,4
2026-03-23T17:54:51.348;142;1,2
2026-03-23T17:54:53.268;142;1,2
2026-03-23T17:54:53.271;142;1,2
2026-03-23T17:54:54.229;143;1,6
2026-03-23T17:54:55.668;143;1,4
2026-03-23T17:54:56.148;144;1,5
2026-03-23T17:54:57.107;144;1,5
2026-03-23T17:54:58.068;144;1,1
2026-03-23T17:54:59.509;144;1,3
2026-03-23T17:55:00.469;144;1,3
2026-03-23T17:55:01.430;144;1,3
2026-03-23T17:55:02.388;144;1,3
2026-03-23T17:55:03.349;144;1,3
2026-03-23T17:55:04.308;144;1,2
2026-03-23T17:55:05.268;145;1,4
2026-03-23T17:55:06.229;144;1,2
2026-03-23T17:55:07.188;144;1,3
2026-03-23T17:55:08.148;143;1,4
2026-03-23T17:55:09.109;143;1,4
2026-03-23T17:55:10.055;143;1,4
2026-03-23T17:55:11.499;143;1,3
2026-03-23T17:55:13.415;143;1,3
2026-03-23T17:55:13.419;142;1,3
2026-03-23T17:55:14.388;142;1,3
2026-03-23T17:55:15.827;142;1,3
2026-03-23T17:55:16.309;142;1,7
2026-03-23T17:55:17.748;143;1,7
2026-03-23T17:55:18.230;143;1,5
2026-03-23T17:55:20.629;143;1,5
2026-03-23T17:55:20.632;143;1,6
2026-03-23T17:55:21.107;144;1,6
2026-03-23T17:55:22.070;143;1,7
2026-03-23T17:55:23.508;143;1,7
2026-03-23T17:55:24.948;144;1,7
2026-03-23T17:55:25.908;144;1,7
2026-03-23T17:55:26.375;144;1,9
2026-03-23T17:55:27.349;144;1,9
2026-03-23T17:55:28.298;143;1,9
2026-03-23T17:55:29.749;143;1,5
2026-03-23T17:55:30.216;143;1,4
2026-03-23T17:55:31.189;143;1,8
2026-03-23T17:55:33.109;142;2,2
2026-03-23T17:55:33.112;143;3,0
2026-03-23T17:55:34.066;143;2,9
2026-03-23T17:55:35.988;143;3,1
2026-03-23T17:55:37.429;144;3,0
2026-03-23T17:55:37.909;144;3,1
2026-03-23T17:55:39.332;144;3,1
2026-03-23T17:55:39.335;145;3,0
2026-03-23T17:55:40.309;146;3,0
2026-03-23T17:55:41.748;147;3,2
2026-03-23T17:55:42.227;148;3,2
2026-03-23T17:55:43.178;148;3,2
2026-03-23T17:55:44.629;149;3,1
2026-03-23T17:55:45.589;150;1,8
2026-03-23T17:55:46.070;151;2,0
2026-03-23T17:55:47.509;151;1,9
2026-03-23T17:55:49.910;152;1,9
2026-03-23T17:55:49.913;152;1,9
2026-03-23T17:55:50.373;153;1,8
2026-03-23T17:55:51.348;153;1,8
2026-03-23T17:55:52.788;153;1,8
2026-03-23T17:55:54.212;154;1,4
2026-03-23T17:55:54.215;155;1,5
2026-03-23T17:55:55.190;154;1,5
2026-03-23T17:55:56.133;155;1,5
2026-03-23T17:55:57.093;155;1,3
2026-03-23T17:55:58.051;155;1,0
2026-03-23T17:55:59.491;155;0,8
2026-03-23T17:56:00.469;155;0,9
2026-03-23T17:56:01.429;155;0,9
2026-03-23T17:56:02.390;156;0,9
2026-03-23T17:56:03.814;156;0,9
2026-03-23T17:56:04.309;156;0,9
2026-03-23T17:56:05.253;156;0,8
2026-03-23T17:56:07.170;156;0,8
2026-03-23T17:56:07.173;156;0,9
2026-03-23T17:56:08.630;156;0,9
2026-03-23T17:56:10.550;157;1,1
2026-03-23T17:56:10.554;157;1,0
2026-03-23T17:56:11.989;157;1,0
2026-03-23T17:56:12.934;157;0,9
2026-03-23T17:56:13.429;158;1,1
2026-03-23T17:56:14.389;159;1,1
2026-03-23T17:56:15.831;159;1,2
2026-03-23T17:56:16.308;159;1,2
2026-03-23T17:56:18.230;159;1,2
2026-03-23T17:56:18.698;160;1,2
2026-03-23T17:56:19.188;160;1,2
2026-03-23T17:56:20.148;160;1,2
2026-03-23T17:56:21.585;160;1,6
2026-03-23T17:56:23.508;160;1,6
2026-03-23T17:56:23.971;160;1,9
2026-03-23T17:56:24.950;160;2,1
2026-03-23T17:56:25.430;159;2,1
2026-03-23T17:56:26.387;159;2,1
2026-03-23T17:56:27.814;159;2,1
2026-03-23T17:56:28.308;159;2,0
2026-03-23T17:56:29.270;160;1,9
2026-03-23T17:56:30.230;159;1,9
2026-03-23T17:56:31.190;159;2,0
2026-03-23T17:56:32.631;159;1,9
2026-03-23T17:56:33.109;159;1,6
2026-03-23T17:56:34.068;159;1,5
2026-03-23T17:56:36.472;158;1,2
2026-03-23T17:56:36.476;158;1,3
2026-03-23T17:56:37.429;159;1,3
2026-03-23T17:56:38.869;159;1,3
2026-03-23T17:56:39.349;159;1,3
2026-03-23T17:56:40.309;159;1,3
2026-03-23T17:56:42.230;159;1,3
2026-03-23T17:56:42.233;160;1,3
2026-03-23T17:56:43.190;160;1,4
2026-03-23T17:56:44.150;160;1,5
2026-03-23T17:56:45.110;160;1,3
2026-03-23T17:56:46.539;160;1,2
2026-03-23T17:56:47.989;160;1,1
2026-03-23T17:56:48.949;160;1,4
2026-03-23T17:56:49.430;160;1,3
2026-03-23T17:56:50.390;161;1,3
2026-03-23T17:56:51.350;160;1,3
2026-03-23T17:56:52.307;161;1,3
2026-03-23T17:56:53.272;160;1,4
2026-03-23T17:56:54.217;160;1,3
2026-03-23T17:56:55.192;160;1,2
2026-03-23T17:56:56.150;160;1,2
2026-03-23T17:56:58.070;160;1,5
2026-03-23T17:56:58.073;160;1,6
2026-03-23T17:56:59.990;160;1,3
2026-03-23T17:57:00.470;160;1,4
2026-03-23T17:57:01.892;160;1,4
2026-03-23T17:57:03.350;160;1,4
2026-03-23T17:57:03.354;160;1,5
2026-03-23T17:57:04.310;160;1,5
2026-03-23T17:57:05.252;160;1,5
2026-03-23T17:57:08.151;160;1,5
2026-03-23T17:57:08.153;160;1,5
2026-03-23T17:57:08.156;160;1,3
2026-03-23T17:57:09.110;160;1,3
2026-03-23T17:57:10.070;161;1,3
2026-03-23T17:57:11.511;161;1,2
2026-03-23T17:57:12.452;161;1,3
2026-03-23T17:57:13.429;161;1,4
2026-03-23T17:57:14.377;161;1,5
2026-03-23T17:57:15.352;161;2,0
2026-03-23T17:57:18.229;161;2,0
2026-03-23T17:57:18.231;161;2,0
2026-03-23T17:57:18.233;161;2,0
2026-03-23T17:57:19.190;160;2,2
2026-03-23T17:57:20.631;160;2,1
2026-03-23T17:57:21.109;160;2,1
2026-03-23T17:57:23.491;160;2,1
2026-03-23T17:57:23.494;159;2,1
2026-03-23T17:57:24.469;159;2,1
2026-03-23T17:57:25.908;159;2,1
2026-03-23T17:57:26.390;159;2,0
2026-03-23T17:57:28.311;159;1,3
2026-03-23T17:57:28.314;159;1,3
2026-03-23T17:57:29.265;159;1,3
2026-03-23T17:57:30.229;159;0,9
2026-03-23T17:57:31.176;159;0,9
2026-03-23T17:57:32.150;159;0,9
2026-03-23T17:57:33.111;159;0,9
2026-03-23T17:57:34.071;158;0,8
2026-03-23T17:57:35.510;158;0,9
2026-03-23T17:57:36.949;158;0,9
2026-03-23T17:57:37.429;158;1,2
2026-03-23T17:57:38.391;158;1,3
2026-03-23T17:57:39.350;158;1,5
2026-03-23T17:57:41.272;158;1,6
2026-03-23T17:57:41.275;158;1,7
2026-03-23T17:57:43.670;159;1,8
2026-03-23T17:57:43.673;159;1,8
2026-03-23T17:57:44.133;159;1,8
2026-03-23T17:57:45.109;159;1,8
2026-03-23T17:57:46.055;159;1,8
2026-03-23T17:57:47.509;159;1,7
2026-03-23T17:57:49.431;159;1,5
2026-03-23T17:57:49.434;159;1,4
2026-03-23T17:57:50.391;159;1,2
2026-03-23T17:57:51.333;159;1,1
2026-03-23T17:57:54.709;159;0,9
2026-03-23T17:57:54.711;159;0,9
2026-03-23T17:57:54.714;159;1,0
2026-03-23T17:57:55.173;159;1,0
2026-03-23T17:57:56.150;159;0,9
2026-03-23T17:57:57.110;159;1,0
2026-03-23T17:57:58.070;158;1,1
2026-03-23T17:57:59.990;158;1,2
2026-03-23T17:58:00.470;158;1,3
2026-03-23T17:58:01.910;158;1,5
2026-03-23T17:58:02.853;158;1,5
2026-03-23T17:58:03.351;158;1,5
2026-03-23T17:58:04.778;157;1,5
2026-03-23T17:58:05.271;157;1,5
2026-03-23T17:58:06.231;158;1,6
2026-03-23T17:58:07.190;158;1,6
2026-03-23T17:58:08.145;158;1,6
2026-03-23T17:58:09.111;158;1,5
2026-03-23T17:58:10.069;157;1,4
2026-03-23T17:58:11.509;158;1,3
2026-03-23T17:58:12.457;157;1,1
2026-03-23T17:58:13.431;157;1,1
2026-03-23T17:58:14.871;157;1,0
2026-03-23T17:58:15.811;157;1,0
2026-03-23T17:58:16.311;156;1,0
2026-03-23T17:58:17.272;156;1,1
2026-03-23T17:58:18.231;155;1,1
2026-03-23T17:58:19.190;154;1,1
2026-03-23T17:58:20.150;154;1,1
2026-03-23T17:58:21.110;153;1,1
2026-03-23T17:58:23.030;151;1,5
2026-03-23T17:58:23.503;149;1,9
2026-03-23T17:58:24.469;147;2,0
2026-03-23T17:58:25.430;147;2,3
2026-03-23T17:58:26.391;146;2,5
2026-03-23T17:58:27.350;146;2,5
2026-03-23T17:58:28.790;146;2,5
2026-03-23T17:58:29.271;146;2,7
2026-03-23T17:58:30.708;145;2,7
2026-03-23T17:58:31.190;144;2,7
2026-03-23T17:58:32.150;143;2,7
2026-03-23T17:58:33.590;143;2,8
2026-03-23T17:58:34.070;142;2,5
2026-03-23T17:58:35.508;141;2,4
2026-03-23T17:58:36.472;140;2,4
2026-03-23T17:58:37.431;139;2,3
2026-03-23T17:58:38.390;137;2,2
2026-03-23T17:58:39.350;136;2,1
2026-03-23T17:58:40.310;135;2,2
2026-03-23T17:58:41.270;135;2,0
2026-03-23T17:58:42.230;134;1,9
2026-03-23T17:58:43.192;134;1,9
2026-03-23T17:58:44.150;134;2,0
2026-03-23T17:58:45.109;135;2,0
2026-03-23T17:58:46.070;135;1,9
2026-03-23T17:58:47.498;134;2,0
2026-03-23T17:58:48.473;134;1,8
2026-03-23T17:58:49.431;134;1,8
2026-03-23T17:58:50.390;134;1,6
2026-03-23T17:58:51.337;134;1,6
2026-03-23T17:58:52.310;132;4,0
2026-03-23T17:58:53.269;128;4,5
2026-03-23T17:58:54.231;126;4,6
2026-03-23T17:58:55.670;123;4,9
2026-03-23T17:58:56.148;120;5,1
2026-03-23T17:58:57.109;119;5,1
2026-03-23T17:58:58.069;119;5,2
2026-03-23T17:58:59.990;120;5,6
2026-03-23T17:59:00.458;123;6,0
2026-03-23T17:59:01.432;124;6,0
2026-03-23T17:59:02.376;126;6,1
2026-03-23T17:59:03.351;127;6,1
2026-03-23T17:59:04.308;128;6,3
2026-03-23T17:59:05.269;129;6,3
2026-03-23T17:59:06.231;131;4,7
2026-03-23T17:59:07.191;132;4,6
2026-03-23T17:59:08.151;133;4,6
2026-03-23T17:59:09.111;133;4,2
2026-03-23T17:59:10.071;133;4,2
2026-03-23T17:59:11.496;131;4,2
2026-03-23T17:59:12.471;129;3,8
2026-03-23T17:59:13.412;129;3,0
2026-03-23T17:59:14.390;129;2,9
2026-03-23T17:59:15.336;129;2,8
2026-03-23T17:59:18.232;128;3,2
2026-03-23T17:59:18.235;125;3,6
2026-03-23T17:59:18.237;123;4,2
2026-03-23T17:59:19.178;122;4,3
2026-03-23T17:59:20.151;121;4,2
2026-03-23T17:59:21.589;121;4,3
2026-03-23T17:59:22.063;122;4,3
2026-03-23T17:59:23.509;122;4,3
2026-03-23T17:59:24.464;122;4,2
2026-03-23T17:59:25.431;123;4,2
2026-03-23T17:59:26.373;123;3,9
2026-03-23T17:59:27.351;124;3,9
2026-03-23T17:59:28.299;124;3,9
2026-03-23T17:59:29.270;124;4,0
2026-03-23T17:59:30.215;123;4,0
2026-03-23T17:59:31.190;122;3,5
2026-03-23T17:59:32.150;122;2,2
2026-03-23T17:59:33.112;122;2,5
2026-03-23T17:59:35.031;122;2,5
2026-03-23T17:59:37.430;122;2,3
2026-03-23T17:59:37.433;122;2,3
2026-03-23T17:59:37.435;123;2,2
2026-03-23T17:59:38.386;123;2,2
2026-03-23T17:59:39.348;123;2,2
2026-03-23T17:59:40.311;123;2,3
2026-03-23T17:59:41.271;123;2,4
2026-03-23T17:59:42.230;123;2,4
2026-03-23T17:59:43.178;123;2,3
2026-03-23T17:59:44.151;123;2,2
2026-03-23T17:59:45.108;123;2,1
2026-03-23T17:59:46.071;123;2,0
2026-03-23T17:59:47.509;123;2,0
2026-03-23T17:59:48.470;122;1,9
2026-03-23T17:59:49.431;122;2,0
2026-03-23T17:59:50.391;121;2,0
2026-03-23T17:59:51.351;121;2,0
2026-03-23T17:59:52.294;122;2,0
2026-03-23T17:59:53.271;122;2,1
2026-03-23T17:59:54.217;122;1,9
2026-03-23T17:59:55.190;123;1,9
2026-03-23T17:59:57.111;123;2,0
2026-03-23T17:59:57.114;124;2,0
2026-03-23T17:59:58.071;124;2,0
2026-03-23T17:59:59.509;125;2,0
2026-03-23T18:00:00.466;126;2,0
2026-03-23T18:00:01.426;126;1,6
2026-03-23T18:00:03.329;125;1,6
2026-03-23T18:00:03.330;125;1,7
2026-03-23T18:00:04.311;124;1,7
2026-03-23T18:00:05.255;124;1,6
2026-03-23T18:00:06.213;123;1,6
2026-03-23T18:00:07.178;123;1,5
2026-03-23T18:00:08.151;124;1,5
2026-03-23T18:00:09.094;124;1,5
2026-03-23T18:00:10.067;125;1,3
2026-03-23T18:00:11.513;124;1,3
2026-03-23T18:00:12.472;124;1,3
2026-03-23T18:00:13.431;124;1,3
2026-03-23T18:00:14.392;124;1,3
2026-03-23T18:00:15.350;123;1,3
2026-03-23T18:00:16.296;123;1,1
2026-03-23T18:00:17.269;123;0,9
2026-03-23T18:00:18.213;123;0,8
2026-03-23T18:00:19.192;123;0,9
2026-03-23T18:00:20.151;123;0,9
2026-03-23T18:00:21.110;122;0,9
2026-03-23T18:00:22.058;122;0,9
2026-03-23T18:00:23.510;122;1,3
2026-03-23T18:00:24.469;123;1,3
2026-03-23T18:00:25.435;124;1,5
2026-03-23T18:00:26.390;124;1,6
2026-03-23T18:00:27.347;124;1,6
2026-03-23T18:00:28.312;123;1,7
2026-03-23T18:00:29.271;122;1,7
2026-03-23T18:00:30.231;122;1,7
2026-03-23T18:00:31.191;122;1,7
2026-03-23T18:00:32.151;122;1,8
2026-03-23T18:00:33.110;123;1,8
2026-03-23T18:00:35.015;123;1,8
2026-03-23T18:00:35.509;124;1,8
2026-03-23T18:00:37.430;124;1,8
2026-03-23T18:00:37.433;124;1,6
2026-03-23T18:00:38.391;124;1,7
2026-03-23T18:00:39.352;124;1,6
2026-03-23T18:00:40.311;123;2,0
2026-03-23T18:00:41.271;122;2,1
2026-03-23T18:00:42.231;121;1,9
2026-03-23T18:00:43.187;121;2,2
2026-03-23T18:00:44.147;122;2,3
2026-03-23T18:00:45.106;123;2,4
2026-03-23T18:00:46.066;123;2,4
2026-03-23T18:00:47.509;123;2,4
2026-03-23T18:00:48.470;123;2,3
2026-03-23T18:00:49.429;123;2,3
2026-03-23T18:00:50.391;123;2,3
2026-03-23T18:00:51.350;124;2,3
2026-03-23T18:00:52.788;124;2,3
2026-03-23T18:00:53.269;123;2,3
2026-03-23T18:00:54.232;123;1,9
2026-03-23T18:00:55.191;123;1,7
2026-03-23T18:00:56.150;123;1,7
2026-03-23T18:00:57.581;123;1,5
2026-03-23T18:00:58.069;122;1,1
2026-03-23T18:00:59.499;122;1,1
2026-03-23T18:01:00.471;122;1,1
2026-03-23T18:01:01.430;121;1,1
2026-03-23T18:01:03.351;121;1,2
2026-03-23T18:01:04.312;121;1,6
2026-03-23T18:01:04.315;122;1,5
2026-03-23T18:01:05.269;122;1,6
2026-03-23T18:01:06.232;121;2,5
2026-03-23T18:01:07.192;117;4,5
2026-03-23T18:01:08.151;116;4,4
2026-03-23T18:01:09.111;115;4,4
2026-03-23T18:01:10.071;115;4,6
2026-03-23T18:01:11.512;115;4,7
2026-03-23T18:01:12.470;116;4,8
2026-03-23T18:01:13.431;118;5,1
2026-03-23T18:01:14.861;120;5,0
2026-03-23T18:01:15.351;120;5,0
2026-03-23T18:01:16.311;121;5,0
2026-03-23T18:01:17.267;121;5,0
2026-03-23T18:01:18.230;121;4,9
2026-03-23T18:01:19.192;121;5,1
2026-03-23T18:01:20.152;119;5,8
2026-03-23T18:01:22.072;117;5,4
2026-03-23T18:01:22.074;118;4,3
2026-03-23T18:01:23.514;118;4,4
2026-03-23T18:01:24.470;119;4,4
2026-03-23T18:01:25.431;119;4,3
2026-03-23T18:01:26.392;120;4,5
2026-03-23T18:01:27.340;122;4,1
2026-03-23T18:01:28.792;123;4,3
2026-03-23T18:01:29.269;123;4,3
2026-03-23T18:01:30.232;123;4,3
2026-03-23T18:01:31.190;123;4,3
2026-03-23T18:01:32.151;124;4,4
2026-03-23T18:01:34.072;124;4,1
2026-03-23T18:01:34.074;125;3,2
2026-03-23T18:01:35.991;125;3,2
2026-03-23T18:01:36.951;125;2,7
2026-03-23T18:01:37.898;125;2,6
2026-03-23T18:01:38.373;124;2,7
2026-03-23T18:01:40.297;123;2,6
2026-03-23T18:01:40.300;123;2,0
2026-03-23T18:01:41.272;122;2,0
2026-03-23T18:01:42.230;122;1,7
2026-03-23T18:01:43.192;122;1,5
2026-03-23T18:01:44.152;122;1,5
2026-03-23T18:01:45.114;122;1,5
2026-03-23T18:01:46.550;122;1,4
2026-03-23T18:01:47.511;122;1,3
2026-03-23T18:01:48.473;122;1,3
2026-03-23T18:01:49.418;122;1,3
2026-03-23T18:01:50.391;122;1,3
2026-03-23T18:01:51.333;121;1,2
2026-03-23T18:01:52.311;121;1,0
2026-03-23T18:01:53.256;120;1,6
2026-03-23T18:01:54.231;119;1,5
2026-03-23T18:01:55.192;119;1,7
2026-03-23T18:01:56.634;120;1,9
2026-03-23T18:01:57.591;121;2,0
2026-03-23T18:01:58.071;121;2,3
2026-03-23T18:01:59.510;122;2,4
2026-03-23T18:02:00.950;122;2,5
2026-03-23T18:02:01.431;122;2,5
2026-03-23T18:02:02.871;122;2,5
2026-03-23T18:02:04.312;122;2,5
2026-03-23T18:02:04.314;122;2,6
2026-03-23T18:02:05.272;122;2,6
2026-03-23T18:02:06.227;122;2,7
2026-03-23T18:02:07.192;122;2,3
2026-03-23T18:02:09.111;123;2,4
2026-03-23T18:02:09.114;123;2,4
2026-03-23T18:02:10.552;124;2,3
2026-03-23T18:02:11.516;124;2,1
2026-03-23T18:02:12.951;125;1,8
2026-03-23T18:02:13.416;125;1,7
2026-03-23T18:02:14.392;125;1,5
2026-03-23T18:02:15.333;125;1,4
2026-03-23T18:02:16.791;125;1,5
2026-03-23T18:02:17.272;124;1,5
2026-03-23T18:02:18.231;124;1,6
2026-03-23T18:02:19.172;123;1,8
2026-03-23T18:02:20.632;122;1,6
2026-03-23T18:02:21.112;122;1,6
2026-03-23T18:02:22.071;121;1,9
2026-03-23T18:02:23.991;119;2,2
2026-03-23T18:02:24.473;118;2,2
2026-03-23T18:02:25.430;118;2,3
2026-03-23T18:02:26.869;118;2,5
2026-03-23T18:02:27.831;118;2,5
2026-03-23T18:02:28.777;118;2,5
2026-03-23T18:02:29.272;118;2,5
2026-03-23T18:02:30.232;119;2,6
2026-03-23T18:02:31.192;119;2,8
2026-03-23T18:02:32.630;120;2,7
2026-03-23T18:02:33.108;122;3,3
2026-03-23T18:02:35.028;123;3,3
2026-03-23T18:02:35.513;124;3,4
2026-03-23T18:02:36.470;125;3,3
2026-03-23T18:02:37.437;126;3,1
2026-03-23T18:02:38.392;126;3,0
2026-03-23T18:02:39.352;125;3,0
2026-03-23T18:02:40.312;125;3,1
2026-03-23T18:02:41.273;124;3,4
2026-03-23T18:02:42.231;123;3,4
2026-03-23T18:02:44.153;121;3,5
2026-03-23T18:02:44.156;121;3,5
2026-03-23T18:02:45.574;120;3,2
2026-03-23T18:02:46.550;120;3,2
2026-03-23T18:02:47.992;120;2,7
2026-03-23T18:02:48.936;120;2,7
2026-03-23T18:02:49.913;121;2,6
2026-03-23T18:02:50.391;122;2,7
2026-03-23T18:02:51.352;123;2,7
2026-03-23T18:02:52.309;123;2,7
2026-03-23T18:02:53.272;123;2,7
2026-03-23T18:02:54.710;123;2,5
2026-03-23T18:02:55.191;123;1,9
2026-03-23T18:02:56.152;123;1,9
2026-03-23T18:02:57.112;124;1,8
2026-03-23T18:02:58.071;124;1,8
2026-03-23T18:03:00.471;124;1,8
2026-03-23T18:03:00.474;124;1,8
2026-03-23T18:03:01.897;124;1,5
2026-03-23T18:03:02.392;125;1,3
2026-03-23T18:03:03.352;125;1,3
2026-03-23T18:03:04.309;126;1,2
2026-03-23T18:03:05.272;126;1,1
2026-03-23T18:03:06.233;126;1,0
2026-03-23T18:03:07.195;127;1,0
2026-03-23T18:03:08.152;127;1,0
2026-03-23T18:03:09.112;127;1,0
2026-03-23T18:03:10.071;127;1,1
2026-03-23T18:03:11.513;127;1,1
2026-03-23T18:03:12.472;128;1,4
2026-03-23T18:03:13.432;129;1,3
2026-03-23T18:03:14.866;129;1,3
2026-03-23T18:03:15.352;130;1,3
2026-03-23T18:03:16.793;129;1,3
2026-03-23T18:03:17.272;129;1,4
2026-03-23T18:03:19.673;129;1,5
2026-03-23T18:03:19.677;128;1,5
2026-03-23T18:03:21.591;128;1,6
2026-03-23T18:03:22.072;129;1,6
2026-03-23T18:03:22.075;129;1,6
2026-03-23T18:03:24.472;129;1,5
2026-03-23T18:03:24.474;129;1,5
2026-03-23T18:03:25.436;130;1,7
2026-03-23T18:03:26.392;129;1,5
2026-03-23T18:03:27.351;129;1,5
2026-03-23T18:03:28.312;129;1,5
2026-03-23T18:03:29.273;129;1,5
2026-03-23T18:03:30.232;128;1,4
2026-03-23T18:03:31.188;129;1,4
2026-03-23T18:03:32.154;128;1,2
2026-03-23T18:03:34.072;129;1,4
2026-03-23T18:03:34.074;129;1,4
2026-03-23T18:03:35.498;129;1,7
2026-03-23T18:03:36.472;130;1,8
2026-03-23T18:03:37.419;130;1,7
2026-03-23T18:03:38.394;131;2,2
2026-03-23T18:03:39.353;131;2,2
2026-03-23T18:03:40.312;131;2,2
2026-03-23T18:03:41.261;131;2,2
2026-03-23T18:03:42.233;131;2,2
2026-03-23T18:03:43.192;130;2,2
2026-03-23T18:03:44.153;130;2,4
2026-03-23T18:03:45.102;130;2,4
2026-03-23T18:03:46.072;129;2,3
2026-03-23T18:03:47.976;129;2,3
2026-03-23T18:03:48.458;129;2,0
2026-03-23T18:03:49.432;128;2,1
2026-03-23T18:03:50.393;128;2,2
2026-03-23T18:03:51.353;128;1,8
2026-03-23T18:03:52.312;128;1,6
2026-03-23T18:03:54.711;127;1,7
2026-03-23T18:03:54.713;128;1,7
2026-03-23T18:03:55.191;127;1,6
2026-03-23T18:03:56.152;127;1,6
2026-03-23T18:03:57.113;128;1,6
2026-03-23T18:03:58.072;127;1,3
2026-03-23T18:03:59.516;128;1,3
2026-03-23T18:04:00.475;128;1,6
2026-03-23T18:04:01.415;128;1,5
2026-03-23T18:04:03.335;129;1,4
2026-03-23T18:04:03.832;129;1,4
2026-03-23T18:04:04.792;129;1,2
2026-03-23T18:04:05.282;129;1,3
2026-03-23T18:04:06.233;128;1,2
2026-03-23T18:04:07.188;128;1,1
2026-03-23T18:04:08.153;128;1,1
2026-03-23T18:04:09.111;128;1,1
2026-03-23T18:04:10.073;128;1,1
2026-03-23T18:04:11.511;128;1,1
2026-03-23T18:04:12.471;127;1,1
2026-03-23T18:04:13.432;127;1,4
2026-03-23T18:04:14.396;125;1,5
2026-03-23T18:04:15.353;125;1,5
2026-03-23T18:04:16.313;124;1,5
2026-03-23T18:04:17.272;124;1,6
2026-03-23T18:04:18.711;123;1,8
2026-03-23T18:04:19.191;120;3,3
2026-03-23T18:04:21.113;118;3,7
2026-03-23T18:04:21.116;116;3,8
2026-03-23T18:04:22.072;115;3,8
2026-03-23T18:04:23.991;114;3,8
2026-03-23T18:04:25.414;114;3,8
2026-03-23T18:04:25.910;114;3,8
2026-03-23T18:04:28.310;114;3,8
2026-03-23T18:04:28.312;114;3,8
2026-03-23T18:04:28.313;114;3,7
2026-03-23T18:04:32.154;114;3,7
2026-03-23T18:04:32.157;114;3,7
2026-03-23T18:04:32.159;113;3,7
2026-03-23T18:04:32.160;114;3,6
2026-03-23T18:04:33.102;114;3,8
2026-03-23T18:04:34.072;115;2,6
2026-03-23T18:04:35.993;116;2,0
2026-03-23T18:04:36.471;117;1,9
2026-03-23T18:04:37.913;116;3,1
2026-03-23T18:04:39.833;113;5,1
2026-03-23T18:04:39.835;110;7,9
2026-03-23T18:04:40.295;106;8,4
2026-03-23T18:04:41.273;104;8,4
2026-03-23T18:04:42.711;105;9,7
2026-03-23T18:04:43.672;105;9,7
2026-03-23T18:04:44.153;106;9,7
2026-03-23T18:04:45.593;106;9,7
2026-03-23T18:04:46.553;108;9,7
2026-03-23T18:04:47.983;109;9,8
2026-03-23T18:04:48.953;110;10,0
2026-03-23T18:04:49.433;111;10,0
2026-03-23T18:04:50.393;113;9,9
2026-03-23T18:04:51.353;113;9,9
2026-03-23T18:04:53.272;113;9,9
2026-03-23T18:04:53.275;114;10,0
2026-03-23T18:04:54.711;113;9,4
2026-03-23T18:04:56.635;113;6,4
2026-03-23T18:04:56.638;113;5,7
2026-03-23T18:04:57.103;114;6,0
2026-03-23T18:04:59.512;115;3,7
2026-03-23T18:04:59.515;116;3,6
2026-03-23T18:05:01.913;116;3,5
2026-03-23T18:05:03.353;115;3,7
2026-03-23T18:05:03.355;114;3,4
2026-03-23T18:05:03.357;114;3,2
2026-03-23T18:05:04.313;114;2,8
2026-03-23T18:05:05.752;115;2,8
2026-03-23T18:05:06.217;115;2,8
2026-03-23T18:05:08.153;116;2,7
2026-03-23T18:05:08.156;116;2,7
2026-03-23T18:05:09.113;116;2,5
2026-03-23T18:05:10.057;116;2,5
2026-03-23T18:05:11.513;117;2,5
2026-03-23T18:05:13.913;117;1,9
2026-03-23T18:05:13.916;118;2,3
2026-03-23T18:05:15.354;119;2,5
2026-03-23T18:05:15.356;121;2,6
2026-03-23T18:05:18.234;122;2,2
2026-03-23T18:05:18.238;122;2,2
2026-03-23T18:05:18.241;122;2,2
2026-03-23T18:05:19.194;122;2,2
2026-03-23T18:05:22.074;122;2,0
2026-03-23T18:05:22.078;122;2,0
2026-03-23T18:05:22.081;123;2,1
2026-03-23T18:05:23.993;123;2,1
2026-03-23T18:05:27.354;123;2,1
2026-03-23T18:05:27.356;123;2,1
2026-03-23T18:05:27.359;123;2,1
2026-03-23T18:05:27.361;124;1,4
2026-03-23T18:05:30.701;124;1,2
2026-03-23T18:05:30.703;124;1,0
2026-03-23T18:05:30.705;124;1,1
2026-03-23T18:05:31.671;125;1,1
2026-03-23T18:05:32.152;125;1,1
2026-03-23T18:05:33.114;126;1,3
2026-03-23T18:05:34.552;126;1,2
2026-03-23T18:05:35.993;127;1,2
2026-03-23T18:05:36.462;127;1,2
2026-03-23T18:05:37.897;127;1,2
2026-03-23T18:05:38.393;127;1,2
2026-03-23T18:05:39.817;127;1,1
2026-03-23T18:05:40.313;127;1,1
2026-03-23T18:05:41.275;128;1,2
2026-03-23T18:05:42.234;128;1,2
2026-03-23T18:05:43.174;129;1,3
2026-03-23T18:05:44.153;129;1,1
2026-03-23T18:05:46.073;129;1,1
2026-03-23T18:05:47.984;129;1,1
2026-03-23T18:05:48.939;129;1,2
2026-03-23T18:05:48.942;129;1,2
2026-03-23T18:05:49.432;128;1,3
2026-03-23T18:05:50.873;128;1,3
2026-03-23T18:05:51.353;128;1,4
2026-03-23T18:05:52.794;128;1,6
2026-03-23T18:05:54.713;128;2,0
2026-03-23T18:05:54.716;128;1,9
2026-03-23T18:05:55.192;129;1,9
2026-03-23T18:05:56.622;129;2,0
2026-03-23T18:05:58.074;130;2,0
2026-03-23T18:05:58.076;130;2,0
2026-03-23T18:06:00.954;130;2,0
2026-03-23T18:06:00.957;131;1,9
2026-03-23T18:06:01.433;131;1,9
2026-03-23T18:06:02.873;131;1,9
2026-03-23T18:06:03.833;131;1,9
2026-03-23T18:06:04.312;131;1,8
2026-03-23T18:06:06.233;131;1,7
2026-03-23T18:06:06.237;131;1,2
2026-03-23T18:06:08.153;131;1,1
2026-03-23T18:06:08.156;131;1,1
2026-03-23T18:06:09.581;131;0,9
2026-03-23T18:06:10.074;131;1,1
2026-03-23T18:06:11.993;130;1,2
2026-03-23T18:06:12.474;129;1,2
2026-03-23T18:06:13.423;129;1,2
2026-03-23T18:06:14.394;129;1,2
2026-03-23T18:06:16.779;129;1,2
2026-03-23T18:06:16.782;129;1,3
2026-03-23T18:06:17.273;129;1,5
2026-03-23T18:06:18.222;129;1,5
2026-03-23T18:06:19.193;129;1,5
2026-03-23T18:06:20.154;129;1,5
2026-03-23T18:06:21.593;129;1,7
2026-03-23T18:06:22.058;128;2,0
2026-03-23T18:06:24.474;126;2,4
2026-03-23T18:06:24.476;124;3,5
2026-03-23T18:06:25.434;121;3,9
2026-03-23T18:06:27.832;119;3,9
2026-03-23T18:06:27.835;118;3,9
2026-03-23T18:06:28.312;118;4,0
2026-03-23T18:06:29.275;118;4,1
2026-03-23T18:06:30.235;119;4,2
2026-03-23T18:06:31.194;119;4,1
2026-03-23T18:06:33.100;120;4,3
2026-03-23T18:06:33.104;121;4,2
2026-03-23T18:06:34.070;121;4,2
2026-03-23T18:06:35.510;121;4,3
2026-03-23T18:06:37.911;121;4,2
2026-03-23T18:06:37.912;121;4,1
2026-03-23T18:06:38.389;120;3,7
2026-03-23T18:06:39.349;120;2,9
2026-03-23T18:06:41.274;119;2,4
2026-03-23T18:06:41.276;119;2,4
2026-03-23T18:06:44.155;120;2,4
2026-03-23T18:06:44.618;120;2,1
2026-03-23T18:06:44.622;121;2,0
2026-03-23T18:06:45.594;121;2,1
2026-03-23T18:06:46.072;121;1,9
2026-03-23T18:06:47.514;121;2,1
2026-03-23T18:06:48.474;120;2,2
2026-03-23T18:06:49.432;119;2,3
2026-03-23T18:06:51.835;118;2,2
2026-03-23T18:06:52.794;118;2,4
2026-03-23T18:06:54.216;119;2,3
2026-03-23T18:06:54.220;119;2,3
2026-03-23T18:06:54.222;120;2,2
2026-03-23T18:06:55.671;120;2,2
2026-03-23T18:06:56.153;120;2,3
2026-03-23T18:06:57.593;120;2,4
2026-03-23T18:06:58.554;119;2,4
2026-03-23T18:06:59.514;119;2,3
2026-03-23T18:07:00.476;119;2,2
2026-03-23T18:07:01.908;119;2,2
2026-03-23T18:07:02.388;119;2,0
2026-03-23T18:07:04.315;119;1,9
2026-03-23T18:07:04.318;119;1,7
2026-03-23T18:07:05.753;119;1,8
2026-03-23T18:07:06.232;119;1,5
2026-03-23T18:07:07.671;119;1,5
2026-03-23T18:07:09.114;119;1,3
2026-03-23T18:07:09.594;119;1,3
2026-03-23T18:07:10.535;119;1,1
2026-03-23T18:07:11.514;119;1,0
2026-03-23T18:07:12.473;119;1,0
2026-03-23T18:07:13.436;119;1,0
2026-03-23T18:07:14.874;119;1,1
2026-03-23T18:07:16.794;120;1,5
2026-03-23T18:07:16.796;120;1,5
2026-03-23T18:07:17.274;120;1,4
2026-03-23T18:07:18.233;120;1,5
2026-03-23T18:07:20.136;120;2,0
2026-03-23T18:07:20.140;119;2,0
2026-03-23T18:07:21.593;119;2,0
2026-03-23T18:07:22.058;119;2,0
2026-03-23T18:07:23.995;119;2,0
2026-03-23T18:07:25.435;120;2,1
2026-03-23T18:07:25.437;120;2,3
2026-03-23T18:07:26.873;121;2,3
2026-03-23T18:07:27.820;121;2,4
2026-03-23T18:07:29.275;122;2,4
2026-03-23T18:07:29.280;122;2,3
2026-03-23T18:07:30.233;121;2,5
2026-03-23T18:07:31.191;120;2,6
2026-03-23T18:07:32.151;119;2,7
2026-03-23T18:07:33.579;119;2,6
2026-03-23T18:07:34.072;119;2,3
2026-03-23T18:07:35.514;119;2,5
2026-03-23T18:07:37.424;119;2,5
2026-03-23T18:07:37.427;119;2,5
2026-03-23T18:07:39.345;120;2,4
2026-03-23T18:07:39.348;120;2,2
2026-03-23T18:07:40.794;120;2,2
2026-03-23T18:07:41.273;121;2,3
2026-03-23T18:07:42.219;121;2,3
2026-03-23T18:07:45.096;121;2,3
2026-03-23T18:07:45.575;122;2,3
2026-03-23T18:07:45.578;122;1,7
2026-03-23T18:07:47.016;123;1,9
2026-03-23T18:07:47.497;124;1,8
2026-03-23T18:07:48.455;124;1,8
2026-03-23T18:07:49.417;124;1,5
2026-03-23T18:07:50.875;123;1,5
2026-03-23T18:07:51.354;123;1,6
2026-03-23T18:07:52.300;124;1,6
2026-03-23T18:07:53.736;124;1,6
2026-03-23T18:07:54.234;124;1,6
2026-03-23T18:07:55.177;124;1,5
2026-03-23T18:07:56.154;124;1,6
2026-03-23T18:07:58.075;124;1,6
2026-03-23T18:07:58.078;125;1,7
2026-03-23T18:07:59.501;125;1,6
2026-03-23T18:08:00.474;126;1,4
2026-03-23T18:08:01.416;126;1,4
2026-03-23T18:08:02.395;126;1,3
2026-03-23T18:08:03.344;126;1,3
2026-03-23T18:08:04.314;126;1,3
2026-03-23T18:08:06.235;126;1,4
2026-03-23T18:08:06.238;126;1,4
2026-03-23T18:08:07.194;126;1,3
2026-03-23T18:08:08.152;125;1,7
2026-03-23T18:08:09.594;125;1,6
2026-03-23T18:08:10.075;124;1,6
2026-03-23T18:08:11.515;124;1,7
2026-03-23T18:08:12.459;125;1,7
2026-03-23T18:08:13.915;126;1,7
2026-03-23T18:08:14.873;126;1,7
2026-03-23T18:08:16.794;127;1,7
2026-03-23T18:08:16.797;127;1,8
2026-03-23T18:08:18.235;127;1,8
2026-03-23T18:08:18.239;128;1,7
2026-03-23T18:08:19.195;128;1,6
2026-03-23T18:08:20.156;128;1,6
2026-03-23T18:08:21.115;128;1,4
2026-03-23T18:08:22.062;128;1,2
2026-03-23T18:08:23.498;128;1,2
2026-03-23T18:08:24.954;129;1,4
2026-03-23T18:08:25.435;129;1,1
2026-03-23T18:08:26.394;129;1,9
2026-03-23T18:08:28.316;127;1,9
2026-03-23T18:08:28.319;126;2,4
2026-03-23T18:08:29.256;124;2,4
2026-03-23T18:08:30.235;123;2,4
2026-03-23T18:08:31.674;123;2,4
2026-03-23T18:08:32.153;122;2,4
2026-03-23T18:08:33.104;122;2,5
2026-03-23T18:08:34.070;124;2,7
2026-03-23T18:08:35.515;124;3,1
2026-03-23T18:08:36.477;126;3,6
2026-03-23T18:08:37.911;127;3,6
2026-03-23T18:08:38.393;129;3,6
2026-03-23T18:08:39.834;129;3,7
2026-03-23T18:08:40.795;128;3,5
2026-03-23T18:08:41.272;127;3,6
2026-03-23T18:08:42.714;127;3,4
2026-03-23T18:08:43.193;126;3,2
2026-03-23T18:08:44.140;126;3,2
2026-03-23T18:08:45.115;126;3,2
2026-03-23T18:08:46.057;126;3,2
2026-03-23T18:08:47.517;127;3,3
2026-03-23T18:08:48.474;128;3,4
2026-03-23T18:08:50.388;129;2,8
2026-03-23T18:08:50.391;129;2,1
2026-03-23T18:08:52.316;129;2,1
2026-03-23T18:08:52.318;128;2,6
2026-03-23T18:08:54.219;126;3,3
2026-03-23T18:08:54.702;124;3,3
2026-03-23T18:08:57.581;123;3,0
2026-03-23T18:08:58.059;124;3,6
2026-03-23T18:08:58.062;124;3,6
2026-03-23T18:08:59.019;125;3,6
2026-03-23T18:08:59.994;125;3,6
2026-03-23T18:09:00.941;125;3,6
2026-03-23T18:09:01.436;126;3,5
2026-03-23T18:09:02.396;126;3,4
2026-03-23T18:09:03.356;126;3,5
2026-03-23T18:09:04.298;126;3,5
2026-03-23T18:09:05.275;125;3,5
2026-03-23T18:09:06.235;126;3,2
2026-03-23T18:09:07.196;127;2,6
2026-03-23T18:09:09.115;127;2,6
2026-03-23T18:09:09.118;127;2,6
2026-03-23T18:09:10.075;127;1,8
2026-03-23T18:09:11.514;127;1,7
2026-03-23T18:09:12.956;127;1,7
2026-03-23T18:09:13.436;127;1,7
2026-03-23T18:09:15.356;127;1,8
2026-03-23T18:09:15.359;128;1,8
2026-03-23T18:09:16.315;128;1,7
2026-03-23T18:09:18.235;128;1,7
2026-03-23T18:09:19.195;128;1,8
2026-03-23T18:09:19.672;128;1,7
2026-03-23T18:09:20.154;129;1,7
2026-03-23T18:09:21.113;129
2026-03-23T18:09:23.992;129;1,5
2026-03-23T18:09:23.993;129;1,3
2026-03-23T18:09:24.469;129;1,3
2026-03-23T18:09:25.431;129;2,2
2026-03-23T18:09:26.392;131;2,4
2026-03-23T18:09:28.314;132;2,4
2026-03-23T18:09:28.316;133;2,5
2026-03-23T18:09:29.276;135;2,5
2026-03-23T18:09:31.196;136;2,5
2026-03-23T18:09:31.198;137;2,4
2026-03-23T18:09:33.597;138;2,5
2026-03-23T18:09:33.600;139;2,6
2026-03-23T18:09:34.553;140;2,6
2026-03-23T18:09:35.515;141;2,6
2026-03-23T18:09:36.463;141;2,6
2026-03-23T18:09:38.875;141;1,9
2026-03-23T18:09:38.877;142;1,7
2026-03-23T18:09:39.352;142;1,6
2026-03-23T18:09:40.317;143;1,6
2026-03-23T18:09:42.234;144;1,5
2026-03-23T18:09:42.238;144;1,4
2026-03-23T18:09:43.196;144;1,4
2026-03-23T18:09:44.156;144;1,4
2026-03-23T18:09:45.116;145;1,0
2026-03-23T18:09:46.075;145;1,0
2026-03-23T18:09:47.997;144;1,1
2026-03-23T18:09:48.473;144;1,0
2026-03-23T18:09:49.916;144;1,0
2026-03-23T18:09:51.835;144;0,9
2026-03-23T18:09:56.156;144;1,0
2026-03-23T18:09:57.594;144;1,0
2026-03-23T18:09:57.597;145;1,0
2026-03-23T18:09:57.600;145;1,0
2026-03-23T18:09:57.602;145;0,9
2026-03-23T18:09:57.606;145;0,9
2026-03-23T18:09:57.607;145;0,9
2026-03-23T18:09:58.556;145;0,9
2026-03-23T18:09:59.519;145;0,9
2026-03-23T18:10:00.455;145;0,9
2026-03-23T18:10:01.915;145;0,8
2026-03-23T18:10:02.876;145;0,8
2026-03-23T18:10:03.356;144;0,7
2026-03-23T18:10:04.318;144;0,5
2026-03-23T18:10:05.276;144;0,5
2026-03-23T18:10:11.036;145;0,5
2026-03-23T18:10:15.347;145;0,7
2026-03-23T18:10:15.349;146;0,7
2026-03-23T18:10:15.351;147;0,7
2026-03-23T18:10:15.353;147;1,6
2026-03-23T18:10:15.357;148;2,3
2026-03-23T18:10:15.359;148;2,3
2026-03-23T18:10:15.362;149;2,4
2026-03-23T18:10:15.364;149;2,4
2026-03-23T18:10:15.366;150;2,4
2026-03-23T18:10:16.795;150;2,4
2026-03-23T18:10:17.262;150;2,4
2026-03-23T18:10:18.233;150;2,4
2026-03-23T18:10:21.586;150;2,4
2026-03-23T18:10:21.589;150;2,4
2026-03-23T18:10:21.592;149;2,4
2026-03-23T18:10:22.074;149;1,6
2026-03-23T18:10:23.516;149;1,1
2026-03-23T18:10:25.441;148;1,1
2026-03-23T18:10:25.445;148;1,0
2026-03-23T18:10:26.395;148;0,9
2026-03-23T18:10:28.305;147;1,1
2026-03-23T18:10:28.309;146;1,1
2026-03-23T18:10:29.276;146;1,1
2026-03-23T18:10:30.236;146;1,2
2026-03-23T18:10:31.674;146;1,2
2026-03-23T18:10:32.638;146;1,0
2026-03-23T18:10:33.116;145;1,0
2026-03-23T18:10:34.064;145;1,0
2026-03-23T18:10:35.996;144;1,1
2026-03-23T18:10:37.436;144;1,2
2026-03-23T18:10:37.438;143;1,2
2026-03-23T18:10:40.311;141;1,3
2026-03-23T18:10:41.262;140;1,7
2026-03-23T18:10:42.714;138;2,1
2026-03-23T18:10:44.631;136;2,3
2026-03-23T18:10:44.632;134;2,7
2026-03-23T18:10:44.633;131;2,8
2026-03-23T18:10:44.633;130;2,9
2026-03-23T18:10:45.591;128;2,9
2026-03-23T18:10:47.031;128;3,1
2026-03-23T18:10:47.515;128;3,1
2026-03-23T18:10:48.476;128;3,1
2026-03-23T18:10:49.916;130;3,3
2026-03-23T18:10:52.780;132;3,3
2026-03-23T18:10:52.783;133;3,4
2026-03-23T18:10:52.785;134;3,2
2026-03-23T18:10:54.221;136;3,4
2026-03-23T18:10:54.225;137;3,1
2026-03-23T18:10:55.177;137;2,8
2026-03-23T18:10:57.578;138;2,6
2026-03-23T18:10:59.518;138;2,5
2026-03-23T18:10:59.521;139;2,6
2026-03-23T18:10:59.524;140;2,4
2026-03-23T18:11:01.435;140;2,4
2026-03-23T18:11:01.437;141;2,3
2026-03-23T18:11:03.358;142;2,1
2026-03-23T18:11:03.361;143;2,1
2026-03-23T18:11:04.317;143;2,0
2026-03-23T18:11:06.715;144;1,5
2026-03-23T18:11:06.717;145;1,5
2026-03-23T18:11:07.196;145;1,6
2026-03-23T18:11:08.154;146;1,7
2026-03-23T18:11:09.102;144;3,6
2026-03-23T18:11:10.077;140;3,7
2026-03-23T18:11:11.516;139;3,7
2026-03-23T18:11:12.476;137;3,7
2026-03-23T18:11:13.441;136;3,7
2026-03-23T18:11:14.877;136;3,6
2026-03-23T18:11:15.355;135;3,6
2026-03-23T18:11:16.796;136;3,6
2026-03-23T18:11:18.704;136;3,7
2026-03-23T18:11:18.707;137;3,7
2026-03-23T18:11:19.676;138;3,7
2026-03-23T18:11:20.156;139;3,6
2026-03-23T18:11:21.116;139;2,3
2026-03-23T18:11:22.076;139;1,4
2026-03-23T18:11:23.978;140;1,4
2026-03-23T18:11:24.475;140;1,2
2026-03-23T18:11:25.435;141;1,3
2026-03-23T18:11:28.797;141;1,3
2026-03-23T18:11:28.800;142;1,4
2026-03-23T18:11:28.802;142;1,4
