Phone timestamp;HR [bpm];HRV [ms];Breathing interval [rpm];
2026-03-23T10:56:01.712;90
2026-03-23T10:56:03.150;90
2026-03-23T10:56:04.112;90
2026-03-23T10:56:05.071;91;3,2
2026-03-23T10:56:06.030;90;2,9
2026-03-23T10:56:06.991;90;6,7
2026-03-23T10:56:07.951;89;6,5
2026-03-23T10:56:08.910;89;6,2
2026-03-23T10:56:10.833;88;6,2
2026-03-23T10:56:10.834;88;6,0
2026-03-23T10:56:11.791;87;5,8
2026-03-23T10:56:12.751;86;5,6
2026-03-23T10:56:13.711;87;8,6
2026-03-23T10:56:15.136;88;10,2
2026-03-23T10:56:16.097;89;10,4
2026-03-23T10:56:17.059;92;10,5
2026-03-23T10:56:18.032;93;10,3
2026-03-23T10:56:18.990;93;10,0
2026-03-23T10:56:19.953;93;9,7
2026-03-23T10:56:20.912;94;9,6
2026-03-23T10:56:21.872;94;9,6
2026-03-23T10:56:22.833;94;9,6
2026-03-23T10:56:23.794;96;10,0
2026-03-23T10:56:24.753;97;9,8
2026-03-23T10:56:25.713;99;9,6
2026-03-23T10:56:27.153;99;9,6
2026-03-23T10:56:28.112;100;9,5
2026-03-23T10:56:29.073;100;9,5
2026-03-23T10:56:30.033;99;9,9
2026-03-23T10:56:30.990;98;11,4
2026-03-23T10:56:31.953;93;11,5
2026-03-23T10:56:32.912;81;27,0
2026-03-23T10:56:33.915;79;26,5
2026-03-23T10:56:34.869;78;26,6
2026-03-23T10:56:35.833;77;26,4
2026-03-23T10:56:36.789;76;26,5
2026-03-23T10:56:37.752;78;31,0
2026-03-23T10:56:39.201;80;30,9
2026-03-23T10:56:40.156;82;31,0
2026-03-23T10:56:41.109;84;31,6
2026-03-23T10:56:42.081;85;31,6
2026-03-23T10:56:42.993;87;31,6
2026-03-23T10:56:44.911;86;31,6
2026-03-23T10:56:44.913;81;47,9
2026-03-23T10:56:45.901;79;47,9
2026-03-23T10:56:46.862;78;48,3
2026-03-23T10:56:48.792;79;49,9
2026-03-23T10:56:48.793;80;50,3
2026-03-23T10:56:49.711;81;50,3
2026-03-23T10:56:51.152;82;50,3
2026-03-23T10:56:52.154;82;50,0
2026-03-23T10:56:53.105;81;51,0
2026-03-23T10:56:54.061;80;49,5
2026-03-23T10:56:55.031;79;44,7
2026-03-23T10:56:55.987;79;45,5
2026-03-23T10:56:57.858;81;45,8
2026-03-23T10:56:57.859;81;45,8
2026-03-23T10:56:58.812;83;42,8
2026-03-23T10:56:59.789;83;42,8
2026-03-23T10:57:00.738;84;42,8
2026-03-23T10:57:01.698;85;42,4
2026-03-23T10:57:03.139;87;42,5
2026-03-23T10:57:04.102;89;42,6
2026-03-23T10:57:05.059;90;22,7
2026-03-23T10:57:06.034;92;22,7
2026-03-23T10:57:06.976;92;21,8
2026-03-23T10:57:07.936;92;21,6
2026-03-23T10:57:08.912;91;19,9
2026-03-23T10:57:09.874;89;19,5
2026-03-23T10:57:10.832;87;20,2
2026-03-23T10:57:11.793;85;21,4
2026-03-23T10:57:12.753;83;18,5
2026-03-23T10:57:13.711;82;17,9
2026-03-23T10:57:15.153;82;18,4
2026-03-23T10:57:16.100;82;17,1
2026-03-23T10:57:17.072;82;16,7
2026-03-23T10:57:18.032;82;16,0
2026-03-23T10:57:19.473;82;16,0
2026-03-23T10:57:19.952;82;16,0
2026-03-23T10:57:20.912;82;16,4
2026-03-23T10:57:21.860;82;16,4
2026-03-23T10:57:22.833;83;16,2
2026-03-23T10:57:23.789;83;15,9
2026-03-23T10:57:24.754;82;17,1
2026-03-23T10:57:25.699;81;17,2
2026-03-23T10:57:27.150;81;17,1
2026-03-23T10:57:28.111;81;17,2
2026-03-23T10:57:29.059;81;17,5
2026-03-23T10:57:30.035;81;15,7
2026-03-23T10:57:30.975;82;15,1
2026-03-23T10:57:31.954;83;14,2
2026-03-23T10:57:32.897;83;12,3
2026-03-23T10:57:33.873;85;12,4
2026-03-23T10:57:35.790;86;11,7
2026-03-23T10:57:35.790;87;10,7
2026-03-23T10:57:36.734;89;11,3
2026-03-23T10:57:37.699;90;11,2
2026-03-23T10:57:39.190;92;11,6
2026-03-23T10:57:40.183;95;11,2
2026-03-23T10:57:41.117;97;11,3
2026-03-23T10:57:42.070;98;11,3
2026-03-23T10:57:43.031;100;11,1
2026-03-23T10:57:44.958;102;8,8
2026-03-23T10:57:44.959;103;8,8
2026-03-23T10:57:45.915;106;8,4
2026-03-23T10:57:46.873;106;7,8
2026-03-23T10:57:47.838;108;7,0
2026-03-23T10:57:48.795;108;6,6
2026-03-23T10:57:49.750;108;6,3
2026-03-23T10:57:51.199;108;6,1
2026-03-23T10:57:52.150;108
2026-03-23T10:57:53.110;108;6,0
2026-03-23T10:57:54.071;108;4,9
2026-03-23T10:57:55.030;109;4,5
2026-03-23T10:57:56.432;110;4,4
2026-03-23T10:57:56.956;110;4,3
2026-03-23T10:57:57.918;109;4,5
2026-03-23T10:57:58.868;108;4,5
2026-03-23T10:57:59.829;107;4,2
2026-03-23T10:58:00.786;107;4,2
2026-03-23T10:58:01.752;106;4,1
2026-03-23T10:58:03.197;106;3,6
2026-03-23T10:58:04.154;106;3,6
2026-03-23T10:58:05.111;106;3,7
2026-03-23T10:58:06.070;107;3,7
2026-03-23T10:58:07.031;107;3,7
2026-03-23T10:58:07.989;108;3,9
2026-03-23T10:58:08.960;108;3,9
2026-03-23T10:58:09.914;108;3,8
2026-03-23T10:58:10.813;109;3,0
2026-03-23T10:58:11.819;109;3,0
2026-03-23T10:58:12.796;109;3,1
2026-03-23T10:58:13.750;110;2,3
2026-03-23T10:58:15.195;110;2,1
2026-03-23T10:58:16.149;110;2,1
2026-03-23T10:58:17.113;110;2,1
2026-03-23T10:58:18.074;109;2,6
2026-03-23T10:58:19.992;108;2,8
2026-03-23T10:58:19.993;107;2,7
2026-03-23T10:58:20.955;107;3,1
2026-03-23T10:58:22.871;107;2,9
2026-03-23T10:58:22.871;108;2,9
2026-03-23T10:58:23.825;108;2,8
2026-03-23T10:58:24.787;107;3,3
2026-03-23T10:58:25.750;106;3,9
2026-03-23T10:58:27.201;104;4,0
2026-03-23T10:58:28.148;103;4,0
2026-03-23T10:58:30.072;103;4,0
2026-03-23T10:58:30.073;103;3,9
2026-03-23T10:58:31.036;102;3,9
2026-03-23T10:58:31.994;102;3,9
2026-03-23T10:58:32.954;102;3,9
2026-03-23T10:58:33.918;103;3,8
2026-03-23T10:58:34.877;104;3,7
2026-03-23T10:58:35.830;104;3,9
2026-03-23T10:58:36.806;105;3,9
2026-03-23T10:58:37.749;106;4,3
2026-03-23T10:58:39.201;108;4,4
2026-03-23T10:58:40.154;109;4,4
2026-03-23T10:58:41.107;110;4,4
2026-03-23T10:58:42.106;111;3,7
2026-03-23T10:58:43.011;112;3,6
2026-03-23T10:58:44.950;113;3,7
2026-03-23T10:58:44.952;114;3,7
2026-03-23T10:58:45.910;115;3,8
2026-03-23T10:58:46.880;116;4,0
2026-03-23T10:58:47.830;117;4,0
2026-03-23T10:58:48.788;119;3,8
2026-03-23T10:58:49.752;120;3,9
2026-03-23T10:58:51.196;121;3,7
2026-03-23T10:58:52.161;122;2,9
2026-03-23T10:58:53.117;123;2,9
2026-03-23T10:58:54.084;123;2,9
2026-03-23T10:58:55.035;124;2,9
2026-03-23T10:58:55.989;125;2,6
2026-03-23T10:58:56.961;126;2,7
2026-03-23T10:58:57.908;127;2,7
2026-03-23T10:58:58.874;128;2,6
2026-03-23T10:59:00.754;129;2,6
2026-03-23T10:59:00.756;129;2,4
2026-03-23T10:59:01.753;131;2,3
2026-03-23T10:59:03.198;131;2,2
2026-03-23T10:59:04.151;132;2,2
2026-03-23T10:59:05.132;132;2,1
2026-03-23T10:59:06.065;133;2,1
2026-03-23T10:59:07.027;134;1,9
2026-03-23T10:59:08.002;134;2,0
2026-03-23T10:59:09.917;135;2,0
2026-03-23T10:59:09.918;135;1,9
2026-03-23T10:59:10.866;136;1,7
2026-03-23T10:59:11.830;135;1,8
2026-03-23T10:59:12.785;136;1,7
2026-03-23T10:59:13.758;135;1,6
2026-03-23T10:59:15.187;135;1,5
2026-03-23T10:59:16.156;134;1,6
2026-03-23T10:59:17.114;134;1,6
2026-03-23T10:59:18.073;133;1,5
2026-03-23T10:59:19.046;132;1,5
2026-03-23T10:59:20.001;132;1,5
2026-03-23T10:59:20.954;131;1,4
2026-03-23T10:59:21.908;130;1,4
2026-03-23T10:59:22.870;130;1,5
2026-03-23T10:59:23.834;129;1,6
2026-03-23T10:59:24.793;129;1,5
2026-03-23T10:59:25.755;128;1,5
2026-03-23T10:59:27.198;128;1,7
2026-03-23T10:59:28.156;127;1,7
2026-03-23T10:59:29.591;127;1,7
2026-03-23T10:59:30.034;127;1,7
2026-03-23T10:59:31.032;127;1,6
2026-03-23T10:59:31.987;126;1,6
2026-03-23T10:59:32.960;126;1,6
2026-03-23T10:59:33.915;126;1,6
2026-03-23T10:59:34.874;125;1,7
2026-03-23T10:59:35.796;124;1,9
2026-03-23T10:59:36.754;123;1,9
2026-03-23T10:59:37.760;123;1,8
2026-03-23T10:59:39.192;123;1,8
2026-03-23T10:59:40.157;123;1,9
2026-03-23T10:59:41.123;123;1,6
2026-03-23T10:59:42.072;123;1,6
2026-03-23T10:59:43.033;123;2,0
2026-03-23T10:59:44.948;121;2,3
2026-03-23T10:59:44.949;119;3,1
2026-03-23T10:59:45.907;117;3,3
2026-03-23T10:59:47.833;116;3,6
2026-03-23T10:59:47.834;115;3,6
2026-03-23T10:59:48.764;114;3,6
2026-03-23T10:59:49.759;115;3,7
2026-03-23T10:59:51.194;115;3,6
2026-03-23T10:59:52.152;115;3,6
2026-03-23T10:59:53.108;115;3,6
2026-03-23T10:59:55.032;115;3,6
2026-03-23T10:59:55.033;114;3,9
2026-03-23T10:59:55.994;113;4,2
2026-03-23T10:59:56.950;111;4,2
2026-03-23T10:59:57.914;111;4,0
2026-03-23T10:59:58.853;111;4,0
2026-03-23T10:59:59.830;110;3,9
2026-03-23T11:00:00.797;110;3,4
2026-03-23T11:00:01.760;110;3,8
2026-03-23T11:00:03.677;111;3,8
2026-03-23T11:00:05.114;111;3,9
2026-03-23T11:00:05.115;111;3,8
2026-03-23T11:00:06.076;112;3,7
2026-03-23T11:00:07.032;111;3,8
2026-03-23T11:00:07.997;110;4,0
2026-03-23T11:00:08.959;109;4,5
2026-03-23T11:00:09.918;108;4,5
2026-03-23T11:00:10.875;108;4,3
2026-03-23T11:00:11.836;108;4,3
2026-03-23T11:00:12.797;109;5,1
2026-03-23T11:00:13.761;111;5,2
2026-03-23T11:00:15.196;113;5,6
2026-03-23T11:00:16.152;115;5,6
2026-03-23T11:00:17.119;116;5,3
2026-03-23T11:00:18.068;118;5,4
2026-03-23T11:00:19.989;120;5,5
2026-03-23T11:00:19.990;122;5,5
2026-03-23T11:00:20.951;124;5,6
2026-03-23T11:00:21.907;126;5,5
2026-03-23T11:00:22.871;127;5,0
2026-03-23T11:00:23.825;128;5,1
2026-03-23T11:00:24.791;129;5,0
2026-03-23T11:00:25.748;130;4,7
2026-03-23T11:00:27.201;131;3,8
2026-03-23T11:00:28.156;132;3,0
2026-03-23T11:00:29.104;132;3,0
2026-03-23T11:00:30.070;133;2,4
2026-03-23T11:00:30.991;134;2,3
2026-03-23T11:00:31.996;134;2,1
2026-03-23T11:00:32.950;135;1,9
2026-03-23T11:00:34.867;136;1,6
2026-03-23T11:00:34.868;136;1,5
2026-03-23T11:00:35.835;137;1,5
2026-03-23T11:00:36.789;138;1,4
2026-03-23T11:00:37.757;138;1,4
2026-03-23T11:00:38.708;139;1,2
2026-03-23T11:00:40.113;140;1,6
2026-03-23T11:00:41.074;140;1,6
2026-03-23T11:00:42.064;141;1,6
2026-03-23T11:00:43.024;141;1,6
2026-03-23T11:00:44.945;142;1,7
2026-03-23T11:00:44.946;142;1,7
2026-03-23T11:00:45.905;142;1,7
2026-03-23T11:00:46.873;142;1,7
2026-03-23T11:00:47.777;142;1,7
2026-03-23T11:00:48.738;142;1,7
2026-03-23T11:00:49.698;142;1,7
2026-03-23T11:00:51.185;141;1,7
2026-03-23T11:00:52.146;141;1,7
2026-03-23T11:00:53.110;140;1,3
2026-03-23T11:00:54.065;139;1,4
2026-03-23T11:00:55.030;138;1,5
2026-03-23T11:00:55.996;138;1,2
2026-03-23T11:00:56.959;137;1,2
2026-03-23T11:00:57.917;137;1,3
2026-03-23T11:00:58.871;136;1,4
2026-03-23T11:00:59.833;137;1,5
2026-03-23T11:01:00.742;136;1,4
2026-03-23T11:01:01.757;137;1,4
2026-03-23T11:01:03.195;137;1,5
2026-03-23T11:01:04.156;137;1,5
2026-03-23T11:01:05.118;137;1,5
2026-03-23T11:01:06.073;137;1,4
2026-03-23T11:01:07.032;137;1,3
2026-03-23T11:01:07.937;137;1,4
2026-03-23T11:01:08.898;137;1,4
2026-03-23T11:01:09.857;137;1,4
2026-03-23T11:01:10.817;137;1,4
2026-03-23T11:01:12.791;136;1,2
2026-03-23T11:01:14.230;136;1,2
2026-03-23T11:01:14.675;135;1,2
2026-03-23T11:01:15.197;135;1,2
2026-03-23T11:01:16.149;134;1,2
2026-03-23T11:01:17.064;134;1,1
2026-03-23T11:01:18.069;133;1,4
2026-03-23T11:01:19.953;132;1,5
2026-03-23T11:01:19.955;131;1,6
2026-03-23T11:01:21.913;130;1,6
2026-03-23T11:01:21.914;129;1,6
2026-03-23T11:01:23.310;128;1,6
2026-03-23T11:01:23.792;128;2,0
2026-03-23T11:01:24.829;127;2,2
2026-03-23T11:01:25.725;126;2,2
2026-03-23T11:01:26.675;124;2,3
2026-03-23T11:01:28.158;123;4,7
2026-03-23T11:01:29.121;122;10,1
2026-03-23T11:01:30.078;120;47,9
2026-03-23T11:01:31.031;119;51,6
2026-03-23T11:01:31.992;118;52,6
2026-03-23T11:01:32.957;117;55,1
2026-03-23T11:01:33.919;118;55,2
2026-03-23T11:01:34.874;118;55,2
2026-03-23T11:01:35.838;118;55,2
2026-03-23T11:01:36.795;118;55,2
2026-03-23T11:01:38.226;118;55,2
2026-03-23T11:01:38.674;117;55,2
2026-03-23T11:01:40.148;116;55,2
2026-03-23T11:01:41.075;116;55,2
2026-03-23T11:01:42.035;116;55,2
2026-03-23T11:01:43.031;115;55,2
2026-03-23T11:01:44.950;115;54,3
2026-03-23T11:01:44.951;114;27,6
2026-03-23T11:01:45.912;114;19,7
2026-03-23T11:01:46.870;114;18,3
2026-03-23T11:01:47.829;113;5,8
2026-03-23T11:01:48.794;111;4,2
2026-03-23T11:01:49.752;110;3,7
2026-03-23T11:01:50.717;110;3,8
2026-03-23T11:01:52.147;110;3,8
2026-03-23T11:01:53.103;109;3,8
2026-03-23T11:01:54.071;108;4,9
2026-03-23T11:01:55.030;106;8,9
2026-03-23T11:01:55.993;103;9,1
2026-03-23T11:01:56.952;100;9,2
2026-03-23T11:01:57.915;100;9,5
2026-03-23T11:01:59.827;101;9,5
2026-03-23T11:01:59.828;101;10,0
2026-03-23T11:02:00.790;103;10,2
2026-03-23T11:02:01.754;104;10,3
2026-03-23T11:02:02.706;105;10,3
2026-03-23T11:02:04.149;107;10,3
2026-03-23T11:02:05.105;108;10,3
2026-03-23T11:02:06.554;110;10,1
2026-03-23T11:02:07.030;111;10,2
2026-03-23T11:02:08.948;112;10,2
2026-03-23T11:02:08.948;114;10,2
2026-03-23T11:02:09.914;115;9,8
2026-03-23T11:02:10.875;117;6,1
2026-03-23T11:02:11.833;118;6,1
2026-03-23T11:02:13.758;118;6,1
2026-03-23T11:02:13.759;117;6,1
2026-03-23T11:02:14.718;116;6,5
2026-03-23T11:02:16.639;114;5,7
2026-03-23T11:02:17.113;114;5,1
2026-03-23T11:02:18.076;113;5,2
2026-03-23T11:02:19.515;113;5,2
2026-03-23T11:02:19.955;113;5,1
2026-03-23T11:02:20.953;113;5,0
2026-03-23T11:02:21.911;114;4,9
2026-03-23T11:02:22.878;115;5,0
2026-03-23T11:02:23.836;115;4,9
2026-03-23T11:02:24.795;116;4,7
2026-03-23T11:02:25.756;116;4,6
2026-03-23T11:02:26.726;116;4,5
2026-03-23T11:02:28.158;117;3,6
2026-03-23T11:02:29.119;117;3,7
2026-03-23T11:02:30.082;118;2,8
2026-03-23T11:02:31.040;118;2,8
2026-03-23T11:02:31.994;119;2,7
2026-03-23T11:02:32.951;119;2,8
2026-03-23T11:02:33.917;117;3,4
2026-03-23T11:02:34.879;115;3,8
2026-03-23T11:02:35.828;114;4,2
2026-03-23T11:02:36.791;113;4,3
2026-03-23T11:02:37.752;113;4,2
2026-03-23T11:02:38.712;113;4,2
2026-03-23T11:02:40.153;113;4,2
2026-03-23T11:02:41.119;113;4,2
2026-03-23T11:02:42.079;113;4,2
2026-03-23T11:02:43.030;113;4,2
2026-03-23T11:02:44.957;109;9,3
2026-03-23T11:02:44.958;105;9,3
2026-03-23T11:02:46.871;104;9,3
2026-03-23T11:02:46.872;104;9,3
2026-03-23T11:02:47.837;103;9,3
2026-03-23T11:02:48.797;104;9,3
2026-03-23T11:02:49.764;105;9,5
2026-03-23T11:02:50.724;105;9,3
2026-03-23T11:02:52.113;106;9,1
2026-03-23T11:02:53.109;107;9,1
2026-03-23T11:02:54.066;108;9,1
2026-03-23T11:02:55.027;109;9,2
2026-03-23T11:02:55.993;110;9,3
2026-03-23T11:02:56.946;111;9,3
2026-03-23T11:02:57.919;111;9,3
2026-03-23T11:02:58.872;112;9,3
2026-03-23T11:02:59.831;111;4,8
2026-03-23T11:03:00.795;110;4,8
2026-03-23T11:03:01.756;109;4,8
2026-03-23T11:03:02.714;110;4,9
2026-03-23T11:03:04.151;110;4,9
2026-03-23T11:03:05.110;111;3,9
2026-03-23T11:03:06.080;112;4,2
2026-03-23T11:03:07.041;113;4,2
2026-03-23T11:03:07.994;114;4,3
2026-03-23T11:03:08.954;116;4,4
2026-03-23T11:03:09.912;117;4,2
2026-03-23T11:03:10.884;117;4,2
2026-03-23T11:03:11.834;118;3,8
2026-03-23T11:03:13.752;119;3,9
2026-03-23T11:03:13.753;119;3,9
2026-03-23T11:03:14.712;120;3,9
2026-03-23T11:03:16.156;120;3,1
2026-03-23T11:03:17.116;121;3,0
2026-03-23T11:03:18.075;121;3,2
2026-03-23T11:03:19.997;122;3,0
2026-03-23T11:03:19.998;122;2,7
2026-03-23T11:03:20.954;122;2,2
2026-03-23T11:03:21.917;122;2,2
2026-03-23T11:03:22.879;122;2,1
2026-03-23T11:03:24.796;122;2,1
2026-03-23T11:03:24.797;121;2,2
2026-03-23T11:03:25.756;119;3,0
2026-03-23T11:03:26.712;118;3,0
2026-03-23T11:03:28.163;117;3,0
2026-03-23T11:03:29.114;117;3,0
2026-03-23T11:03:30.072;117;3,0
2026-03-23T11:03:31.026;117;3,0
2026-03-23T11:03:31.990;117;3,3
2026-03-23T11:03:32.951;118;3,2
2026-03-23T11:03:33.914;118;3,2
2026-03-23T11:03:34.878;117;3,2
2026-03-23T11:03:35.825;117;3,7
2026-03-23T11:03:36.791;116;3,7
2026-03-23T11:03:37.753;116;3,6
2026-03-23T11:03:38.713;116;3,8
2026-03-23T11:03:40.153;117;3,1
2026-03-23T11:03:41.596;117;3,1
2026-03-23T11:03:42.025;118;3,1
2026-03-23T11:03:43.037;118;3,0
2026-03-23T11:03:44.955;119;3,0
2026-03-23T11:03:44.955;119
2026-03-23T11:03:45.910;119;3,1
2026-03-23T11:03:46.874;119
2026-03-23T11:03:47.839;119;3,1
2026-03-23T11:03:48.798;119;3,1
2026-03-23T11:03:49.753;119
2026-03-23T11:03:50.713;119
2026-03-23T11:03:52.158;119;129,7
2026-03-23T11:03:53.117;120;130,2
2026-03-23T11:03:54.072;120
2026-03-23T11:03:55.037;119;188,1
2026-03-23T11:03:56.011;117;188,1
2026-03-23T11:03:56.953;117;188,1
2026-03-23T11:03:57.916;115;188,1
2026-03-23T11:03:59.364;114;188,1
2026-03-23T11:03:59.795;113;188,1
2026-03-23T11:04:00.796;112;188,1
2026-03-23T11:04:01.752;112;188,1
2026-03-23T11:04:02.718;112;188,1
2026-03-23T11:04:04.153;112;188,1
2026-03-23T11:04:05.109;112;188,1
2026-03-23T11:04:06.075;112;188,1
2026-03-23T11:04:07.032;110;188,1
2026-03-23T11:04:08.001;109;188,1
2026-03-23T11:04:08.900;108;188,1
2026-03-23T11:04:09.915;107;188,1
2026-03-23T11:04:11.834;107;136,3
2026-03-23T11:04:11.835;109;135,9
2026-03-23T11:04:13.751;109;6,6
2026-03-23T11:04:13.753;111;7,1
2026-03-23T11:04:14.717;112;7,2
2026-03-23T11:04:16.147;114;7,3
2026-03-23T11:04:17.109;115;7,2
2026-03-23T11:04:18.075;116;7,2
2026-03-23T11:04:19.037;116;7,2
2026-03-23T11:04:19.994;117;7,2
2026-03-23T11:04:20.957;118;7,1
2026-03-23T11:04:21.873;119;7,1
2026-03-23T11:04:22.877;119;6,7
2026-03-23T11:04:23.825;119;5,6
2026-03-23T11:04:24.799;119;5,4
2026-03-23T11:04:25.757;119;5,4
2026-03-23T11:04:26.719;118;5,4
2026-03-23T11:04:28.163;118;3,5
2026-03-23T11:04:29.115;118;3,4
2026-03-23T11:04:30.078;117;1,9
2026-03-23T11:04:30.993;118;1,9
2026-03-23T11:04:31.992;118;2,4
2026-03-23T11:04:32.950;119;2,4
2026-03-23T11:04:33.912;118;2,4
2026-03-23T11:04:34.873;119;2,4
2026-03-23T11:04:35.826;119;2,4
2026-03-23T11:04:36.799;120;2,4
2026-03-23T11:04:37.760;120;2,4
2026-03-23T11:04:38.704;120;2,5
2026-03-23T11:04:40.154;121;2,4
2026-03-23T11:04:41.112;121;2,4
2026-03-23T11:04:42.075;121;2,4
2026-03-23T11:04:43.033;120;2,4
2026-03-23T11:04:44.955;120;2,4
2026-03-23T11:04:44.956;120;2,4
2026-03-23T11:04:45.916;119;2,4
2026-03-23T11:04:46.872;119;1,8
2026-03-23T11:04:47.806;118;1,8
2026-03-23T11:04:48.797;117;1,9
2026-03-23T11:04:49.756;117;2,0
2026-03-23T11:04:50.717;116;1,9
2026-03-23T11:04:52.165;115;2,0
2026-03-23T11:04:53.119;115;2,0
2026-03-23T11:04:54.075;115;2,1
2026-03-23T11:04:55.035;115;2,1
2026-03-23T11:04:55.996;115;2,2
2026-03-23T11:04:56.957;115;2,2
2026-03-23T11:04:58.892;114;2,3
2026-03-23T11:04:58.893;113;2,6
2026-03-23T11:04:59.840;113;2,6
2026-03-23T11:05:00.798;113;2,5
2026-03-23T11:05:01.759;113;2,6
2026-03-23T11:05:02.712;113;2,4
2026-03-23T11:05:04.155;112;2,5
2026-03-23T11:05:05.117;111;3,0
2026-03-23T11:05:06.036;109;3,9
2026-03-23T11:05:06.993;109;3,9
2026-03-23T11:05:08.471;108;4,1
2026-03-23T11:05:08.952;108;4,0
2026-03-23T11:05:09.908;108;4,0
2026-03-23T11:05:10.872;109;4,2
2026-03-23T11:05:11.833;109;4,2
2026-03-23T11:05:13.750;110;4,3
2026-03-23T11:05:13.751;111;4,3
2026-03-23T11:05:14.708;112;4,3
2026-03-23T11:05:16.149;114;4,4
2026-03-23T11:05:17.152;115;4,4
2026-03-23T11:05:18.083;116;4,3
2026-03-23T11:05:19.034;117;4,4
2026-03-23T11:05:19.994;118;4,0
2026-03-23T11:05:20.953;119;3,7
2026-03-23T11:05:21.916;120;3,1
2026-03-23T11:05:22.878;120;2,9
2026-03-23T11:05:23.838;121;2,8
2026-03-23T11:05:24.789;121;2,8
2026-03-23T11:05:25.755;121;2,6
2026-03-23T11:05:26.714;121;2,5
2026-03-23T11:05:28.157;121;2,2
2026-03-23T11:05:29.125;121;1,8
2026-03-23T11:05:30.079;121;1,5
2026-03-23T11:05:31.033;121;1,5
2026-03-23T11:05:32.004;121;1,4
2026-03-23T11:05:32.959;121;1,1
2026-03-23T11:05:33.921;121;1,1
2026-03-23T11:05:34.880;121;1,1
2026-03-23T11:05:36.319;120;1,5
2026-03-23T11:05:36.795;120;1,6
2026-03-23T11:05:37.762;120;1,6
2026-03-23T11:05:39.200;120;1,5
2026-03-23T11:05:40.152;119;1,6
2026-03-23T11:05:41.594;119;1,6
2026-03-23T11:05:42.038;119;1,6
2026-03-23T11:05:43.034;119;1,7
2026-03-23T11:05:44.478;119;1,8
2026-03-23T11:05:44.917;119;1,8
2026-03-23T11:05:45.920;118;2,0
2026-03-23T11:05:46.873;118;2,0
2026-03-23T11:05:47.843;119;2,0
2026-03-23T11:05:48.799;119;2,0
2026-03-23T11:05:49.762;119;1,9
2026-03-23T11:05:50.717;119;1,6
2026-03-23T11:05:52.115;119;1,5
2026-03-23T11:05:53.115;119;1,9
2026-03-23T11:05:55.043;118;2,4
2026-03-23T11:05:55.043;118;2,4
2026-03-23T11:05:55.995;119;2,6
2026-03-23T11:05:56.957;119;2,6
2026-03-23T11:05:57.914;120;3,1
2026-03-23T11:05:58.872;120;3,0
2026-03-23T11:05:59.835;120;3,2
2026-03-23T11:06:00.797;119;3,3
2026-03-23T11:06:01.757;117;3,5
2026-03-23T11:06:02.716;116;3,5
2026-03-23T11:06:04.160;116;3,5
2026-03-23T11:06:05.115;115;3,5
2026-03-23T11:06:06.022;115;3,5
2026-03-23T11:06:07.034;114;3,7
2026-03-23T11:06:07.993;114;3,5
2026-03-23T11:06:08.953;114;3,2
2026-03-23T11:06:09.918;115;3,2
2026-03-23T11:06:10.870;115;3,1
2026-03-23T11:06:11.841;115;3,2
2026-03-23T11:06:12.797;114;3,3
2026-03-23T11:06:13.744;113;3,6
2026-03-23T11:06:15.194;112;3,6
2026-03-23T11:06:16.152;111;3,5
2026-03-23T11:06:17.111;111;3,4
2026-03-23T11:06:18.078;112;3,4
2026-03-23T11:06:19.035;112;3,3
2026-03-23T11:06:19.996;112;3,4
2026-03-23T11:06:20.962;112;3,4
2026-03-23T11:06:21.915;110;5,0
2026-03-23T11:06:22.875;108;5,1
2026-03-23T11:06:23.839;107;5,1
2026-03-23T11:06:24.798;105;5,1
2026-03-23T11:06:25.754;105;5,2
2026-03-23T11:06:26.715;105;5,1
2026-03-23T11:06:28.152;106;5,1
2026-03-23T11:06:29.126;106
2026-03-23T11:06:30.076;106;5,2
2026-03-23T11:06:31.035;106;5,2
2026-03-23T11:06:31.996;106;41,0
2026-03-23T11:06:32.954;106;41,6
2026-03-23T11:06:33.922;105;41,6
2026-03-23T11:06:34.819;104;45,3
2026-03-23T11:06:35.840;101;46,5
2026-03-23T11:06:36.798;100;47,0
2026-03-23T11:06:37.753;101;47,2
2026-03-23T11:06:38.712;103;47,4
2026-03-23T11:06:40.151;105;47,5
2026-03-23T11:06:41.116;107;47,4
2026-03-23T11:06:42.104;108;47,4
2026-03-23T11:06:43.063;109;47,4
2026-03-23T11:06:44.954;111;47,4
2026-03-23T11:06:44.955;113;47,4
2026-03-23T11:06:45.899;114;47,4
2026-03-23T11:06:46.883;116;47,4
2026-03-23T11:06:47.845;118;24,4
2026-03-23T11:06:48.802;120;23,2
2026-03-23T11:06:49.757;121;14,6
2026-03-23T11:06:51.674;123;10,2
2026-03-23T11:06:52.115;123
2026-03-23T11:06:53.123;124;7,7
2026-03-23T11:06:54.036;125;6,7
2026-03-23T11:06:55.034;126;3,6
2026-03-23T11:06:55.993;126;3,8
2026-03-23T11:06:56.959;128;3,7
2026-03-23T11:06:57.917;129;3,6
2026-03-23T11:06:58.875;129;3,5
2026-03-23T11:06:59.840;129;3,3
2026-03-23T11:07:00.789;129;3,2
2026-03-23T11:07:01.759;129;5,1
2026-03-23T11:07:02.716;128;17,1
2026-03-23T11:07:04.633;128;21,3
2026-03-23T11:07:05.082;127;21,4
2026-03-23T11:07:06.074;124;21,3
2026-03-23T11:07:07.034;122;21,3
2026-03-23T11:07:07.996;121;21,3
2026-03-23T11:07:08.955;120;21,3
2026-03-23T11:07:10.877;120;21,3
2026-03-23T11:07:10.877;120;21,3
2026-03-23T11:07:11.835;120;21,3
2026-03-23T11:07:12.798;119;21,3
2026-03-23T11:07:13.759;119;21,3
2026-03-23T11:07:14.716;118;21,3
2026-03-23T11:07:16.160;118;21,3
2026-03-23T11:07:17.125;118;20,9
2026-03-23T11:07:18.078;118;13,0
2026-03-23T11:07:20.001;118;1,6
2026-03-23T11:07:20.001;119;2,3
2026-03-23T11:07:20.962;119;2,3
2026-03-23T11:07:21.916;119;2,3
2026-03-23T11:07:22.875;119;2,5
2026-03-23T11:07:23.836;118;2,6
2026-03-23T11:07:24.800;117;2,9
2026-03-23T11:07:25.752;116;3,1
2026-03-23T11:07:26.720;115;3,1
2026-03-23T11:07:28.160;114;3,1
2026-03-23T11:07:29.122;114;3,1
2026-03-23T11:07:30.077;114;3,1
2026-03-23T11:07:31.038;113;3,1
2026-03-23T11:07:31.997;113;3,1
2026-03-23T11:07:32.954;113;3,1
2026-03-23T11:07:33.915;113;3,0
2026-03-23T11:07:34.872;113;2,7
2026-03-23T11:07:35.832;114;2,7
2026-03-23T11:07:36.800;114;2,7
2026-03-23T11:07:37.758;113;2,9
2026-03-23T11:07:39.675;112;2,9
2026-03-23T11:07:40.118;111;2,7
2026-03-23T11:07:41.118;111;2,7
2026-03-23T11:07:42.081;111;2,4
2026-03-23T11:07:43.042;111;2,4
2026-03-23T11:07:44.958;110;2,5
2026-03-23T11:07:44.959;110;2,5
2026-03-23T11:07:45.924;109;2,9
2026-03-23T11:07:46.873;108;3,0
2026-03-23T11:07:47.833;107;3,0
2026-03-23T11:07:48.795;107;3,0
2026-03-23T11:07:49.756;108;3,5
2026-03-23T11:07:50.718;108;3,7
2026-03-23T11:07:52.156;109;3,7
2026-03-23T11:07:53.130;109;3,7
2026-03-23T11:07:54.087;109;3,5
2026-03-23T11:07:55.042;109;3,3
2026-03-23T11:07:56.001;108;3,7
2026-03-23T11:07:56.964;107;4,3
2026-03-23T11:07:57.921;104;4,9
2026-03-23T11:07:58.878;104;4,9
2026-03-23T11:08:00.312;103;5,0
2026-03-23T11:08:00.756;103;4,9
2026-03-23T11:08:01.764;103;4,7
2026-03-23T11:08:02.678;103;4,7
2026-03-23T11:08:04.119;104;4,7
2026-03-23T11:08:05.079;104;4,7
2026-03-23T11:08:06.070;104;4,7
2026-03-23T11:08:07.036;103;4,5
2026-03-23T11:08:07.997;102;4,4
2026-03-23T11:08:08.954;101;4,6
2026-03-23T11:08:09.920;100;4,7
2026-03-23T11:08:10.878;99;4,7
2026-03-23T11:08:11.834;99;4,7
2026-03-23T11:08:12.800;100;4,9
2026-03-23T11:08:13.753;101;4,3
2026-03-23T11:08:14.717;101;3,6
2026-03-23T11:08:16.155;100;4,0
2026-03-23T11:08:17.124;100;4,0
2026-03-23T11:08:18.074;100;4,0
2026-03-23T11:08:20.489;99;4,0
2026-03-23T11:08:20.489;99;4,3
2026-03-23T11:08:20.919;98;4,7
2026-03-23T11:08:21.921;97;4,7
2026-03-23T11:08:23.353;97;4,8
2026-03-23T11:08:23.847;95;5,1
2026-03-23T11:08:24.796;95;4,9
2026-03-23T11:08:25.755;95;5,2
2026-03-23T11:08:26.721;95;5,1
2026-03-23T11:08:28.155;96;5,8
2026-03-23T11:08:29.117;97;6,0
2026-03-23T11:08:30.071;98;6,0
2026-03-23T11:08:31.035;99;5,9
2026-03-23T11:08:31.996;99;5,9
2026-03-23T11:08:32.959;98;5,9
2026-03-23T11:08:34.398;98;5,6
2026-03-23T11:08:34.886;99;5,6
2026-03-23T11:08:35.835;100;6,7
2026-03-23T11:08:36.795;100;6,6
2026-03-23T11:08:37.755;102;6,6
2026-03-23T11:08:39.678;104;6,5
2026-03-23T11:08:40.113;106;6,8
2026-03-23T11:08:41.121;107;6,6
2026-03-23T11:08:42.078;109;6,7
2026-03-23T11:08:43.045;110;6,3
2026-03-23T11:08:44.001;111;6,3
2026-03-23T11:08:44.963;112;5,5
2026-03-23T11:08:45.916;113;5,4
2026-03-23T11:08:46.878;114;5,4
2026-03-23T11:08:47.838;115;5,2
2026-03-23T11:08:48.795;116;5,2
2026-03-23T11:08:49.747;116;5,2
2026-03-23T11:08:50.709;116;5,2
2026-03-23T11:08:52.160;116;3,6
2026-03-23T11:08:53.126;116;3,1
2026-03-23T11:08:54.078;116;3,0
2026-03-23T11:08:55.518;115;2,4
2026-03-23T11:08:56.478;115;2,5
2026-03-23T11:08:56.919;114;2,2
2026-03-23T11:08:57.921;113;2,6
2026-03-23T11:08:58.874;112;2,6
2026-03-23T11:08:59.788;112;2,4
2026-03-23T11:09:00.795;111;2,4
2026-03-23T11:09:01.758;111;2,4
2026-03-23T11:09:02.723;110;2,4
2026-03-23T11:09:04.156;110;2,5
2026-03-23T11:09:05.118;110;2,6
2026-03-23T11:09:06.081;110;2,6
2026-03-23T11:09:07.036;110;2,6
2026-03-23T11:09:08.000;110;2,6
2026-03-23T11:09:08.960;111;2,6
2026-03-23T11:09:09.925;111;2,6
2026-03-23T11:09:10.878;111;2,4
2026-03-23T11:09:11.844;111;2,2
2026-03-23T11:09:12.796;112;1,6
2026-03-23T11:09:13.756;112;1,5
2026-03-23T11:09:14.723;112;1,5
2026-03-23T11:09:16.159;112;1,5
2026-03-23T11:09:17.117;112;1,5
2026-03-23T11:09:18.078;112;1,5
2026-03-23T11:09:19.996;111;1,6
2026-03-23T11:09:19.997;111;1,5
2026-03-23T11:09:20.953;111;1,7
2026-03-23T11:09:22.878;112;1,7
2026-03-23T11:09:22.878;112;1,6
2026-03-23T11:09:23.841;112;1,5
2026-03-23T11:09:24.797;111;2,5
2026-03-23T11:09:25.765;109;4,2
2026-03-23T11:09:27.196;108;4,2
2026-03-23T11:09:28.156;107;4,2
2026-03-23T11:09:29.122;106;4,2
2026-03-23T11:09:30.076;106;4,2
2026-03-23T11:09:31.040;106;4,2
2026-03-23T11:09:31.996;105;4,2
2026-03-23T11:09:32.962;104;4,3
2026-03-23T11:09:33.920;104;4,3
2026-03-23T11:09:34.876;103;4,6
2026-03-23T11:09:35.844;102;4,6
2026-03-23T11:09:36.808;101;4,8
2026-03-23T11:09:37.760;100;4,7
2026-03-23T11:09:39.681;100;4,7
2026-03-23T11:09:40.116;100;4,7
2026-03-23T11:09:41.118;99;4,7
2026-03-23T11:09:42.073;99;4,7
2026-03-23T11:09:43.037;99;3,1
2026-03-23T11:09:44.965;98;2,8
2026-03-23T11:09:44.966;98;2,8
2026-03-23T11:09:45.925;97;3,0
2026-03-23T11:09:46.876;97;3,0
2026-03-23T11:09:47.833;97;3,1
2026-03-23T11:09:48.795;97;3,2
2026-03-23T11:09:49.753;97;3,1
2026-03-23T11:09:51.191;96;3,7
2026-03-23T11:09:52.163;95;3,8
2026-03-23T11:09:53.115;94;4,4
2026-03-23T11:09:54.074;93;4,4
2026-03-23T11:09:55.034;93;4,1
2026-03-23T11:09:56.474;93;4,5
2026-03-23T11:09:56.919;94;5,1
2026-03-23T11:09:57.917;94;5,1
2026-03-23T11:09:58.877;94;5,2
2026-03-23T11:10:00.279;94;5,3
2026-03-23T11:10:00.816;93;5,5
2026-03-23T11:10:01.756;92;5,8
2026-03-23T11:10:02.717;92;5,8
2026-03-23T11:10:04.158;91;5,9
2026-03-23T11:10:05.074;91;5,8
2026-03-23T11:10:06.074;92;5,8
2026-03-23T11:10:07.034;92;5,8
2026-03-23T11:10:08.000;92;5,8
2026-03-23T11:10:09.435;92;5,8
2026-03-23T11:10:09.875;92;5,5
2026-03-23T11:10:10.874;93;6,0
2026-03-23T11:10:11.839;94;5,3
2026-03-23T11:10:12.794;95;5,3
2026-03-23T11:10:13.755;95;5,3
2026-03-23T11:10:14.712;94;5,2
2026-03-23T11:10:16.163;94;5,4
2026-03-23T11:10:17.118;93;5,4
2026-03-23T11:10:18.084;93;5,3
2026-03-23T11:10:19.035;94;5,6
2026-03-23T11:10:19.994;95;5,9
2026-03-23T11:10:20.956;96;5,9
2026-03-23T11:10:21.918;97;6,0
2026-03-23T11:10:22.883;98;5,8
2026-03-23T11:10:23.836;98;5,8
2026-03-23T11:10:24.803;97;7,2
2026-03-23T11:10:25.763;97;7,3
2026-03-23T11:10:26.722;98;7,5
2026-03-23T11:10:28.153;98;7,6
2026-03-23T11:10:29.122;100;7,4
2026-03-23T11:10:30.080;102;7,6
2026-03-23T11:10:31.045;103;7,7
2026-03-23T11:10:32.001;104;7,7
2026-03-23T11:10:32.968;105;7,1
2026-03-23T11:10:33.935;105;7,1
2026-03-23T11:10:34.882;105;7,0
2026-03-23T11:10:35.835;104;7,0
2026-03-23T11:10:36.805;103;6,5
2026-03-23T11:10:37.760;103;6,4
2026-03-23T11:10:38.715;103;6,4
2026-03-23T11:10:40.158;104;6,4
2026-03-23T11:10:41.138;104;4,9
2026-03-23T11:10:42.083;105;4,9
2026-03-23T11:10:43.047;105;4,7
2026-03-23T11:10:44.959;105;4,4
2026-03-23T11:10:44.960;105;3,6
2026-03-23T11:10:45.917;106;3,1
2026-03-23T11:10:47.842;107;3,2
2026-03-23T11:10:47.843;108;3,4
2026-03-23T11:10:48.800;110;3,6
2026-03-23T11:10:49.755;111;3,9
2026-03-23T11:10:50.668;112;4,0
2026-03-23T11:10:52.104;114;3,9
2026-03-23T11:10:53.064;116;4,1
2026-03-23T11:10:54.500;117;4,0
2026-03-23T11:10:54.983;119;3,9
2026-03-23T11:10:55.941;120;3,8
2026-03-23T11:10:56.954;121;3,8
2026-03-23T11:10:57.921;121;3,8
2026-03-23T11:10:58.876;121;3,8
2026-03-23T11:10:59.840;121;3,7
2026-03-23T11:11:00.801;121;3,8
2026-03-23T11:11:01.744;121;3,6
2026-03-23T11:11:02.724;120;3,5
2026-03-23T11:11:04.157;120;3,2
2026-03-23T11:11:05.144;120;2,8
2026-03-23T11:11:06.078;120;2,8
2026-03-23T11:11:06.989;119;2,3
2026-03-23T11:11:07.946;119;2,3
2026-03-23T11:11:08.908;118;1,9
2026-03-23T11:11:09.914;117;1,7
2026-03-23T11:11:10.874;117
2026-03-23T11:11:11.843;117;1,9
2026-03-23T11:11:12.739;117;1,9
2026-03-23T11:11:13.758;117
2026-03-23T11:11:14.660;117
2026-03-23T11:11:16.164;117
2026-03-23T11:11:17.118;117
2026-03-23T11:11:18.084;117;2,8
2026-03-23T11:11:19.035;117;72,2
2026-03-23T11:11:19.999;117
2026-03-23T11:11:20.955;117
2026-03-23T11:11:21.918;117
2026-03-23T11:11:22.877;117
2026-03-23T11:11:23.839;117;93,3
2026-03-23T11:11:24.798;117;93,3
2026-03-23T11:11:25.757;117
2026-03-23T11:11:26.660;117;95,3
2026-03-23T11:11:28.152;117;97,0
2026-03-23T11:11:29.123;117;98,8
2026-03-23T11:11:30.083;117;146,9
2026-03-23T11:11:31.037;116;146,9
2026-03-23T11:11:31.999;116;146,9
2026-03-23T11:11:32.958;116;147,0
2026-03-23T11:11:34.876;116;147,0
2026-03-23T11:11:34.876;116;147,9
2026-03-23T11:11:35.839;116;148,8
2026-03-23T11:11:36.799;116;148,8
2026-03-23T11:11:37.717;116
2026-03-23T11:11:39.686;115;153,8
2026-03-23T11:11:40.116;115
2026-03-23T11:11:41.114;115
2026-03-23T11:11:42.080;112;170,2
2026-03-23T11:11:43.039;111;173,4
2026-03-23T11:11:44.958;109;209,3
2026-03-23T11:11:44.959;108;209,4
2026-03-23T11:11:45.921;108;200,9
2026-03-23T11:11:46.882;108;203,1
2026-03-23T11:11:47.838;106;214,9
2026-03-23T11:11:48.803;106
2026-03-23T11:11:49.758;106
2026-03-23T11:11:50.716;104;222,7
2026-03-23T11:11:52.161;104
2026-03-23T11:11:53.117;104;239,2
2026-03-23T11:11:54.079;104;242,0
2026-03-23T11:11:55.042;103;216,8
2026-03-23T11:11:56.000;103;216,2
2026-03-23T11:11:56.961;102;227,6
2026-03-23T11:11:57.927;102
2026-03-23T11:11:58.888;102;227,6
2026-03-23T11:11:59.842;102;227,5
2026-03-23T11:12:00.798;102;226,5
2026-03-23T11:12:01.763;102;225,1
2026-03-23T11:12:02.721;102
2026-03-23T11:12:04.170;102
2026-03-23T11:12:05.119;102
2026-03-23T11:12:06.072;102;213,0
2026-03-23T11:12:07.037;102
2026-03-23T11:12:07.998;102;210,4
2026-03-23T11:12:08.952;102
2026-03-23T11:12:09.922;102;175,4
2026-03-23T11:12:10.874;102;176,9
2026-03-23T11:12:11.843;102;176,9
2026-03-23T11:12:12.801;101;168,7
2026-03-23T11:12:14.238;101
2026-03-23T11:12:14.676;101
2026-03-23T11:12:16.165;101
2026-03-23T11:12:17.125;101
2026-03-23T11:12:18.082;101
2026-03-23T11:12:20.002;100;162,8
2026-03-23T11:12:20.003;100;175,4
2026-03-23T11:12:20.965;99;191,7
2026-03-23T11:12:21.920;102;187,8
2026-03-23T11:12:22.840;106;187,8
2026-03-23T11:12:23.801;109;175,8
2026-03-23T11:12:24.760;111;173,8
2026-03-23T11:12:25.763;112;173,8
2026-03-23T11:12:26.727;112;173,8
2026-03-23T11:12:28.161;113;173,5
2026-03-23T11:12:29.122;113;171,0
2026-03-23T11:12:30.085;114;171,0
2026-03-23T11:12:31.043;114;171,0
2026-03-23T11:12:32.000;115;154,2
2026-03-23T11:12:32.962;115;152,5
2026-03-23T11:12:33.929;116;150,6
2026-03-23T11:12:34.882;115;133,9
2026-03-23T11:12:35.841;115;13,9
2026-03-23T11:12:36.800;115;2,5
2026-03-23T11:12:37.761;115;2,5
2026-03-23T11:12:38.717;115;2,5
2026-03-23T11:12:40.157;115;2,5
2026-03-23T11:12:41.122;115;2,4
2026-03-23T11:12:42.083;116;2,4
2026-03-23T11:12:42.999;116;2,4
2026-03-23T11:12:44.958;116;2,4
2026-03-23T11:12:44.959;117;2,5
2026-03-23T11:12:45.915;117;2,6
2026-03-23T11:12:46.878;118;2,6
2026-03-23T11:12:47.841;118;2,6
2026-03-23T11:12:48.797;118;2,6
2026-03-23T11:12:49.762;119;2,6
2026-03-23T11:12:50.722;119;2,6
2026-03-23T11:12:52.161;120;2,1
2026-03-23T11:12:53.117;121;2,7
2026-03-23T11:12:54.078;122;2,7
2026-03-23T11:12:55.039;123;2,6
2026-03-23T11:12:55.996;124;2,6
2026-03-23T11:12:56.958;125;2,6
2026-03-23T11:12:57.922;125;2,6
2026-03-23T11:12:58.876;125;2,7
2026-03-23T11:12:59.834;125;2,8
2026-03-23T11:13:00.800;124;2,7
2026-03-23T11:13:01.763;123;2,6
2026-03-23T11:13:02.723;122;2,7
2026-03-23T11:13:04.157;121;2,7
2026-03-23T11:13:05.122;121;2,7
2026-03-23T11:13:06.075;121;2,7
2026-03-23T11:13:07.038;120;2,3
2026-03-23T11:13:07.960;119;1,7
2026-03-23T11:13:08.961;119;1,7
2026-03-23T11:13:09.917;118;1,7
2026-03-23T11:13:10.880;118;1,7
2026-03-23T11:13:11.836;119;1,7
2026-03-23T11:13:12.794;119;1,7
2026-03-23T11:13:13.760;118;1,7
2026-03-23T11:13:14.719;118;1,6
2026-03-23T11:13:16.156;118;1,6
2026-03-23T11:13:17.116;118;1,6
2026-03-23T11:13:18.089;118;1,4
2026-03-23T11:13:19.039;118;1,3
2026-03-23T11:13:19.999;118;1,4
2026-03-23T11:13:20.965;118;1,4
2026-03-23T11:13:21.920;118;1,6
2026-03-23T11:13:22.879;117;1,6
2026-03-23T11:13:23.857;116;1,9
2026-03-23T11:13:24.746;115;1,9
2026-03-23T11:13:25.757;114;2,0
2026-03-23T11:13:27.676;114;2,0
2026-03-23T11:13:28.120;113;2,1
2026-03-23T11:13:29.117;111;4,3
2026-03-23T11:13:30.082;109;5,0
2026-03-23T11:13:31.058;106;5,6
2026-03-23T11:13:31.998;104;5,6
2026-03-23T11:13:32.966;104;5,6
2026-03-23T11:13:33.918;103;5,6
2026-03-23T11:13:34.883;103;5,7
2026-03-23T11:13:35.841;103;5,7
2026-03-23T11:13:36.802;103;5,7
2026-03-23T11:13:37.760;102;5,7
2026-03-23T11:13:38.721;102;5,7
2026-03-23T11:13:40.162;103;6,5
2026-03-23T11:13:42.082;103;6,5
2026-03-23T11:13:42.082;104;6,6
2026-03-23T11:13:43.052;105;6,6
2026-03-23T11:13:44.007;107;6,7
2026-03-23T11:13:44.965;108;7,4
2026-03-23T11:13:46.879;109;6,8
2026-03-23T11:13:46.880;110;5,8
2026-03-23T11:13:47.839;111;5,8
2026-03-23T11:13:48.797;113;5,8
2026-03-23T11:13:49.762;114;5,9
2026-03-23T11:13:50.718;115;5,9
2026-03-23T11:13:52.156;117;6,1
2026-03-23T11:13:53.121;118;6,1
2026-03-23T11:13:54.125;119;6,1
2026-03-23T11:13:55.043;120;6,1
2026-03-23T11:13:56.005;120;5,2
2026-03-23T11:13:56.960;121;5,1
2026-03-23T11:13:57.918;121;5,0
2026-03-23T11:13:58.873;120;5,0
2026-03-23T11:14:00.314;120;4,9
2026-03-23T11:14:00.761;119;5,0
2026-03-23T11:14:01.757;117;4,1
2026-03-23T11:14:02.719;117;4,1
2026-03-23T11:14:04.157;117;4,1
2026-03-23T11:14:05.125;116;3,2
2026-03-23T11:14:06.078;116;3,2
2026-03-23T11:14:07.042;115;3,0
2026-03-23T11:14:08.000;114;2,7
2026-03-23T11:14:08.958;114;2,6
2026-03-23T11:14:09.994;114;2,6
2026-03-23T11:14:10.917;113;2,6
2026-03-23T11:14:11.800;113;2,7
2026-03-23T11:14:12.760;113;2,7
2026-03-23T11:14:13.723;113;2,6
2026-03-23T11:14:14.677;114;2,7
2026-03-23T11:14:16.156;114;2,6
2026-03-23T11:14:17.118;114;2,4
2026-03-23T11:14:18.086;115;2,0
2026-03-23T11:14:19.039;115;2,0
2026-03-23T11:14:19.997;115;1,7
2026-03-23T11:14:20.958;115;1,6
2026-03-23T11:14:21.923;115;1,6
2026-03-23T11:14:22.877;115;1,6
2026-03-23T11:14:23.842;114;1,7
2026-03-23T11:14:24.801;114;1,9
2026-03-23T11:14:25.762;115;1,7
2026-03-23T11:14:26.721;114;2,4
2026-03-23T11:14:28.155;114
2026-03-23T11:14:29.116;110;5,2
2026-03-23T11:14:30.082;110;7,3
2026-03-23T11:14:31.042;107;7,2
2026-03-23T11:14:32.001;106;7,2
2026-03-23T11:14:32.961;104;7,4
2026-03-23T11:14:33.929;104;7,4
2026-03-23T11:14:34.877;105;8,1
2026-03-23T11:14:35.841;107;8,3
2026-03-23T11:14:36.801;107;8,3
2026-03-23T11:14:37.764;109;8,3
2026-03-23T11:14:38.722;109;8,4
2026-03-23T11:14:40.162;108;8,5
2026-03-23T11:14:41.119;108;8,5
2026-03-23T11:14:42.089;107;8,4
2026-03-23T11:14:43.054;107;8,4
2026-03-23T11:14:44.961;107;8,5
2026-03-23T11:14:44.962;107;6,9
2026-03-23T11:14:45.918;107
2026-03-23T11:14:46.870;107;5,9
2026-03-23T11:14:47.842;107;6,0
2026-03-23T11:14:48.805;107
2026-03-23T11:14:49.762;105;6,0
2026-03-23T11:14:50.722;103;6,2
2026-03-23T11:14:52.163;102;6,1
2026-03-23T11:14:53.124;103;5,5
2026-03-23T11:14:54.084;104;5,8
2026-03-23T11:14:55.043;104;34,1
2026-03-23T11:14:56.003;106;34,3
2026-03-23T11:14:56.961;108;34,4
2026-03-23T11:14:57.921;108
2026-03-23T11:14:58.873;108
2026-03-23T11:14:59.834;108;34,4
2026-03-23T11:15:00.796;108
2026-03-23T11:15:01.767;108;34,4
2026-03-23T11:15:02.721;108
2026-03-23T11:15:04.160;108
2026-03-23T11:15:05.128;109;34,4
2026-03-23T11:15:06.085;109
2026-03-23T11:15:07.042;109;68,6
2026-03-23T11:15:08.002;107;247,8
2026-03-23T11:15:08.958;105;247,8
2026-03-23T11:15:09.884;105
2026-03-23T11:15:10.876;104;373,8
2026-03-23T11:15:11.842;103;376,5
2026-03-23T11:15:12.797;102;376,9
2026-03-23T11:15:13.755;102
2026-03-23T11:15:14.721;102;376,9
2026-03-23T11:15:16.161;102
2026-03-23T11:15:17.117;101;377,0
2026-03-23T11:15:18.080;101;377,7
2026-03-23T11:15:19.520;99;391,1
2026-03-23T11:15:19.961;98;395,6
2026-03-23T11:15:21.435;97;401,8
2026-03-23T11:15:22.394;97;400,9
2026-03-23T11:15:22.879;97
2026-03-23T11:15:23.835;96;400,9
2026-03-23T11:15:24.803;96
2026-03-23T11:15:25.759;96
2026-03-23T11:15:26.718;96;400,9
2026-03-23T11:15:28.162;96;401,1
2026-03-23T11:15:29.122;96;396,7
2026-03-23T11:15:30.076;97;317,3
2026-03-23T11:15:31.520;97
2026-03-23T11:15:31.961;99;149,6
2026-03-23T11:15:32.959;100;145,7
2026-03-23T11:15:33.903;100;145,7
2026-03-23T11:15:34.828;101;146,2
2026-03-23T11:15:35.839;101
2026-03-23T11:15:36.795;101;146,0
2026-03-23T11:15:37.762;101;107,8
2026-03-23T11:15:39.698;101;107,8
2026-03-23T11:15:40.121;101;99,7
2026-03-23T11:15:41.120;101;84,4
2026-03-23T11:15:42.068;101;81,9
2026-03-23T11:15:43.040;101;81,9
2026-03-23T11:15:43.999;101
2026-03-23T11:15:44.974;101;81,9
2026-03-23T11:15:45.926;101
2026-03-23T11:15:46.880;101
2026-03-23T11:15:47.843;101
2026-03-23T11:15:48.804;101;82,9
2026-03-23T11:15:49.759;101;135,2
2026-03-23T11:15:50.720;101;134,8
2026-03-23T11:15:52.160;101
2026-03-23T11:15:53.123;101
2026-03-23T11:15:54.081;102;134,8
2026-03-23T11:15:55.042;102
2026-03-23T11:15:56.004;102
2026-03-23T11:15:56.961;102;135,5
2026-03-23T11:15:58.881;102;136,7
2026-03-23T11:15:58.882;102;188,1
2026-03-23T11:15:59.858;102;188,7
2026-03-23T11:16:00.800;102;186,6
2026-03-23T11:16:01.763;101;190,3
2026-03-23T11:16:02.724;101;189,8
2026-03-23T11:16:04.159;100;190,4
2026-03-23T11:16:05.120;100;189,3
2026-03-23T11:16:06.082;100
2026-03-23T11:16:07.043;100
2026-03-23T11:16:08.003;102;184,5
2026-03-23T11:16:08.970;103;178,5
2026-03-23T11:16:09.926;103;178,5
2026-03-23T11:16:10.883;103
2026-03-23T11:16:11.845;103;178,2
2026-03-23T11:16:12.809;104;142,4
2026-03-23T11:16:13.765;104;142,4
2026-03-23T11:16:14.725;104;145,9
2026-03-23T11:16:16.163;104;145,3
2026-03-23T11:16:17.602;104
2026-03-23T11:16:18.093;104
2026-03-23T11:16:19.042;104;144,7
2026-03-23T11:16:19.998;104
2026-03-23T11:16:20.956;104
2026-03-23T11:16:21.914;104;86,6
2026-03-23T11:16:22.884;104
2026-03-23T11:16:23.841;104;129,3
2026-03-23T11:16:24.806;104;145,8
2026-03-23T11:16:25.762;104;141,0
2026-03-23T11:16:26.722;105;163,8
2026-03-23T11:16:28.162;105;163,2
2026-03-23T11:16:29.121;106;163,1
2026-03-23T11:16:30.084;107;160,8
2026-03-23T11:16:31.041;107;160,8
2026-03-23T11:16:31.996;107;160,7
2026-03-23T11:16:32.968;106;160,7
2026-03-23T11:16:33.919;105;160,7
2026-03-23T11:16:34.876;105;160,6
2026-03-23T11:16:35.851;105;160,6
2026-03-23T11:16:36.761;106;156,9
2026-03-23T11:16:37.761;105;156,9
2026-03-23T11:16:38.723;105;156,9
2026-03-23T11:16:40.165;104;147,9
2026-03-23T11:16:41.128;103;110,2
2026-03-23T11:16:42.083;100;83,7
2026-03-23T11:16:43.039;97;83,8
2026-03-23T11:16:43.990;97;26,4
2026-03-23T11:16:44.962;96;7,8
2026-03-23T11:16:45.921;98;8,6
2026-03-23T11:16:46.886;100;9,5
2026-03-23T11:16:47.839;101;9,6
2026-03-23T11:16:48.801;104;9,5
2026-03-23T11:16:49.759;106;9,5
2026-03-23T11:16:50.716;108;9,8
2026-03-23T11:16:52.156;110;9,8
2026-03-23T11:16:53.117;112;10,0
2026-03-23T11:16:55.041;114;10,0
2026-03-23T11:16:55.042;114;10,0
2026-03-23T11:16:56.002;113;10,1
2026-03-23T11:16:56.963;112;9,7
2026-03-23T11:16:57.928;111;8,9
2026-03-23T11:16:58.876;110;7,9
2026-03-23T11:16:59.843;109;7,8
2026-03-23T11:17:00.785;109;6,4
2026-03-23T11:17:01.764;109;6,3
2026-03-23T11:17:02.733;109;4,9
2026-03-23T11:17:04.161;109;4,5
2026-03-23T11:17:05.130;109;4,3
2026-03-23T11:17:06.092;109;4,0
2026-03-23T11:17:07.036;109;3,8
2026-03-23T11:17:08.005;109;3,7
2026-03-23T11:17:08.948;109;3,1
2026-03-23T11:17:09.924;109;3,1
2026-03-23T11:17:10.885;108;2,8
2026-03-23T11:17:11.845;108;2,8
2026-03-23T11:17:12.803;107;2,4
2026-03-23T11:17:13.758;107;1,9
2026-03-23T11:17:14.725;106;2,3
2026-03-23T11:17:16.170;105;2,3
2026-03-23T11:17:17.124;105;2,3
2026-03-23T11:17:18.561;106;3,0
2026-03-23T11:17:19.529;107;3,8
2026-03-23T11:17:19.962;109;4,0
2026-03-23T11:17:20.965;109;4,0
2026-03-23T11:17:21.919;110;4,0
2026-03-23T11:17:23.363;110;4,0
2026-03-23T11:17:24.318;111;4,0
2026-03-23T11:17:24.758;112;4,1
2026-03-23T11:17:25.761;113;4,3
2026-03-23T11:17:26.725;114;4,3
2026-03-23T11:17:28.160;115;4,4
2026-03-23T11:17:29.122;117;4,2
2026-03-23T11:17:30.077;118;4,3
2026-03-23T11:17:31.039;119;4,1
2026-03-23T11:17:32.004;119;4,1
2026-03-23T11:17:32.962;119;3,7
2026-03-23T11:17:33.918;119;2,7
2026-03-23T11:17:34.888;119;2,5
2026-03-23T11:17:35.842;118;2,5
2026-03-23T11:17:36.803;118;2,5
2026-03-23T11:17:37.763;118;2,5
2026-03-23T11:17:38.724;118;2,4
2026-03-23T11:17:40.163;118;1,8
2026-03-23T11:17:41.134;118;1,8
2026-03-23T11:17:42.030;118;1,6
2026-03-23T11:17:43.046;118;1,5
2026-03-23T11:17:44.009;118;1,1
2026-03-23T11:17:44.961;118;1,1
2026-03-23T11:17:45.914;118;1,1
2026-03-23T11:17:46.886;119;0,9
2026-03-23T11:17:47.848;120;1,1
2026-03-23T11:17:48.804;120;1,5
2026-03-23T11:17:49.763;120
2026-03-23T11:17:51.680;121;1,9
2026-03-23T11:17:52.164;121;3,5
2026-03-23T11:17:53.147;122;3,5
2026-03-23T11:17:55.046;123;3,8
2026-03-23T11:17:55.481;125;3,8
2026-03-23T11:17:55.947;126;3,9
2026-03-23T11:17:56.968;128;4,1
2026-03-23T11:17:57.926;129;4,1
2026-03-23T11:17:58.889;130;4,2
2026-03-23T11:17:59.845;131;4,2
2026-03-23T11:18:00.808;132;4,2
2026-03-23T11:18:01.765;134;4,6
2026-03-23T11:18:02.729;134;4,7
2026-03-23T11:18:04.166;134;4,8
2026-03-23T11:18:05.123;134;4,8
2026-03-23T11:18:06.081;135;3,8
2026-03-23T11:18:07.045;135;3,9
2026-03-23T11:18:08.005;135;3,6
2026-03-23T11:18:08.971;135;3,6
2026-03-23T11:18:09.921;135;3,4
2026-03-23T11:18:10.887;134;3,4
2026-03-23T11:18:11.846;134;3,3
2026-03-23T11:18:12.809;133;3,3
2026-03-23T11:18:14.248;133;3,2
2026-03-23T11:18:14.728;133;2,9
2026-03-23T11:18:16.165;132;2,4
2026-03-23T11:18:17.131;132;2,1
2026-03-23T11:18:18.097;131;1,7
2026-03-23T11:18:20.018;130;1,7
2026-03-23T11:18:20.019;130;1,4
2026-03-23T11:18:20.966;130;1,4
2026-03-23T11:18:21.917;130;1,4
2026-03-23T11:18:22.929;129;1,2
2026-03-23T11:18:24.801;129;1,3
2026-03-23T11:18:24.802;128;1,2
2026-03-23T11:18:25.767;128;1,3
2026-03-23T11:18:26.711;128;1,3
2026-03-23T11:18:28.160;128;1,4
2026-03-23T11:18:30.083;128;1,4
2026-03-23T11:18:30.083;128;1,4
2026-03-23T11:18:31.039;127;1,5
2026-03-23T11:18:32.957;127;1,5
2026-03-23T11:18:32.957;127;1,5
2026-03-23T11:18:33.927;127;1,5
2026-03-23T11:18:34.881;126;1,6
2026-03-23T11:18:37.751;126;1,6
2026-03-23T11:18:37.752;125;1,6
2026-03-23T11:18:37.753;125;1,6
2026-03-23T11:18:38.738;124;2,1
2026-03-23T11:18:40.161;123;2,1
2026-03-23T11:18:41.118;122;2,1
2026-03-23T11:18:42.562;122;2,1
2026-03-23T11:18:43.479;122;2,1
2026-03-23T11:18:44.478;122;2,1
2026-03-23T11:18:44.924;122;2,0
2026-03-23T11:18:45.920;122;2,0
2026-03-23T11:18:46.882;122;2,9
2026-03-23T11:18:47.849;122;3,0
2026-03-23T11:18:48.759;124;3,0
2026-03-23T11:18:50.201;125;3,5
2026-03-23T11:18:50.680;125;3,9
2026-03-23T11:18:52.165;125;3,9
2026-03-23T11:18:53.114;125;3,9
2026-03-23T11:18:54.040;125;15,7
2026-03-23T11:18:55.001;125
2026-03-23T11:18:55.945;125;66,3
2026-03-23T11:18:57.008;125;82,5
2026-03-23T11:18:58.880;125
2026-03-23T11:18:58.880;125
2026-03-23T11:18:59.839;125;82,5
2026-03-23T11:19:00.801;125;84,0
2026-03-23T11:19:01.755;125
2026-03-23T11:19:02.722;125;84,1
2026-03-23T11:19:04.640;126;89,3
2026-03-23T11:19:05.081;126;89,3
2026-03-23T11:19:06.086;126;89,3
2026-03-23T11:19:07.043;126;92,3
2026-03-23T11:19:08.005;126;97,2
2026-03-23T11:19:10.405;126;97,3
2026-03-23T11:19:10.405;126;118,6
2026-03-23T11:19:10.839;126;134,7
2026-03-23T11:19:11.848;126;137,0
2026-03-23T11:19:12.815;126;137,0
2026-03-23T11:19:13.774;126;142,5
2026-03-23T11:19:14.726;126
2026-03-23T11:19:16.163;126
2026-03-23T11:19:17.135;122;139,6
2026-03-23T11:19:19.044;122;151,3
2026-03-23T11:19:20.003;120;147,2
2026-03-23T11:19:20.441;120;147,2
2026-03-23T11:19:20.969;120;151,4
2026-03-23T11:19:22.884;121;150,5
2026-03-23T11:19:22.885;122;150,5
2026-03-23T11:19:23.848;123;218,0
2026-03-23T11:19:25.761;123;215,9
2026-03-23T11:19:25.763;125;215,9
2026-03-23T11:19:26.720;139;214,6
2026-03-23T11:19:28.643;144;212,4
2026-03-23T11:19:29.602;146;212,4
2026-03-23T11:19:30.081;147;212,4
2026-03-23T11:19:31.037;150;202,3
2026-03-23T11:19:32.963;150
2026-03-23T11:19:34.414;151;210,0
2026-03-23T11:19:34.415;151
2026-03-23T11:19:35.359;152;215,5
2026-03-23T11:19:38.240;152
2026-03-23T11:19:38.240;152
2026-03-23T11:19:38.240;152;224,7
2026-03-23T11:19:39.203;152
2026-03-23T11:19:40.111;152
2026-03-23T11:19:41.115;153;276,0
2026-03-23T11:19:42.567;153;316,8
2026-03-23T11:19:43.044;149;324,4
2026-03-23T11:19:44.483;146;324,4
2026-03-23T11:19:45.446;143;283,5
2026-03-23T11:19:45.926;141;283,5
2026-03-23T11:19:47.367;139;283,5
2026-03-23T11:19:47.802;139;283,5
2026-03-23T11:19:48.801;139;283,5
2026-03-23T11:19:50.248;138;283,5
2026-03-23T11:19:51.202;137;274,3
2026-03-23T11:19:52.124;136;260,8
2026-03-23T11:19:54.570;135;187,1
2026-03-23T11:19:56.963;135;177,4
2026-03-23T11:19:56.964;135;78,0
2026-03-23T11:19:57.921;135;1,9
2026-03-23T11:19:57.922;134;1,7
2026-03-23T11:19:57.923;134;1,5
2026-03-23T11:19:58.881;133;1,5
2026-03-23T11:20:01.286;133;1,4
2026-03-23T11:20:01.286;134;1,4
2026-03-23T11:20:02.725;133;1,4
2026-03-23T11:20:02.725;133;1,1
2026-03-23T11:20:04.638;133;1,0
2026-03-23T11:20:05.613;134;1,1
2026-03-23T11:20:06.043;133;1,1
2026-03-23T11:20:07.048;132;1,2
2026-03-23T11:20:08.964;132;1,2
2026-03-23T11:20:10.405;132;1,3
2026-03-23T11:20:10.405;132;1,2
2026-03-23T11:20:11.362;132;1,2
2026-03-23T11:20:11.847;133;1,2
2026-03-23T11:20:14.724;133;13,8
2026-03-23T11:20:14.724;133;13,8
2026-03-23T11:20:14.725;134;28,1
2026-03-23T11:20:16.160;134;35,7
2026-03-23T11:20:17.118;134;35,7
2026-03-23T11:20:18.087;134;35,7
2026-03-23T11:20:19.046;134;36,1
2026-03-23T11:20:19.997;134
2026-03-23T11:20:20.959;134
2026-03-23T11:20:21.921;134
2026-03-23T11:20:22.885;134
2026-03-23T11:20:24.325;134;52,4
2026-03-23T11:20:25.283;134;56,0
2026-03-23T11:20:25.766;134
2026-03-23T11:20:26.723;134;56,0
2026-03-23T11:20:28.165;134;83,4
2026-03-23T11:20:29.132;134;148,6
2026-03-23T11:20:30.084;130;148,6
2026-03-23T11:20:31.041;130
2026-03-23T11:20:32.003;126;155,0
2026-03-23T11:20:32.905;126
2026-03-23T11:20:33.864;125;155,0
2026-03-23T11:20:34.828;124;155,4
2026-03-23T11:20:35.824;123;160,3
2026-03-23T11:20:36.804;122;159,7
2026-03-23T11:20:37.774;121;184,0
2026-03-23T11:20:38.728;121;182,8
2026-03-23T11:20:40.165;120;181,5
2026-03-23T11:20:41.072;118;181,5
2026-03-23T11:20:42.089;118;181,4
2026-03-23T11:20:43.048;117;176,3
2026-03-23T11:20:44.487;117;165,1
2026-03-23T11:20:44.964;117;165,1
2026-03-23T11:20:45.883;117;111,2
2026-03-23T11:20:46.877;117;111,1
2026-03-23T11:20:47.846;117;111,1
2026-03-23T11:20:48.800;117;106,8
2026-03-23T11:20:50.719;117;109,1
2026-03-23T11:20:50.720;117;110,8
2026-03-23T11:20:52.158;117;104,1
2026-03-23T11:20:53.126;117;51,9
2026-03-23T11:20:54.077;118;51,9
2026-03-23T11:20:55.004;124;52,0
2026-03-23T11:20:55.943;124
2026-03-23T11:20:56.924;128;52,0
2026-03-23T11:20:57.921;131;52,1
2026-03-23T11:20:58.884;132;52,1
2026-03-23T11:20:59.846;133;52,1
2026-03-23T11:21:00.801;135;52,1
2026-03-23T11:21:01.764;136;59,6
2026-03-23T11:21:02.726;136;59,6
2026-03-23T11:21:04.164;134;60,0
2026-03-23T11:21:05.123;137;64,3
2026-03-23T11:21:06.081;139;60,4
2026-03-23T11:21:07.048;143;56,2
2026-03-23T11:21:08.004;146;51,6
2026-03-23T11:21:08.914;147;51,6
2026-03-23T11:21:09.870;148;51,5
2026-03-23T11:21:10.832;149;51,5
2026-03-23T11:21:11.785;150;51,5
2026-03-23T11:21:12.747;151;51,4
2026-03-23T11:21:13.706;151;51,4
2026-03-23T11:21:14.667;151;51,4
2026-03-23T11:21:16.169;152;39,8
2026-03-23T11:21:17.130;151;39,2
2026-03-23T11:21:18.086;152;1,8
2026-03-23T11:21:19.042;151;1,6
2026-03-23T11:21:19.946;151;1,6
2026-03-23T11:21:21.446;150;1,4
2026-03-23T11:21:21.927;150;1,4
2026-03-23T11:21:22.885;148;2,0
2026-03-23T11:21:23.846;144;3,2
2026-03-23T11:21:24.807;140;4,3
2026-03-23T11:21:25.763;136;4,6
2026-03-23T11:21:26.721;134;4,6
2026-03-23T11:21:28.158;134;5,3
2026-03-23T11:21:29.605;136;5,3
2026-03-23T11:21:30.042;137;5,4
2026-03-23T11:21:31.049;139;5,4
2026-03-23T11:21:32.015;139;5,4
2026-03-23T11:21:32.955;139;5,4
2026-03-23T11:21:33.921;139;5,4
2026-03-23T11:21:34.883;138;5,4
2026-03-23T11:21:35.845;138;5,2
2026-03-23T11:21:37.764;138;4,5
2026-03-23T11:21:37.765;138;3,1
2026-03-23T11:21:39.200;138;3,1
2026-03-23T11:21:40.163;138;2,6
2026-03-23T11:21:41.608;139;1,8
2026-03-23T11:21:42.563;139;1,7
2026-03-23T11:21:43.004;139;1,6
2026-03-23T11:21:43.966;139;1,6
2026-03-23T11:21:45.406;139;1,6
2026-03-23T11:21:45.923;140;1,7
2026-03-23T11:21:46.882;140;1,9
2026-03-23T11:21:47.839;140;1,9
2026-03-23T11:21:48.807;140;1,9
2026-03-23T11:21:49.765;139;1,8
2026-03-23T11:21:50.724;139;1,8
2026-03-23T11:21:52.168;139;1,8
2026-03-23T11:21:54.104;138;1,8
2026-03-23T11:21:54.105;137;1,5
2026-03-23T11:21:56.005;137;1,7
2026-03-23T11:21:56.006;136;1,7
2026-03-23T11:21:57.927;136
2026-03-23T11:21:57.928;135;1,8
2026-03-23T11:22:00.321;134;1,6
