Phone timestamp;HR [bpm];HRV [ms];Breathing interval [rpm];
2026-03-23T11:36:41.559;103;3,9
2026-03-23T11:36:42.546;103;5,9
2026-03-23T11:36:42.998;103;5,9
2026-03-23T11:36:43.959;103;5,9
2026-03-23T11:36:44.918;104;5,9
2026-03-23T11:36:45.877;104;5,9
2026-03-23T11:36:46.887;104;5,9
2026-03-23T11:36:47.799;103;6,0
2026-03-23T11:36:48.758;103;6,0
2026-03-23T11:36:49.719;103;6,0
2026-03-23T11:36:51.679;103;6,1
2026-03-23T11:36:52.106;105;6,9
2026-03-23T11:36:53.081;106;6,9
2026-03-23T11:36:54.083;108;6,6
2026-03-23T11:36:54.983;108;6,5
2026-03-23T11:36:55.964;108;6,5
2026-03-23T11:36:56.903;109;6,1
2026-03-23T11:36:57.869;109;4,2
2026-03-23T11:36:58.877;110;4,2
2026-03-23T11:37:00.797;110;4,2
2026-03-23T11:37:00.798;111;4,2
2026-03-23T11:37:01.756;111;4,6
2026-03-23T11:37:02.726;110;4,8
2026-03-23T11:37:04.163;109;4,7
2026-03-23T11:37:05.130;108;4,5
2026-03-23T11:37:06.091;108;4,5
2026-03-23T11:37:07.048;107;4,5
2026-03-23T11:37:08.484;107;2,9
2026-03-23T11:37:08.955;108;2,9
2026-03-23T11:37:09.918;108;2,9
2026-03-23T11:37:10.881;108;2,9
2026-03-23T11:37:11.842;107;4,0
2026-03-23T11:37:12.802;105;4,0
2026-03-23T11:37:13.761;105;4,0
2026-03-23T11:37:14.715;105;4,0
2026-03-23T11:37:16.160;105;3,9
2026-03-23T11:37:17.119;104;3,9
2026-03-23T11:37:18.074;104;3,9
2026-03-23T11:37:19.039;104;3,5
2026-03-23T11:37:20.002;104;3,3
2026-03-23T11:37:20.961;102;4,2
2026-03-23T11:37:21.924;102;4,2
2026-03-23T11:37:22.888;104;5,3
2026-03-23T11:37:23.781;105;5,6
2026-03-23T11:37:24.739;106;5,6
2026-03-23T11:37:25.716;105;5,8
2026-03-23T11:37:26.664;104;7,2
2026-03-23T11:37:28.100;101;9,0
2026-03-23T11:37:29.062;98;9,0
2026-03-23T11:37:30.037;98;9,4
2026-03-23T11:37:30.989;98;9,5
2026-03-23T11:37:31.961;98;9,7
2026-03-23T11:37:32.918;98;9,7
2026-03-23T11:37:33.867;99;9,7
2026-03-23T11:37:34.823;100;9,7
2026-03-23T11:37:35.797;101;9,8
2026-03-23T11:37:36.749;101;9,8
2026-03-23T11:37:38.679;102;9,4
2026-03-23T11:37:38.682;101;9,4
2026-03-23T11:37:40.120;101;9,5
2026-03-23T11:37:41.077;101;8,9
2026-03-23T11:37:42.036;100;8,8
2026-03-23T11:37:43.000;100;8,8
2026-03-23T11:37:43.966;100;8,6
2026-03-23T11:37:44.920;99;7,5
2026-03-23T11:37:45.880;99;5,4
2026-03-23T11:37:46.841;98;4,8
2026-03-23T11:37:47.800;97;3,9
2026-03-23T11:37:48.760;97;3,5
2026-03-23T11:37:49.721;97;3,5
2026-03-23T11:37:50.679;97;3,5
2026-03-23T11:37:52.120;98;3,6
2026-03-23T11:37:53.078;99;3,6
2026-03-23T11:37:54.040;99;3,4
2026-03-23T11:37:55.000;98;3,7
2026-03-23T11:37:55.961;96;5,6
2026-03-23T11:37:56.920;96;5,7
2026-03-23T11:37:57.881;97;6,2
2026-03-23T11:37:58.840;98;6,3
2026-03-23T11:37:59.800;99;6,3
2026-03-23T11:38:00.760;99;6,3
2026-03-23T11:38:01.721;99;6,3
2026-03-23T11:38:02.680;98;6,4
2026-03-23T11:38:04.120;98;6,6
2026-03-23T11:38:05.080;97;6,6
2026-03-23T11:38:06.039;97;6,7
2026-03-23T11:38:07.961;96;6,8
2026-03-23T11:38:07.963;96;6,8
2026-03-23T11:38:08.921;96;7,0
2026-03-23T11:38:09.880;96;6,9
2026-03-23T11:38:10.839;95;6,9
2026-03-23T11:38:11.801;94;7,6
2026-03-23T11:38:12.760;93;7,6
2026-03-23T11:38:13.721;92;6,2
2026-03-23T11:38:14.679;92;6,2
2026-03-23T11:38:16.120;92;6,2
2026-03-23T11:38:17.080;92;5,8
2026-03-23T11:38:18.040;92;6,2
2026-03-23T11:38:19.003;94;6,3
2026-03-23T11:38:19.959;94;6,5
2026-03-23T11:38:20.921;95;6,5
2026-03-23T11:38:21.879;95;6,7
2026-03-23T11:38:22.841;95;6,5
2026-03-23T11:38:23.800;94;7,2
2026-03-23T11:38:25.718;93;7,0
2026-03-23T11:38:25.719;93;7,0
2026-03-23T11:38:27.640;92;6,6
2026-03-23T11:38:28.118;92;7,0
2026-03-23T11:38:29.065;93;7,2
2026-03-23T11:38:30.041;94;6,9
2026-03-23T11:38:30.999;94;6,4
2026-03-23T11:38:31.961;94;6,3
2026-03-23T11:38:32.905;95;6,3
2026-03-23T11:38:33.880;94;7,0
2026-03-23T11:38:34.840;94;6,9
2026-03-23T11:38:35.801;93;6,8
2026-03-23T11:38:36.761;94;7,8
2026-03-23T11:38:37.720;95;7,7
2026-03-23T11:38:38.680;96;7,6
2026-03-23T11:38:40.114;98;7,4
2026-03-23T11:38:41.080;98;7,4
2026-03-23T11:38:42.023;99;6,6
2026-03-23T11:38:42.998;100;6,5
2026-03-23T11:38:43.946;99;6,6
2026-03-23T11:38:44.921;99;6,7
2026-03-23T11:38:45.867;99;6,1
2026-03-23T11:38:46.839;99;6,2
2026-03-23T11:38:47.801;99;6,1
2026-03-23T11:38:48.761;99;6,2
2026-03-23T11:38:49.721;100;6,2
2026-03-23T11:38:50.679;100;6,2
2026-03-23T11:38:52.121;101;5,4
2026-03-23T11:38:53.081;101;5,4
2026-03-23T11:38:54.040;101;5,2
2026-03-23T11:38:54.990;101;2,9
2026-03-23T11:38:55.960;101;2,5
2026-03-23T11:38:56.920;101;2,5
2026-03-23T11:38:57.882;101;2,6
2026-03-23T11:38:58.829;101;2,7
2026-03-23T11:38:59.800;101;2,8
2026-03-23T11:39:00.758;101;2,7
2026-03-23T11:39:01.718;101;2,3
2026-03-23T11:39:03.640;101;2,4
2026-03-23T11:39:04.120;101;2,1
2026-03-23T11:39:05.081;101;2,6
2026-03-23T11:39:06.024;102;2,9
2026-03-23T11:39:06.999;102;2,8
2026-03-23T11:39:07.951;103;2,9
2026-03-23T11:39:08.920;103;2,9
2026-03-23T11:39:09.880;103;2,9
2026-03-23T11:39:10.841;102;3,6
2026-03-23T11:39:12.760;101;3,6
2026-03-23T11:39:12.763;101;3,6
2026-03-23T11:39:13.721;101;3,7
2026-03-23T11:39:14.681;102;3,6
2026-03-23T11:39:16.121;102;3,6
2026-03-23T11:39:17.080;102;3,6
2026-03-23T11:39:18.040;102;3,6
2026-03-23T11:39:19.002;102;3,9
2026-03-23T11:39:19.961;102;3,9
2026-03-23T11:39:20.905;102;4,0
2026-03-23T11:39:21.882;101;3,9
2026-03-23T11:39:22.840;100;4,1
2026-03-23T11:39:23.801;99;3,8
2026-03-23T11:39:24.746;99;3,9
2026-03-23T11:39:25.721;100;3,9
2026-03-23T11:39:26.663;100;4,4
2026-03-23T11:39:28.121;101;3,7
2026-03-23T11:39:29.079;102;3,9
2026-03-23T11:39:30.052;102;3,9
2026-03-23T11:39:31.001;102;3,8
2026-03-23T11:39:31.960;102;3,8
2026-03-23T11:39:32.922;102;3,8
2026-03-23T11:39:33.882;101;3,8
2026-03-23T11:39:34.841;102;4,2
2026-03-23T11:39:35.801;102;4,1
2026-03-23T11:39:36.761;103;4,0
2026-03-23T11:39:37.706;104;3,9
2026-03-23T11:39:38.682;103;4,1
2026-03-23T11:39:40.116;103;4,2
2026-03-23T11:39:41.081;103;4,2
2026-03-23T11:39:42.041;103;4,2
2026-03-23T11:39:43.005;103;4,4
2026-03-23T11:39:43.960;104;4,0
2026-03-23T11:39:44.921;104;4,2
2026-03-23T11:39:45.881;105;4,2
2026-03-23T11:39:46.836;105;4,2
2026-03-23T11:39:47.801;105;4,2
2026-03-23T11:39:48.746;104;4,2
2026-03-23T11:39:50.682;104;4,6
2026-03-23T11:39:50.684;103;4,6
2026-03-23T11:39:52.121;102;4,3
2026-03-23T11:39:53.081;102;4,2
2026-03-23T11:39:54.041;102;4,2
2026-03-23T11:39:55.002;102;4,2
2026-03-23T11:39:55.963;102;4,0
2026-03-23T11:39:56.921;102;3,7
2026-03-23T11:39:57.882;102;3,7
2026-03-23T11:39:59.802;102;3,7
2026-03-23T11:39:59.805;101;3,7
2026-03-23T11:40:00.761;101;3,4
2026-03-23T11:40:01.722;100;3,1
2026-03-23T11:40:02.680;100;3,1
2026-03-23T11:40:04.121;100;3,1
2026-03-23T11:40:05.081;100;3,1
2026-03-23T11:40:06.027;100;3,1
2026-03-23T11:40:07.001;99;3,3
2026-03-23T11:40:07.961;99;3,4
2026-03-23T11:40:08.922;97;5,3
2026-03-23T11:40:09.881;96;6,9
2026-03-23T11:40:10.842;94;7,0
2026-03-23T11:40:11.801;93;7,1
2026-03-23T11:40:12.761;93;7,7
2026-03-23T11:40:13.722;93;7,7
2026-03-23T11:40:14.681;93;7,8
2026-03-23T11:40:16.121;94;8,3
2026-03-23T11:40:17.080;95;8,3
2026-03-23T11:40:18.041;96;8,3
2026-03-23T11:40:18.989;96;8,2
2026-03-23T11:40:19.962;96;8,2
2026-03-23T11:40:20.908;95;10,3
2026-03-23T11:40:21.882;93;10,3
2026-03-23T11:40:22.829;92;10,6
2026-03-23T11:40:23.802;91;10,6
2026-03-23T11:40:24.758;91;10,7
2026-03-23T11:40:25.721;90;10,6
2026-03-23T11:40:27.641;90;10,6
2026-03-23T11:40:28.108;89;9,6
2026-03-23T11:40:29.080;90;8,5
2026-03-23T11:40:30.027;91;9,0
2026-03-23T11:40:30.998;91;9,0
2026-03-23T11:40:31.961;92;8,5
2026-03-23T11:40:32.921;92;9,2
2026-03-23T11:40:33.881;91;9,1
2026-03-23T11:40:34.841;91;9,7
2026-03-23T11:40:36.763;90;9,4
2026-03-23T11:40:36.766;89;9,4
2026-03-23T11:40:37.708;89;9,4
2026-03-23T11:40:38.681;89;9,5
2026-03-23T11:40:40.122;89;7,3
2026-03-23T11:40:41.068;89;7,3
2026-03-23T11:40:42.041;90;6,8
2026-03-23T11:40:42.984;90;6,7
2026-03-23T11:40:43.966;90;6,7
2026-03-23T11:40:44.922;90;6,6
2026-03-23T11:40:45.881;89;6,7
2026-03-23T11:40:46.841;89;6,7
2026-03-23T11:40:47.802;89;6,9
2026-03-23T11:40:48.748;88;6,7
2026-03-23T11:40:49.721;88;6,5
2026-03-23T11:40:50.682;89;6,4
2026-03-23T11:40:52.121;89;6,4
2026-03-23T11:40:53.068;89;5,3
2026-03-23T11:40:54.040;89;5,3
2026-03-23T11:40:55.002;89;3,9
2026-03-23T11:40:55.945;89;3,9
2026-03-23T11:40:56.922;89;3,8
2026-03-23T11:40:57.869;89;3,8
2026-03-23T11:40:58.843;90;3,8
2026-03-23T11:40:59.801;90;3,6
2026-03-23T11:41:00.761;90;3,6
2026-03-23T11:41:01.710;90;3,6
2026-03-23T11:41:02.682;90;3,8
2026-03-23T11:41:04.121;90;3,8
2026-03-23T11:41:05.086;90;3,7
2026-03-23T11:41:06.041;91;3,7
2026-03-23T11:41:06.987;91;3,3
2026-03-23T11:41:07.962;91;2,5
2026-03-23T11:41:08.905;91;2,5
2026-03-23T11:41:09.863;91;3,0
2026-03-23T11:41:10.829;91;3,0
2026-03-23T11:41:11.791;90;2,9
2026-03-23T11:41:12.746;90;2,9
2026-03-23T11:41:13.703;90;3,0
2026-03-23T11:41:14.662;90;3,0
2026-03-23T11:41:16.103;91;3,2
2026-03-23T11:41:17.545;91;3,3
2026-03-23T11:41:18.023;92;3,4
2026-03-23T11:41:19.001;92;3,3
2026-03-23T11:41:19.944;93;3,5
2026-03-23T11:41:20.922;93;3,6
2026-03-23T11:41:21.881;93;3,5
2026-03-23T11:41:22.841;93;3,4
2026-03-23T11:41:24.764;93;3,6
2026-03-23T11:41:24.769;95;4,1
2026-03-23T11:41:25.722;95;4,1
2026-03-23T11:41:26.681;96;5,2
2026-03-23T11:41:28.121;97;5,5
2026-03-23T11:41:29.082;98;5,5
2026-03-23T11:41:30.042;99;5,5
2026-03-23T11:41:31.002;99;5,6
2026-03-23T11:41:31.961;99;6,7
2026-03-23T11:41:32.923;98;6,7
2026-03-23T11:41:33.870;97;6,7
2026-03-23T11:41:34.841;97;6,6
2026-03-23T11:41:35.803;96;6,5
2026-03-23T11:41:36.746;96;6,5
2026-03-23T11:41:37.724;96;6,4
2026-03-23T11:41:38.664;96;6,9
2026-03-23T11:41:40.121;96;6,9
2026-03-23T11:41:41.083;97;6,9
2026-03-23T11:41:42.041;98;6,9
2026-03-23T11:41:43.000;98;6,7
2026-03-23T11:41:43.963;98;6,7
2026-03-23T11:41:44.921;97;6,1
2026-03-23T11:41:45.882;96;5,7
2026-03-23T11:41:46.841;96;6,2
2026-03-23T11:41:47.799;94;7,5
2026-03-23T11:41:48.762;93;7,5
2026-03-23T11:41:49.722;92;6,5
2026-03-23T11:41:50.682;92;7,0
2026-03-23T11:41:52.116;93;7,0
2026-03-23T11:41:53.078;93;7,0
2026-03-23T11:41:54.042;93;7,1
2026-03-23T11:41:54.998;92;7,5
2026-03-23T11:41:55.961;91;8,0
2026-03-23T11:41:56.921;90;8,0
2026-03-23T11:41:57.880;90;7,9
2026-03-23T11:41:58.843;91;8,3
2026-03-23T11:41:59.802;91;8,3
2026-03-23T11:42:00.763;92;8,3
2026-03-23T11:42:02.684;92;8,2
2026-03-23T11:42:02.687;93;8,2
2026-03-23T11:42:04.123;93;8,5
2026-03-23T11:42:05.081;92;10,1
2026-03-23T11:42:06.043;91;9,7
2026-03-23T11:42:07.482;90;8,7
2026-03-23T11:42:07.962;89;9,6
2026-03-23T11:42:08.906;88;9,6
2026-03-23T11:42:09.883;88;9,2
2026-03-23T11:42:11.803;87;9,1
2026-03-23T11:42:11.806;87;9,3
2026-03-23T11:42:12.761;87;9,3
2026-03-23T11:42:13.722;88;9,9
2026-03-23T11:42:14.679;89;9,8
2026-03-23T11:42:16.106;90;9,9
2026-03-23T11:42:17.079;91;9,8
2026-03-23T11:42:18.042;92;9,5
2026-03-23T11:42:19.003;92;9,2
2026-03-23T11:42:19.963;93;9,4
2026-03-23T11:42:20.921;92;10,1
2026-03-23T11:42:21.881;92;10,1
2026-03-23T11:42:22.842;91;9,8
2026-03-23T11:42:23.804;91;8,2
2026-03-23T11:42:24.760;92;8,5
2026-03-23T11:42:26.682;93;8,5
2026-03-23T11:42:26.685;93;7,5
2026-03-23T11:42:28.122;93;7,5
2026-03-23T11:42:29.072;93;7,5
2026-03-23T11:42:30.043;94;7,4
2026-03-23T11:42:31.002;94;7,4
2026-03-23T11:42:31.963;94;7,4
2026-03-23T11:42:32.911;95;6,1
2026-03-23T11:42:33.882;95;5,6
2026-03-23T11:42:34.832;95;5,5
2026-03-23T11:42:35.802;95;5,5
2026-03-23T11:42:36.763;96;5,5
2026-03-23T11:42:37.722;96;5,5
2026-03-23T11:42:38.683;96;5,4
2026-03-23T11:42:40.105;96;3,9
2026-03-23T11:42:41.082;96;3,9
2026-03-23T11:42:42.045;96;3,6
2026-03-23T11:42:43.002;96;2,8
2026-03-23T11:42:43.962;97;2,7
2026-03-23T11:42:44.927;98;4,2
2026-03-23T11:42:45.865;100;4,6
2026-03-23T11:42:46.841;100;4,5
2026-03-23T11:42:47.805;100;4,9
2026-03-23T11:42:49.722;100;5,3
2026-03-23T11:42:49.724;99;5,2
2026-03-23T11:42:50.682;99;5,3
2026-03-23T11:42:52.123;98;5,5
2026-03-23T11:42:53.066;98;5,5
2026-03-23T11:42:54.046;99;5,5
2026-03-23T11:42:54.990;99;5,5
2026-03-23T11:42:55.963;99;5,5
2026-03-23T11:42:56.905;99;5,5
2026-03-23T11:42:58.833;99;5,8
2026-03-23T11:42:58.836;97;7,5
2026-03-23T11:42:59.806;96;7,5
2026-03-23T11:43:00.746;95;7,4
2026-03-23T11:43:01.723;96;7,0
2026-03-23T11:43:02.666;96;7,1
2026-03-23T11:43:04.123;97;7,1
2026-03-23T11:43:05.083;97;7,1
2026-03-23T11:43:06.043;98;6,8
2026-03-23T11:43:07.947;98;6,5
2026-03-23T11:43:07.949;98;6,5
2026-03-23T11:43:08.922;97;6,6
2026-03-23T11:43:09.883;97;6,4
2026-03-23T11:43:10.841;96;6,4
2026-03-23T11:43:11.803;96;6,5
2026-03-23T11:43:12.762;96;6,4
2026-03-23T11:43:13.709;95;6,3
2026-03-23T11:43:14.682;95;6,3
2026-03-23T11:43:16.123;95;6,0
2026-03-23T11:43:17.083;95;3,8
2026-03-23T11:43:18.042;95;4,1
2026-03-23T11:43:18.985;96;4,3
2026-03-23T11:43:19.962;97;4,4
2026-03-23T11:43:20.922;97;4,2
2026-03-23T11:43:21.883;99;4,0
2026-03-23T11:43:22.844;100;4,0
2026-03-23T11:43:23.802;100;4,0
2026-03-23T11:43:24.762;100;4,3
2026-03-23T11:43:25.724;99;4,5
2026-03-23T11:43:27.642;99;4,3
2026-03-23T11:43:27.645;98;4,4
2026-03-23T11:43:29.082;98;4,4
2026-03-23T11:43:30.043;97;4,4
2026-03-23T11:43:31.004;97;4,5
2026-03-23T11:43:31.961;97;4,6
2026-03-23T11:43:32.923;97;4,6
2026-03-23T11:43:33.882;97;4,6
2026-03-23T11:43:34.842;97;4,6
2026-03-23T11:43:36.764;97;4,2
2026-03-23T11:43:36.769;97;4,2
2026-03-23T11:43:37.725;97;3,7
2026-03-23T11:43:38.683;97;3,5
2026-03-23T11:43:40.104;97;3,4
2026-03-23T11:43:41.081;96;3,4
2026-03-23T11:43:42.045;96;3,5
2026-03-23T11:43:43.004;97;3,2
2026-03-23T11:43:43.963;97;2,9
2026-03-23T11:43:44.922;97;3,1
2026-03-23T11:43:45.884;96;3,0
2026-03-23T11:43:46.840;96;3,0
2026-03-23T11:43:47.804;95;3,0
2026-03-23T11:43:48.765;95;2,7
2026-03-23T11:43:49.724;96;4,8
2026-03-23T11:43:50.682;97;5,1
2026-03-23T11:43:51.643;99;5,6
2026-03-23T11:43:53.085;101;5,6
2026-03-23T11:43:54.040;102;5,6
2026-03-23T11:43:55.003;102;5,5
2026-03-23T11:43:55.965;103;5,5
2026-03-23T11:43:56.925;103;5,5
2026-03-23T11:43:57.886;103;5,5
2026-03-23T11:43:58.843;103;5,7
2026-03-23T11:43:59.803;105;5,8
2026-03-23T11:44:00.764;106;5,9
2026-03-23T11:44:01.712;107;5,8
2026-03-23T11:44:02.683;107;5,7
2026-03-23T11:44:04.112;106;6,0
2026-03-23T11:44:05.084;106;6,2
2026-03-23T11:44:06.027;105;6,1
2026-03-23T11:44:07.004;104;4,5
2026-03-23T11:44:07.964;104;3,8
2026-03-23T11:44:08.922;103;3,6
2026-03-23T11:44:09.874;102;3,5
2026-03-23T11:44:10.843;102;3,8
2026-03-23T11:44:11.791;102;3,8
2026-03-23T11:44:12.764;102;4,1
2026-03-23T11:44:13.710;103;4,1
2026-03-23T11:44:14.685;104;4,6
2026-03-23T11:44:16.125;105;4,1
2026-03-23T11:44:17.083;105;4,1
2026-03-23T11:44:18.043;106;3,9
2026-03-23T11:44:18.986;106;3,9
2026-03-23T11:44:19.964;106;3,9
2026-03-23T11:44:20.906;107;3,4
2026-03-23T11:44:21.882;107;3,3
2026-03-23T11:44:23.802;107;3,2
2026-03-23T11:44:23.805;108;3,2
2026-03-23T11:44:24.747;108;3,2
2026-03-23T11:44:26.668;109;3,2
2026-03-23T11:44:26.671;109;3,2
2026-03-23T11:44:28.123;109;3,0
2026-03-23T11:44:29.084;109;2,7
2026-03-23T11:44:30.027;108;2,6
2026-03-23T11:44:31.003;108;2,7
2026-03-23T11:44:31.945;108;1,9
2026-03-23T11:44:32.924;107;1,9
2026-03-23T11:44:33.868;107;1,9
2026-03-23T11:44:34.846;107;1,9
2026-03-23T11:44:35.793;107;2,0
2026-03-23T11:44:36.763;107;2,1
2026-03-23T11:44:37.709;107;2,0
2026-03-23T11:44:38.683;106;2,1
2026-03-23T11:44:40.123;106;2,1
2026-03-23T11:44:41.083;106;2,0
2026-03-23T11:44:42.044;105;2,1
2026-03-23T11:44:43.004;105;3,3
2026-03-23T11:44:43.963;103;4,0
2026-03-23T11:44:44.923;101;4,9
2026-03-23T11:44:45.883;100;5,1
2026-03-23T11:44:46.844;98;5,1
2026-03-23T11:44:47.803;97;5,1
2026-03-23T11:44:48.764;97;5,4
2026-03-23T11:44:49.710;98;5,6
2026-03-23T11:44:50.667;98;5,6
2026-03-23T11:44:52.591;99;5,6
2026-03-23T11:44:53.083;100;5,8
2026-03-23T11:44:54.043;100;5,9
2026-03-23T11:44:55.003;101;5,9
2026-03-23T11:44:55.964;101;6,0
2026-03-23T11:44:56.925;102;6,0
2026-03-23T11:44:57.867;102;6,0
2026-03-23T11:44:58.843;103;6,0
2026-03-23T11:44:59.803;103;5,6
2026-03-23T11:45:01.724;103;5,2
2026-03-23T11:45:01.726;103;5,2
2026-03-23T11:45:02.684;103;4,1
2026-03-23T11:45:03.625;102;4,1
2026-03-23T11:45:05.084;102;4,6
2026-03-23T11:45:06.044;101;4,3
2026-03-23T11:45:07.963;100;4,0
2026-03-23T11:45:07.965;100;4,0
2026-03-23T11:45:08.908;100;3,9
2026-03-23T11:45:10.845;100;3,8
2026-03-23T11:45:10.847;100;3,8
2026-03-23T11:45:11.804;101;3,7
2026-03-23T11:45:12.762;101;3,6
2026-03-23T11:45:13.721;101;3,6
2026-03-23T11:45:14.672;101;3,7
2026-03-23T11:45:15.643;101;3,7
2026-03-23T11:45:17.083;100;3,8
2026-03-23T11:45:18.026;99;3,6
2026-03-23T11:45:19.003;99;3,5
2026-03-23T11:45:19.965;99;3,4
2026-03-23T11:45:20.924;99;3,5
2026-03-23T11:45:21.882;99;3,5
2026-03-23T11:45:22.845;99;2,7
2026-03-23T11:45:23.790;99;2,6
2026-03-23T11:45:24.763;99;2,7
2026-03-23T11:45:25.708;98;2,7
2026-03-23T11:45:27.625;98;2,5
2026-03-23T11:45:27.627;98;2,4
2026-03-23T11:45:29.083;99;3,1
2026-03-23T11:45:30.043;100;4,4
2026-03-23T11:45:31.004;102;4,4
2026-03-23T11:45:31.963;102;4,3
2026-03-23T11:45:32.925;102;4,9
2026-03-23T11:45:33.883;102;5,0
2026-03-23T11:45:34.828;100;6,2
2026-03-23T11:45:35.802;98;6,9
2026-03-23T11:45:36.752;96;6,9
2026-03-23T11:45:37.726;97;7,4
2026-03-23T11:45:38.684;98;7,9
2026-03-23T11:45:39.637;98;7,9
2026-03-23T11:45:41.084;100;8,0
2026-03-23T11:45:42.045;101;8,0
2026-03-23T11:45:43.004;101;8,0
2026-03-23T11:45:43.965;102;8,0
2026-03-23T11:45:44.923;102;8,0
2026-03-23T11:45:45.885;102;7,7
2026-03-23T11:45:46.843;103;7,7
2026-03-23T11:45:48.766;103;7,0
2026-03-23T11:45:48.769;103;7,0
2026-03-23T11:45:49.705;103;7,1
2026-03-23T11:45:50.684;103;6,5
2026-03-23T11:45:51.631;102;5,5
2026-03-23T11:45:53.083;102;4,5
2026-03-23T11:45:54.045;102;4,5
2026-03-23T11:45:55.006;102;3,8
2026-03-23T11:45:55.964;102;2,7
2026-03-23T11:45:56.927;102;2,3
2026-03-23T11:45:57.884;101;3,5
2026-03-23T11:45:58.842;100;3,8
2026-03-23T11:45:59.805;99;3,8
2026-03-23T11:46:00.764;98;3,8
2026-03-23T11:46:01.723;98;3,9
2026-03-23T11:46:02.685;99;4,3
2026-03-23T11:46:03.647;99;4,4
2026-03-23T11:46:05.083;100;4,4
2026-03-23T11:46:06.047;100;4,4
2026-03-23T11:46:07.964;101;4,4
2026-03-23T11:46:08.426;101;4,5
2026-03-23T11:46:08.929;100;5,0
2026-03-23T11:46:09.883;99;5,0
2026-03-23T11:46:10.846;98;5,0
2026-03-23T11:46:11.804;97;5,0
2026-03-23T11:46:12.765;97;5,0
2026-03-23T11:46:13.725;97;6,1
2026-03-23T11:46:14.683;98;6,0
2026-03-23T11:46:15.631;98;5,2
2026-03-23T11:46:17.084;98;5,7
2026-03-23T11:46:18.044;97;5,8
2026-03-23T11:46:19.003;96;5,9
2026-03-23T11:46:19.965;93;9,8
2026-03-23T11:46:20.923;92;9,7
2026-03-23T11:46:21.883;91;9,7
2026-03-23T11:46:22.848;91;10,8
2026-03-23T11:46:23.793;91;11,3
2026-03-23T11:46:24.764;92;12,6
2026-03-23T11:46:25.728;95;12,5
2026-03-23T11:46:26.684;95;12,5
2026-03-23T11:46:27.645;95;12,4
2026-03-23T11:46:29.068;95;12,4
2026-03-23T11:46:30.045;95;12,4
2026-03-23T11:46:30.986;95;12,4
2026-03-23T11:46:31.963;95;12,4
2026-03-23T11:46:32.924;95;12,0
2026-03-23T11:46:33.885;95;12,0
2026-03-23T11:46:35.804;95;12,0
2026-03-23T11:46:35.807;93;14,0
2026-03-23T11:46:36.765;91;15,5
2026-03-23T11:46:37.726;89;18,5
2026-03-23T11:46:38.685;86;18,1
2026-03-23T11:46:39.643;85;16,7
2026-03-23T11:46:41.081;84;17,7
2026-03-23T11:46:42.028;85;18,2
2026-03-23T11:46:43.005;85;17,4
2026-03-23T11:46:43.961;86;16,6
2026-03-23T11:46:44.924;86;16,6
2026-03-23T11:46:45.885;87;16,7
2026-03-23T11:46:46.844;87;16,8
2026-03-23T11:46:47.805;87;16,6
2026-03-23T11:46:48.764;87;16,6
2026-03-23T11:46:49.724;87;16,6
2026-03-23T11:46:50.684;88;16,6
2026-03-23T11:46:52.605;88;16,6
2026-03-23T11:46:53.069;88;16,6
2026-03-23T11:46:54.046;89;16,7
2026-03-23T11:46:54.991;89;16,7
2026-03-23T11:46:55.963;89;15,0
2026-03-23T11:46:56.926;89;13,4
2026-03-23T11:46:57.885;89;8,7
2026-03-23T11:46:58.842;89;8,7
2026-03-23T11:46:59.806;89;7,6
2026-03-23T11:47:00.763;89;6,7
2026-03-23T11:47:01.725;88;4,2
2026-03-23T11:47:02.684;88;4,3
2026-03-23T11:47:03.647;88;3,9
2026-03-23T11:47:05.082;88
2026-03-23T11:47:06.034;88;3,5
2026-03-23T11:47:07.963;88;3,5
2026-03-23T11:47:07.966;89;3,7
2026-03-23T11:47:08.923;89;4,3
2026-03-23T11:47:09.885;91;5,4
2026-03-23T11:47:10.846;94;5,7
2026-03-23T11:47:11.795;94
2026-03-23T11:47:12.765;95;6,7
2026-03-23T11:47:13.723;96;6,7
2026-03-23T11:47:14.689;97;6,5
2026-03-23T11:47:15.645;97;6,7
2026-03-23T11:47:17.084;97;6,7
2026-03-23T11:47:18.044;97;6,7
2026-03-23T11:47:18.989;97;6,7
2026-03-23T11:47:19.950;97;6,7
2026-03-23T11:47:20.911;97;6,7
2026-03-23T11:47:21.865;97;6,6
2026-03-23T11:47:22.831;97;6,6
2026-03-23T11:47:24.286;97;6,5
2026-03-23T11:47:24.764;97;6,5
2026-03-23T11:47:25.725;96;6,6
2026-03-23T11:47:26.683;96;6,5
2026-03-23T11:47:27.636;96;5,6
2026-03-23T11:47:29.084;96;5,1
2026-03-23T11:47:30.030;95;5,1
2026-03-23T11:47:31.005;95;4,7
2026-03-23T11:47:31.956;95;3,5
2026-03-23T11:47:32.924;95;3,5
2026-03-23T11:47:33.882;95;3,4
2026-03-23T11:47:34.845;95;2,8
2026-03-23T11:47:35.794;95;2,7
2026-03-23T11:47:36.764;95;2,7
2026-03-23T11:47:37.710;95;2,7
2026-03-23T11:47:38.686;95;2,7
2026-03-23T11:47:40.122;96;4,0
2026-03-23T11:47:41.085;97;4,0
2026-03-23T11:47:42.045;98;4,5
2026-03-23T11:47:43.004;99;4,5
2026-03-23T11:47:43.967;99;4,4
2026-03-23T11:47:44.925;99;4,6
2026-03-23T11:47:45.885;98;4,7
2026-03-23T11:47:46.830;98;4,7
2026-03-23T11:47:47.804;98;4,9
2026-03-23T11:47:48.765;98;4,9
2026-03-23T11:47:49.725;99;4,5
2026-03-23T11:47:50.677;99;4,5
2026-03-23T11:47:52.593;98;5,7
2026-03-23T11:47:53.084;98;5,7
2026-03-23T11:47:54.043;97;5,8
2026-03-23T11:47:55.007;97;5,8
2026-03-23T11:47:55.965;96;5,9
2026-03-23T11:47:56.925;96;5,2
2026-03-23T11:47:57.885;96;5,3
2026-03-23T11:47:58.854;96;5,3
2026-03-23T11:48:00.765;96;5,0
2026-03-23T11:48:00.767;96;5,0
2026-03-23T11:48:01.711;96;4,9
2026-03-23T11:48:02.690;97;4,9
2026-03-23T11:48:03.646;97;4,8
2026-03-23T11:48:05.085;96;7,5
2026-03-23T11:48:06.045;94;9,8
2026-03-23T11:48:07.966;92;9,7
2026-03-23T11:48:07.968;91;9,7
2026-03-23T11:48:08.909;90;9,7
2026-03-23T11:48:09.886;89;10,8
2026-03-23T11:48:10.844;89;10,9
2026-03-23T11:48:11.805;91;10,3
2026-03-23T11:48:12.765;92;10,9
2026-03-23T11:48:13.723;93;10,9
2026-03-23T11:48:14.674;95;11,3
2026-03-23T11:48:15.645;96;11,3
2026-03-23T11:48:17.085;97;11,2
2026-03-23T11:48:18.044;96;12,3
2026-03-23T11:48:19.004;91;15,9
2026-03-23T11:48:19.965;85;21,9
2026-03-23T11:48:20.919;83;26,2
2026-03-23T11:48:21.889;81;26,2
2026-03-23T11:48:22.846;80;26,2
2026-03-23T11:48:23.787;80;28,2
2026-03-23T11:48:24.765;80;28,6
2026-03-23T11:48:25.726;82;28,1
2026-03-23T11:48:26.685;84;28,7
2026-03-23T11:48:27.630;85;28,7
2026-03-23T11:48:29.086;88;28,9
2026-03-23T11:48:30.045;89;28,6
2026-03-23T11:48:31.005;92;28,6
2026-03-23T11:48:31.963;92;28,6
2026-03-23T11:48:32.927;93;28,5
2026-03-23T11:48:33.885;93;28,5
2026-03-23T11:48:34.845;93;28,4
2026-03-23T11:48:35.805;92;28,4
2026-03-23T11:48:36.748;92;28,4
2026-03-23T11:48:37.726;92;26,1
2026-03-23T11:48:38.678;92;21,3
2026-03-23T11:48:39.644;93;15,7
2026-03-23T11:48:41.088;94;15,8
2026-03-23T11:48:42.046;94;14,0
2026-03-23T11:48:43.006;95;9,3
2026-03-23T11:48:43.965;95;9,3
2026-03-23T11:48:44.925;96;8,0
2026-03-23T11:48:45.885;97;6,2
2026-03-23T11:48:47.804;97;5,3
2026-03-23T11:48:47.806;98;4,6
2026-03-23T11:48:48.764;98;4,7
2026-03-23T11:48:49.726;99;4,7
2026-03-23T11:48:50.686;100;3,9
2026-03-23T11:48:52.605;100;3,6
2026-03-23T11:48:53.085;101;3,6
2026-03-23T11:48:54.042;102;3,5
2026-03-23T11:48:55.006;102;3,5
2026-03-23T11:48:55.971;102;3,3
2026-03-23T11:48:56.924;102;3,5
2026-03-23T11:48:57.886;101;3,2
2026-03-23T11:48:58.847;101;2,8
2026-03-23T11:48:59.806;102;2,9
2026-03-23T11:49:00.767;103;3,2
2026-03-23T11:49:01.726;104;29,1
2026-03-23T11:49:02.686;104;29,1
2026-03-23T11:49:03.645;104;42,6
2026-03-23T11:49:05.067;104;42,5
2026-03-23T11:49:06.046;104;42,5
2026-03-23T11:49:07.967;104;42,5
2026-03-23T11:49:07.970;104;42,5
2026-03-23T11:49:08.925;104;42,5
2026-03-23T11:49:09.885;105;42,5
2026-03-23T11:49:10.841;104;42,5
2026-03-23T11:49:11.804;104
2026-03-23T11:49:12.765;103;42,5
2026-03-23T11:49:13.731;103;42,5
2026-03-23T11:49:14.684;103;42,5
2026-03-23T11:49:15.646;103;42,5
2026-03-23T11:49:17.086;103;42,5
2026-03-23T11:49:18.036;102;42,5
2026-03-23T11:49:19.005;102;42,5
2026-03-23T11:49:19.953;102;31,1
2026-03-23T11:49:20.925;102;2,4
2026-03-23T11:49:21.885;103;2,6
2026-03-23T11:49:22.845;103;2,6
2026-03-23T11:49:23.808;104;2,6
2026-03-23T11:49:24.765;104;2,5
2026-03-23T11:49:25.725;105;2,5
2026-03-23T11:49:26.683;105;2,5
2026-03-23T11:49:27.650;105;2,5
2026-03-23T11:49:29.086;105;2,4
2026-03-23T11:49:30.047;106;2,1
2026-03-23T11:49:30.991;107;2,5
2026-03-23T11:49:31.965;107;2,5
2026-03-23T11:49:32.908;108;2,4
2026-03-23T11:49:33.886;108;2,5
2026-03-23T11:49:34.829;108;2,6
2026-03-23T11:49:35.808;108;2,6
2026-03-23T11:49:36.765;108;2,5
2026-03-23T11:49:37.726;108;2,5
2026-03-23T11:49:38.675;109;2,5
2026-03-23T11:49:39.648;109;2,5
2026-03-23T11:49:41.085;109;2,4
2026-03-23T11:49:43.005;109;2,4
2026-03-23T11:49:43.008;108;2,9
2026-03-23T11:49:43.951;108;2,9
2026-03-23T11:49:44.926;107;2,8
2026-03-23T11:49:45.872;107;2,8
2026-03-23T11:49:46.845;107;2,9
2026-03-23T11:49:47.790;106;3,0
2026-03-23T11:49:48.766;105;3,1
2026-03-23T11:49:49.724;105;3,1
2026-03-23T11:49:50.685;104;3,2
2026-03-23T11:49:52.606;104;3,2
2026-03-23T11:49:53.556;103;3,2
2026-03-23T11:49:54.046;103;3,2
2026-03-23T11:49:55.484;103;3,1
2026-03-23T11:49:56.445;103;3,0
2026-03-23T11:49:56.924;103;3,2
2026-03-23T11:49:57.886;103;3,2
2026-03-23T11:49:58.848;103;3,1
2026-03-23T11:49:59.806;103;2,9
2026-03-23T11:50:00.759;102;3,0
2026-03-23T11:50:01.730;102;3,1
2026-03-23T11:50:03.168;101;3,1
2026-03-23T11:50:04.126;101;3,0
2026-03-23T11:50:05.086;100;2,9
2026-03-23T11:50:06.525;100;3,1
2026-03-23T11:50:07.486;99;3,1
2026-03-23T11:50:07.965;99;3,0
2026-03-23T11:50:08.926;99;3,0
2026-03-23T11:50:09.885;98;3,4
2026-03-23T11:50:11.806;97;3,5
2026-03-23T11:50:12.765;96;5,3
2026-03-23T11:50:12.766;96
2026-03-23T11:50:13.729;95;5,3
2026-03-23T11:50:15.645;95;5,2
2026-03-23T11:50:15.648;95;5,2
2026-03-23T11:50:17.550;96;7,1
2026-03-23T11:50:18.045;97;7,1
2026-03-23T11:50:19.471;97;7,1
2026-03-23T11:50:19.965;98;7,0
2026-03-23T11:50:20.926;99;7,1
2026-03-23T11:50:21.886;100;7,1
2026-03-23T11:50:23.313;100;7,1
2026-03-23T11:50:24.286;100;6,9
2026-03-23T11:50:24.762;100;7,0
2026-03-23T11:50:25.709;99;7,0
2026-03-23T11:50:26.687;99;7,0
2026-03-23T11:50:28.126;99;6,9
2026-03-23T11:50:29.074;99;6,8
2026-03-23T11:50:30.528;100;5,7
2026-03-23T11:50:31.965;100;6,3
2026-03-23T11:50:31.967;101;6,3
2026-03-23T11:50:32.910;102;6,3
2026-03-23T11:50:33.886;102;4,3
2026-03-23T11:50:35.791;101;4,6
2026-03-23T11:50:35.793;100;5,7
2026-03-23T11:50:36.766;98;5,7
2026-03-23T11:50:37.726;97;5,7
2026-03-23T11:50:38.687;97;5,7
2026-03-23T11:50:41.087;96;5,7
2026-03-23T11:50:41.089;96;5,7
2026-03-23T11:50:43.007;96;6,1
2026-03-23T11:50:43.010;97;6,0
2026-03-23T11:50:44.443;97;6,0
2026-03-23T11:50:44.924;97;5,9
2026-03-23T11:50:45.875;97;5,8
2026-03-23T11:50:46.847;97;5,8
2026-03-23T11:50:47.807;97;6,2
2026-03-23T11:50:49.228;98;5,5
2026-03-23T11:50:49.725;99;5,8
2026-03-23T11:50:50.686;100;5,8
2026-03-23T11:50:51.646;101;5,6
2026-03-23T11:50:53.069;101;5,4
2026-03-23T11:50:54.991;102;4,1
2026-03-23T11:50:54.994;102;4,0
2026-03-23T11:50:56.444;102;3,9
2026-03-23T11:50:57.406;102;3,9
2026-03-23T11:50:57.890;102;3,9
2026-03-23T11:51:00.767;103;3,3
2026-03-23T11:51:00.770;104;3,5
2026-03-23T11:51:00.771;104;3,6
2026-03-23T11:51:02.688;105;3,6
2026-03-23T11:51:03.169;106;3,6
2026-03-23T11:51:04.109;107;3,6
2026-03-23T11:51:05.567;107;2,7
2026-03-23T11:51:06.045;107;2,7
2026-03-23T11:51:06.992;108;2,2
2026-03-23T11:51:07.964;109;2,2
2026-03-23T11:51:08.927;109;2,2
2026-03-23T11:51:09.886;108;2,6
2026-03-23T11:51:10.828;108;2,6
2026-03-23T11:51:11.797;108;2,6
2026-03-23T11:51:12.750;108;2,6
2026-03-23T11:51:13.723;108;2,5
2026-03-23T11:51:14.673;108;2,4
2026-03-23T11:51:16.123;108;2,3
2026-03-23T11:51:17.074;109;2,4
2026-03-23T11:51:18.989;110;2,4
2026-03-23T11:51:18.992;111;2,5
2026-03-23T11:51:19.948;112;2,5
2026-03-23T11:51:20.908;112;2,6
2026-03-23T11:51:22.354;113;2,6
2026-03-23T11:51:22.838;114;2,8
2026-03-23T11:51:23.807;115;2,8
2026-03-23T11:51:24.768;115;2,5
2026-03-23T11:51:25.726;116;2,4
2026-03-23T11:51:26.687;116;2,4
2026-03-23T11:51:27.630;116;2,5
2026-03-23T11:51:29.085;115;2,9
2026-03-23T11:51:30.048;113;3,4
2026-03-23T11:51:31.002;113
2026-03-23T11:51:31.952;111;3,4
2026-03-23T11:51:32.929;110;3,3
2026-03-23T11:51:33.886;110;3,1
2026-03-23T11:51:34.845;110
2026-03-23T11:51:35.806;109;3,1
2026-03-23T11:51:37.724;109;3,3
2026-03-23T11:51:37.726;108;3,3
2026-03-23T11:51:38.686;107;3,3
2026-03-23T11:51:39.644;105;3,7
2026-03-23T11:51:41.567;104;4,0
2026-03-23T11:51:42.526;104;4,0
2026-03-23T11:51:43.008;104;4,3
2026-03-23T11:51:43.966;104;4,2
2026-03-23T11:51:44.929;105;4,5
2026-03-23T11:51:46.365;106;4,5
2026-03-23T11:51:46.847;106;4,1
2026-03-23T11:51:47.807;106;4,1
2026-03-23T11:51:48.768;106;4,2
2026-03-23T11:51:49.725;106;4,4
2026-03-23T11:51:50.686;106;4,4
2026-03-23T11:51:51.649;106;4,4
2026-03-23T11:51:53.088;107;4,4
2026-03-23T11:51:54.049;108;4,5
2026-03-23T11:51:55.485;109;4,6
2026-03-23T11:51:55.967;110;4,1
2026-03-23T11:51:56.926;110;3,9
2026-03-23T11:51:57.887;111;3,9
2026-03-23T11:51:58.843;111;3,8
2026-03-23T11:51:59.808;111;3,6
2026-03-23T11:52:00.766;111;3,6
2026-03-23T11:52:02.689;111;2,9
2026-03-23T11:52:02.692;112;2,9
2026-03-23T11:52:04.599;112;3,1
2026-03-23T11:52:05.086;113;3,1
2026-03-23T11:52:06.048;113;2,5
2026-03-23T11:52:07.968;113;3,0
2026-03-23T11:52:08.444;112;3,2
2026-03-23T11:52:08.929;111;3,1
2026-03-23T11:52:09.887;111;2,8
2026-03-23T11:52:10.847;110;2,8
2026-03-23T11:52:12.287;111;2,7
2026-03-23T11:52:12.766;111;3,0
2026-03-23T11:52:13.727;112;3,0
2026-03-23T11:52:14.681;113;3,0
2026-03-23T11:52:15.651;113;2,9
2026-03-23T11:52:17.568;113;2,9
2026-03-23T11:52:18.047;113;2,9
2026-03-23T11:52:19.009;114;2,6
2026-03-23T11:52:19.966;114;2,6
2026-03-23T11:52:20.928;114;2,6
2026-03-23T11:52:21.888;113;2,7
2026-03-23T11:52:22.848;112;2,1
2026-03-23T11:52:23.808;112;2,0
2026-03-23T11:52:25.247;111;2,3
2026-03-23T11:52:26.687;110;2,3
2026-03-23T11:52:26.689;110;2,3
2026-03-23T11:52:28.127;109;2,2
2026-03-23T11:52:29.087;108;2,0
2026-03-23T11:52:30.046;108;2,0
2026-03-23T11:52:31.007;107;2,3
2026-03-23T11:52:31.966;107;2,4
2026-03-23T11:52:32.928;106;2,5
2026-03-23T11:52:33.886;106;2,5
2026-03-23T11:52:34.843;106;2,6
2026-03-23T11:52:35.808;106;2,6
2026-03-23T11:52:36.767;106;2,6
2026-03-23T11:52:37.728;104;3,5
2026-03-23T11:52:38.688;103;3,5
2026-03-23T11:52:39.646;103;3,7
2026-03-23T11:52:41.097;101;4,0
2026-03-23T11:52:42.047;100;4,0
2026-03-23T11:52:43.009;99;4,0
2026-03-23T11:52:43.968;100;4,4
2026-03-23T11:52:44.927;100;4,6
2026-03-23T11:52:45.886;101;4,6
2026-03-23T11:52:46.831;102;5,0
2026-03-23T11:52:47.806;103;4,9
2026-03-23T11:52:48.765;103;5,1
2026-03-23T11:52:49.724;103;5,3
2026-03-23T11:52:50.687;102;5,3
2026-03-23T11:52:52.607;100;6,4
2026-03-23T11:52:53.086;100;6,4
2026-03-23T11:52:54.035;100;6,5
2026-03-23T11:52:55.003;100;6,0
2026-03-23T11:52:55.950;100;6,0
2026-03-23T11:52:56.911;101;5,9
2026-03-23T11:52:57.883;101;5,7
2026-03-23T11:52:58.846;101;5,6
2026-03-23T11:52:59.808;100;5,8
2026-03-23T11:53:00.765;99;6,2
2026-03-23T11:53:02.207;98;6,2
2026-03-23T11:53:02.686;96;6,2
2026-03-23T11:53:03.647;96;6,1
2026-03-23T11:53:05.087;96;6,3
2026-03-23T11:53:06.048;96;6,3
2026-03-23T11:53:07.967;96;6,3
2026-03-23T11:53:07.971;96;6,0
2026-03-23T11:53:08.910;97;6,2
2026-03-23T11:53:09.887;98;5,3
2026-03-23T11:53:11.808;99;5,3
2026-03-23T11:53:11.811;99;5,6
2026-03-23T11:53:12.756;98;5,8
2026-03-23T11:53:13.726;97;6,7
2026-03-23T11:53:14.687;95;6,7
2026-03-23T11:53:15.646;95;6,7
2026-03-23T11:53:17.088;95;6,9
2026-03-23T11:53:18.048;95;6,9
2026-03-23T11:53:19.006;96;6,6
2026-03-23T11:53:19.961;97;7,3
2026-03-23T11:53:20.927;99;7,2
2026-03-23T11:53:21.877;101;7,2
2026-03-23T11:53:22.847;103;7,1
2026-03-23T11:53:23.804;104;7,2
2026-03-23T11:53:24.767;106;7,2
2026-03-23T11:53:25.713;107;7,2
2026-03-23T11:53:26.687;109;7,1
2026-03-23T11:53:27.638;110;7,1
2026-03-23T11:53:29.071;110;6,8
2026-03-23T11:53:30.047;110;5,7
2026-03-23T11:53:31.001;110;5,5
2026-03-23T11:53:31.968;110;5,5
2026-03-23T11:53:32.928;111;5,3
2026-03-23T11:53:33.887;111;5,2
2026-03-23T11:53:34.832;112;4,4
2026-03-23T11:53:35.808;112;3,7
2026-03-23T11:53:36.753;112;3,5
2026-03-23T11:53:37.728;112;3,0
2026-03-23T11:53:39.647;111;3,0
2026-03-23T11:53:40.127;111;2,2
2026-03-23T11:53:41.087;111;2,2
2026-03-23T11:53:43.007;111;2,0
2026-03-23T11:53:43.010;111;1,8
2026-03-23T11:53:43.967;111;1,9
2026-03-23T11:53:44.927;110;1,9
2026-03-23T11:53:45.875;111;1,9
2026-03-23T11:53:46.848;111;1,9
2026-03-23T11:53:47.810;111;1,8
2026-03-23T11:53:48.769;111;1,9
2026-03-23T11:53:49.710;111;1,5
2026-03-23T11:53:50.686;111;1,8
2026-03-23T11:53:51.632;111;1,8
2026-03-23T11:53:53.089;110;1,8
2026-03-23T11:53:54.047;111;1,7
2026-03-23T11:53:55.008;110;1,7
2026-03-23T11:53:55.968;110;1,7
2026-03-23T11:53:56.926;110;1,7
2026-03-23T11:53:57.887;110;1,7
2026-03-23T11:53:58.848;110;1,7
2026-03-23T11:53:59.808;111;2,1
2026-03-23T11:54:00.750;112;2,4
2026-03-23T11:54:01.728;114;2,5
2026-03-23T11:54:02.687;115;2,6
2026-03-23T11:54:03.647;116;2,6
2026-03-23T11:54:05.088;116;2,5
2026-03-23T11:54:06.048;115;2,8
2026-03-23T11:54:07.006;114;3,7
2026-03-23T11:54:07.968;113;4,0
2026-03-23T11:54:08.928;111;4,3
2026-03-23T11:54:09.889;108;5,9
2026-03-23T11:54:10.846;107;5,9
2026-03-23T11:54:11.809;106;5,9
2026-03-23T11:54:12.768;105;5,9
2026-03-23T11:54:13.711;106;6,2
2026-03-23T11:54:14.686;106
2026-03-23T11:54:15.633;107;6,0
2026-03-23T11:54:17.088;107;5,9
2026-03-23T11:54:18.029;107;6,0
2026-03-23T11:54:19.008;106;6,2
2026-03-23T11:54:19.967;104;6,5
2026-03-23T11:54:20.926;102;8,2
2026-03-23T11:54:21.887;100;8,2
2026-03-23T11:54:22.851;100;8,0
2026-03-23T11:54:23.808;100;8,3
2026-03-23T11:54:24.767;101;8,4
2026-03-23T11:54:25.729;103;8,6
2026-03-23T11:54:27.648;105;7,8
2026-03-23T11:54:27.651;106;7,8
2026-03-23T11:54:29.072;108;7,8
2026-03-23T11:54:30.046;109;7,7
2026-03-23T11:54:31.006;111;7,7
2026-03-23T11:54:31.969;111;7,7
2026-03-23T11:54:32.927;112;7,7
2026-03-23T11:54:33.887;111;7,8
2026-03-23T11:54:34.848;110;7,6
2026-03-23T11:54:35.812;109;7,3
2026-03-23T11:54:36.767;109;5,3
2026-03-23T11:54:37.728;109;5,3
2026-03-23T11:54:38.689;109;5,0
2026-03-23T11:54:39.648;109;4,5
2026-03-23T11:54:41.088;110;3,5
2026-03-23T11:54:42.032;110;3,8
2026-03-23T11:54:43.008;111;3,5
2026-03-23T11:54:43.967;112;3,4
2026-03-23T11:54:44.928;112;3,4
2026-03-23T11:54:45.876;114;3,9
2026-03-23T11:54:46.847;114;3,8
2026-03-23T11:54:47.807;115;3,8
2026-03-23T11:54:48.768;115;3,7
2026-03-23T11:54:49.727;116;3,5
2026-03-23T11:54:50.687;115;3,5
2026-03-23T11:54:51.649;114;3,7
2026-03-23T11:54:53.089;113;4,5
2026-03-23T11:54:54.048;112;4,5
2026-03-23T11:54:54.998;110;4,8
2026-03-23T11:54:55.969;109;4,5
2026-03-23T11:54:56.911;108;4,5
2026-03-23T11:54:57.889;108;4,4
2026-03-23T11:54:58.851;109;4,4
2026-03-23T11:54:59.808;109;4,5
2026-03-23T11:55:00.769;110;3,9
2026-03-23T11:55:02.677;110;3,9
2026-03-23T11:55:02.681;111;3,9
2026-03-23T11:55:04.608;111;4,0
2026-03-23T11:55:05.087;112;3,9
2026-03-23T11:55:06.049;112;3,9
2026-03-23T11:55:07.952;113;3,9
2026-03-23T11:55:07.954;113;3,7
2026-03-23T11:55:08.928;114;2,8
2026-03-23T11:55:09.872;115;2,4
2026-03-23T11:55:10.849;115;2,4
2026-03-23T11:55:11.803;115;2,5
2026-03-23T11:55:12.769;115;2,5
2026-03-23T11:55:13.717;114;2,4
2026-03-23T11:55:14.688;114;2,1
2026-03-23T11:55:15.648;113;2,1
2026-03-23T11:55:17.071;113;2,1
2026-03-23T11:55:18.049;113;2,1
2026-03-23T11:55:19.009;113;2,1
2026-03-23T11:55:19.956;112;2,2
2026-03-23T11:55:20.929;112;2,2
2026-03-23T11:55:21.888;112;2,2
2026-03-23T11:55:22.833;112;2,2
2026-03-23T11:55:23.812;112;2,1
2026-03-23T11:55:24.756;112;1,8
2026-03-23T11:55:25.730;112;1,9
2026-03-23T11:55:26.689;113;1,8
2026-03-23T11:55:27.648;113;1,8
2026-03-23T11:55:29.088;113;1,5
2026-03-23T11:55:30.046;113;1,4
2026-03-23T11:55:31.009;113;1,5
2026-03-23T11:55:31.965;113;1,5
2026-03-23T11:55:32.925;113;1,5
2026-03-23T11:55:33.877;114;1,5
2026-03-23T11:55:34.846;114;1,3
2026-03-23T11:55:35.805;115;1,8
2026-03-23T11:55:36.766;116;1,8
2026-03-23T11:55:37.712;116;1,8
2026-03-23T11:55:38.689;116;2,0
2026-03-23T11:55:39.631;115;2,1
2026-03-23T11:55:41.090;115;2,0
2026-03-23T11:55:43.010;114;2,0
2026-03-23T11:55:43.014;114;2,1
2026-03-23T11:55:43.968;115;2,1
2026-03-23T11:55:44.910;115;2,1
2026-03-23T11:55:45.889;115;2,1
2026-03-23T11:55:46.848;114;2,3
2026-03-23T11:55:47.809;114;2,5
2026-03-23T11:55:48.751;112;2,6
2026-03-23T11:55:49.714;112;2,6
2026-03-23T11:55:51.648;112;2,6
2026-03-23T11:55:51.650;112;2,6
2026-03-23T11:55:53.089;112;2,9
2026-03-23T11:55:54.049;111;2,9
2026-03-23T11:55:55.009;107;6,8
2026-03-23T11:55:55.969;105;6,7
2026-03-23T11:55:56.929;104;6,7
2026-03-23T11:55:57.889;104;7,0
2026-03-23T11:55:58.851;104;7,0
2026-03-23T11:55:59.810;104;7,0
2026-03-23T11:56:00.768;105;7,3
2026-03-23T11:56:01.714;107;7,4
2026-03-23T11:56:02.688;107;7,6
2026-03-23T11:56:03.632;107
2026-03-23T11:56:05.089;109;7,8
2026-03-23T11:56:06.048;110;7,7
2026-03-23T11:56:07.009;112;7,8
2026-03-23T11:56:07.965;112;7,8
2026-03-23T11:56:08.930;114;7,7
2026-03-23T11:56:09.890;114;7,7
2026-03-23T11:56:10.849;115;7,6
2026-03-23T11:56:11.809;115;5,1
2026-03-23T11:56:12.770;115;4,4
2026-03-23T11:56:13.729;115;4,4
2026-03-23T11:56:14.681;115;3,9
2026-03-23T11:56:15.634;115;4,0
2026-03-23T11:56:17.087;113;3,8
2026-03-23T11:56:18.030;113;3,6
2026-03-23T11:56:19.009;112;3,7
2026-03-23T11:56:19.968;112;3,5
2026-03-23T11:56:20.930;112;2,9
2026-03-23T11:56:21.889;112;3,0
2026-03-23T11:56:22.846;113;2,7
2026-03-23T11:56:23.792;114;3,3
2026-03-23T11:56:24.769;114;3,4
2026-03-23T11:56:25.729;114;3,4
2026-03-23T11:56:26.689;114;3,3
2026-03-23T11:56:27.649;115;3,6
2026-03-23T11:56:29.090;116;3,6
2026-03-23T11:56:30.048;116;3,7
2026-03-23T11:56:31.009;117;3,7
2026-03-23T11:56:31.969;117;3,6
2026-03-23T11:56:32.930;117;3,4
2026-03-23T11:56:33.889;117;3,3
2026-03-23T11:56:35.327;117;3,3
2026-03-23T11:56:35.810;117;3,3
2026-03-23T11:56:36.769;117;3,5
2026-03-23T11:56:37.730;115;3,8
2026-03-23T11:56:38.689;114;3,3
2026-03-23T11:56:39.649;114;3,2
2026-03-23T11:56:41.089;114;3,5
2026-03-23T11:56:42.049;114;3,5
2026-03-23T11:56:42.997;113;3,5
2026-03-23T11:56:43.969;113;3,3
2026-03-23T11:56:45.410;112;3,3
2026-03-23T11:56:45.888;111;3,4
2026-03-23T11:56:46.849;111;3,6
2026-03-23T11:56:47.809;110;3,6
2026-03-23T11:56:48.770;108;3,6
2026-03-23T11:56:49.728;108;3,6
2026-03-23T11:56:50.686;108
2026-03-23T11:56:51.648;107;3,9
2026-03-23T11:56:53.089;106;4,1
2026-03-23T11:56:54.049;106;3,8
2026-03-23T11:56:55.008;105;3,5
2026-03-23T11:56:55.968;104;3,5
2026-03-23T11:56:56.929;104;3,5
2026-03-23T11:56:57.888;104;3,5
2026-03-23T11:56:58.849;103;3,2
2026-03-23T11:56:59.806;103;3,2
2026-03-23T11:57:01.729;104;3,2
2026-03-23T11:57:01.732;104;3,1
2026-03-23T11:57:02.688;104;3,1
2026-03-23T11:57:03.647;104
2026-03-23T11:57:05.087;104
2026-03-23T11:57:06.049;104;3,4
2026-03-23T11:57:07.010;104;3,2
2026-03-23T11:57:07.965;105;5,2
2026-03-23T11:57:08.923;103;5,2
2026-03-23T11:57:09.885;102;5,2
2026-03-23T11:57:10.846;101;4,9
2026-03-23T11:57:11.808;101;4,9
2026-03-23T11:57:12.769;101;4,9
2026-03-23T11:57:13.730;101;4,9
2026-03-23T11:57:14.692;101;4,9
2026-03-23T11:57:16.610;100;4,9
2026-03-23T11:57:17.087;100;4,9
2026-03-23T11:57:18.039;100;5,4
2026-03-23T11:57:19.010;101;5,4
2026-03-23T11:57:19.970;101;5,5
2026-03-23T11:57:20.930;103;6,0
2026-03-23T11:57:21.888;103;6,3
2026-03-23T11:57:22.833;103
2026-03-23T11:57:23.796;104;6,3
2026-03-23T11:57:24.773;104
2026-03-23T11:57:25.711;105;6,3
2026-03-23T11:57:27.649;105;4,7
2026-03-23T11:57:28.129;104;4,7
2026-03-23T11:57:29.074;104;4,7
2026-03-23T11:57:30.048;103;5,4
2026-03-23T11:57:31.010;102;5,5
2026-03-23T11:57:31.958;100;5,7
2026-03-23T11:57:32.929;99;5,9
2026-03-23T11:57:33.888;98;5,9
2026-03-23T11:57:34.853;98;5,9
2026-03-23T11:57:35.793;98;6,4
2026-03-23T11:57:36.768;98;6,4
2026-03-23T11:57:37.733;99;6,0
2026-03-23T11:57:38.689;98;5,6
2026-03-23T11:57:40.113;98;10,4
2026-03-23T11:57:41.571;102;10,2
2026-03-23T11:57:42.529;105;10,3
2026-03-23T11:57:43.009;107;16,6
2026-03-23T11:57:43.969;107;17,8
2026-03-23T11:57:44.929;108;17,8
2026-03-23T11:57:45.894;109;34,8
2026-03-23T11:57:46.849;106;34,6
2026-03-23T11:57:47.809;105;34,6
2026-03-23T11:57:48.771;102;34,6
2026-03-23T11:57:49.732;101;34,6
2026-03-23T11:57:50.690;99;34,6
2026-03-23T11:57:51.649;97;34,6
2026-03-23T11:57:53.090;96;34,6
2026-03-23T11:57:54.050;95;34,6
2026-03-23T11:57:55.009;95;34,6
2026-03-23T11:57:55.969;94;34,6
2026-03-23T11:57:56.930;94;34,6
2026-03-23T11:57:57.890;93;33,4
2026-03-23T11:57:58.837;93;33,4
2026-03-23T11:57:59.811;92;33,8
2026-03-23T11:58:00.769;91;33,8
2026-03-23T11:58:01.729;89;31,2
2026-03-23T11:58:03.652;89;30,5
2026-03-23T11:58:03.654;89;30,0
2026-03-23T11:58:05.089;90;9,1
2026-03-23T11:58:06.050;92;9,1
2026-03-23T11:58:07.009;93;9,4
2026-03-23T11:58:07.970;94;9,6
2026-03-23T11:58:08.930;96;9,4
2026-03-23T11:58:09.890;97;9,3
2026-03-23T11:58:10.850;97;9,2
2026-03-23T11:58:11.811;97;9,5
2026-03-23T11:58:12.768;96;9,5
2026-03-23T11:58:13.730;96;9,5
2026-03-23T11:58:14.691;96;9,5
2026-03-23T11:58:15.648;97;9,8
2026-03-23T11:58:17.095;98;9,9
2026-03-23T11:58:18.050;99;8,6
2026-03-23T11:58:19.009;99;8,6
2026-03-23T11:58:19.970;99;8,4
2026-03-23T11:58:20.930;100;8,3
2026-03-23T11:58:21.889;100;7,7
2026-03-23T11:58:22.849;101;5,2
2026-03-23T11:58:23.811;101;4,6
2026-03-23T11:58:24.770;101;4,2
2026-03-23T11:58:25.728;101;4,2
2026-03-23T11:58:26.692;102;4,2
2026-03-23T11:58:27.649;102;4,1
2026-03-23T11:58:29.090;102;3,9
2026-03-23T11:58:30.050;102;3,3
2026-03-23T11:58:31.010;103;3,7
2026-03-23T11:58:31.972;104;4,2
2026-03-23T11:58:32.930;105;3,3
2026-03-23T11:58:33.889;105;3,1
2026-03-23T11:58:34.850;106;3,1
2026-03-23T11:58:35.810;106;3,1
2026-03-23T11:58:36.756;106;3,0
2026-03-23T11:58:37.729;106;3,0
2026-03-23T11:58:38.689;106;2,9
2026-03-23T11:58:39.651;106;2,9
2026-03-23T11:58:41.094;106;2,9
2026-03-23T11:58:43.009;106;2,8
2026-03-23T11:58:43.011;107;2,8
2026-03-23T11:58:43.970;107;2,8
2026-03-23T11:58:44.927;106;3,2
2026-03-23T11:58:45.889;106;3,3
2026-03-23T11:58:46.854;104;4,1
2026-03-23T11:58:47.809;103;3,2
2026-03-23T11:58:48.769;103;3,2
2026-03-23T11:58:50.690;102;3,2
2026-03-23T11:58:50.693;102;3,3
2026-03-23T11:58:51.637;102;3,3
2026-03-23T11:58:53.089;102;3,5
2026-03-23T11:58:54.050;101;3,8
2026-03-23T11:58:55.009;100;3,8
2026-03-23T11:58:55.972;99;4,5
2026-03-23T11:58:56.930;98;4,6
2026-03-23T11:58:57.891;97;4,6
2026-03-23T11:58:58.851;96;4,6
2026-03-23T11:58:59.810;96;4,6
2026-03-23T11:59:01.730;96;4,7
2026-03-23T11:59:01.732;96;4,7
2026-03-23T11:59:02.690;96;4,4
2026-03-23T11:59:03.650;96;3,7
2026-03-23T11:59:05.090;96;3,6
2026-03-23T11:59:06.038;96;3,6
2026-03-23T11:59:07.011;96;3,6
2026-03-23T11:59:07.970;96;3,6
2026-03-23T11:59:08.929;95;3,6
2026-03-23T11:59:09.891;95;4,2
2026-03-23T11:59:10.850;94;4,6
2026-03-23T11:59:11.810;93;4,6
2026-03-23T11:59:12.771;92;4,5
2026-03-23T11:59:13.729;92;3,8
2026-03-23T11:59:15.171;93;4,2
2026-03-23T11:59:15.650;94;5,1
2026-03-23T11:59:17.087;94;5,1
2026-03-23T11:59:18.054;95;5,1
2026-03-23T11:59:19.009;95;5,3
2026-03-23T11:59:19.971;96;5,6
2026-03-23T11:59:20.932;97;5,6
2026-03-23T11:59:21.888;98;5,5
2026-03-23T11:59:22.850;98;5,5
2026-03-23T11:59:23.813;99;5,7
2026-03-23T11:59:24.772;99;5,7
2026-03-23T11:59:25.729;100;5,7
2026-03-23T11:59:26.689;101;5,3
2026-03-23T11:59:28.611;102;5,7
2026-03-23T11:59:29.092;104;5,9
2026-03-23T11:59:30.051;106;6,2
2026-03-23T11:59:31.009;107;5,9
2026-03-23T11:59:31.971;109;5,3
2026-03-23T11:59:32.917;110;5,2
2026-03-23T11:59:33.891;111;5,2
2026-03-23T11:59:34.852;112;4,9
2026-03-23T11:59:36.768;112;4,6
2026-03-23T11:59:36.770;112;4,6
2026-03-23T11:59:37.729;112;4,6
2026-03-23T11:59:38.692;112;4,6
2026-03-23T11:59:39.652;113;4,4
2026-03-23T11:59:41.090;113;4,4
2026-03-23T11:59:42.997;112;4,6
2026-03-23T11:59:43.000;112;4,6
2026-03-23T11:59:43.955;112;3,6
2026-03-23T11:59:44.931;113;3,2
2026-03-23T11:59:45.890;113;2,3
2026-03-23T11:59:46.850;113;2,3
2026-03-23T11:59:47.810;113;2,2
2026-03-23T11:59:48.770;113;2,3
2026-03-23T11:59:49.730;111;3,2
2026-03-23T11:59:50.690;110;3,8
2026-03-23T11:59:51.650;108;4,5
2026-03-23T11:59:53.090;105;4,7
2026-03-23T11:59:54.050;105;4,7
2026-03-23T11:59:55.012;104;4,7
2026-03-23T11:59:55.966;103;4,7
2026-03-23T11:59:56.929;103;4,8
2026-03-23T11:59:57.890;103;4,8
2026-03-23T11:59:58.852;103;4,5
2026-03-23T11:59:59.810;102;4,4
2026-03-23T12:00:00.757;102;4,4
2026-03-23T12:00:01.729;101;4,6
2026-03-23T12:00:02.690;101;4,6
2026-03-23T12:00:03.648;101;4,6
2026-03-23T12:00:05.091;101;4,7
2026-03-23T12:00:06.031;101;4,7
2026-03-23T12:00:07.008;101;4,5
2026-03-23T12:00:07.971;102;3,8
2026-03-23T12:00:08.931;103;3,2
2026-03-23T12:00:09.891;104;2,9
2026-03-23T12:00:10.847;104;2,9
2026-03-23T12:00:11.793;104;2,9
2026-03-23T12:00:12.766;104;2,8
2026-03-23T12:00:13.727;104;2,8
2026-03-23T12:00:15.646;104;2,8
2026-03-23T12:00:16.128;105;2,9
2026-03-23T12:00:17.091;105;3,0
2026-03-23T12:00:18.051;106;3,0
2026-03-23T12:00:18.996;107;3,1
2026-03-23T12:00:19.975;109;3,8
2026-03-23T12:00:20.913;111;4,1
2026-03-23T12:00:21.888;112;4,1
2026-03-23T12:00:22.848;113;4,0
2026-03-23T12:00:23.798;114;3,7
2026-03-23T12:00:24.769;115;3,7
2026-03-23T12:00:25.715;115;3,7
2026-03-23T12:00:26.693;116;3,7
2026-03-23T12:00:27.641;116;3,7
2026-03-23T12:00:29.090;115;3,8
2026-03-23T12:00:30.051;114;4,1
2026-03-23T12:00:31.011;113;4,3
2026-03-23T12:00:31.970;112;4,5
2026-03-23T12:00:32.931;110;5,0
2026-03-23T12:00:33.894;107;5,5
2026-03-23T12:00:34.833;106;5,6
2026-03-23T12:00:35.810;103;5,7
2026-03-23T12:00:36.758;102;5,7
2026-03-23T12:00:37.731;101;5,7
2026-03-23T12:00:38.673;100;6,0
2026-03-23T12:00:39.650;100;6,0
2026-03-23T12:00:41.090;101;6,1
2026-03-23T12:00:43.011;100;6,1
2026-03-23T12:00:43.013;99;7,5
2026-03-23T12:00:43.971;98;7,4
2026-03-23T12:00:44.931;99;8,0
2026-03-23T12:00:45.872;99;8,0
2026-03-23T12:00:46.851;100;8,3
2026-03-23T12:00:47.795;101;8,2
2026-03-23T12:00:48.773;102;7,9
2026-03-23T12:00:49.730;102;7,6
2026-03-23T12:00:50.691;101;8,0
2026-03-23T12:00:51.644;100;8,6
2026-03-23T12:00:53.097;98;9,0
2026-03-23T12:00:54.052;95;9,7
2026-03-23T12:00:55.011;93;9,6
2026-03-23T12:00:55.967;93;9,6
2026-03-23T12:00:56.929;92;9,6
2026-03-23T12:00:57.891;91;9,5
2026-03-23T12:00:58.851;91;9,4
2026-03-23T12:00:59.812;91;9,4
2026-03-23T12:01:00.771;91;9,4
2026-03-23T12:01:02.692;90;8,4
2026-03-23T12:01:02.694;90;8,4
2026-03-23T12:01:03.651;90;7,8
2026-03-23T12:01:05.090;90;7,8
2026-03-23T12:01:06.051;89;7,7
2026-03-23T12:01:07.970;89;7,7
2026-03-23T12:01:07.973;88;7,9
2026-03-23T12:01:08.930;87;7,9
2026-03-23T12:01:09.891;87;8,0
2026-03-23T12:01:10.853;87;7,9
2026-03-23T12:01:12.279;88;6,7
2026-03-23T12:01:12.757;88;6,5
2026-03-23T12:01:13.723;89;5,1
2026-03-23T12:01:14.673;90;5,0
2026-03-23T12:01:16.118;90
2026-03-23T12:01:18.041;90;5,0
2026-03-23T12:01:18.043;90;5,1
2026-03-23T12:01:19.011;90;7,0
2026-03-23T12:01:19.970;90;7,0
2026-03-23T12:01:20.931;89;7,0
2026-03-23T12:01:21.891;88;7,0
2026-03-23T12:01:22.844;88;7,0
2026-03-23T12:01:23.810;87;7,0
2026-03-23T12:01:24.770;87;7,0
2026-03-23T12:01:25.731;86;7,2
2026-03-23T12:01:27.152;86;7,2
2026-03-23T12:01:27.649;87;7,4
2026-03-23T12:01:29.091;87;7,8
2026-03-23T12:01:30.052;88;8,2
2026-03-23T12:01:31.013;90;7,9
2026-03-23T12:01:31.967;90;8,1
2026-03-23T12:01:32.929;92;8,1
2026-03-23T12:01:33.892;94;8,3
2026-03-23T12:01:34.850;95;8,3
2026-03-23T12:01:35.812;96;8,3
2026-03-23T12:01:36.770;96;8,2
2026-03-23T12:01:37.733;97;6,5
2026-03-23T12:01:38.692;97;6,5
2026-03-23T12:01:40.607;97;6,5
2026-03-23T12:01:41.086;98;6,6
2026-03-23T12:01:42.044;99;6,6
2026-03-23T12:01:43.009;99;6,6
2026-03-23T12:01:43.966;99;6,2
2026-03-23T12:01:44.929;99;5,6
2026-03-23T12:01:45.876;99;5,5
2026-03-23T12:01:46.851;98;5,3
2026-03-23T12:01:47.795;94;12,8
2026-03-23T12:01:49.728;91;13,9
2026-03-23T12:01:49.730;89;13,6
2026-03-23T12:01:50.689;88;14,1
2026-03-23T12:01:51.648;89;15,1
2026-03-23T12:01:53.076;89;15,6
2026-03-23T12:01:54.050;91;15,6
2026-03-23T12:01:54.998;91;15,6
2026-03-23T12:01:55.968;91;15,6
2026-03-23T12:01:56.937;91;15,6
2026-03-23T12:01:57.888;91;15,6
2026-03-23T12:01:58.836;91;15,6
2026-03-23T12:01:59.809;91;15,6
2026-03-23T12:02:00.768;91;15,6
2026-03-23T12:02:01.729;91;15,6
2026-03-23T12:02:02.688;91;15,6
2026-03-23T12:02:03.648;91;15,6
2026-03-23T12:02:05.088;91;15,7
2026-03-23T12:02:06.048;92;15,6
2026-03-23T12:02:07.009;92;10,0
2026-03-23T12:02:07.956;92;8,3
2026-03-23T12:02:08.928;92;8,3
2026-03-23T12:02:09.871;92;7,4
2026-03-23T12:02:10.850;93;4,7
2026-03-23T12:02:11.794;93;2,9
2026-03-23T12:02:12.770;94;2,9
2026-03-23T12:02:13.715;94;2,7
2026-03-23T12:02:14.694;94;2,7
2026-03-23T12:02:15.636;95;2,7
2026-03-23T12:02:17.091;95;2,7
2026-03-23T12:02:18.050;94;2,9
2026-03-23T12:02:19.014;93;2,9
2026-03-23T12:02:19.970;93;2,9
2026-03-23T12:02:20.915;93;3,0
2026-03-23T12:02:21.893;91;2,9
2026-03-23T12:02:22.850;91
2026-03-23T12:02:23.812;90;31,1
2026-03-23T12:02:24.756;90;44,0
2026-03-23T12:02:25.728;90;43,9
2026-03-23T12:02:27.650;90;43,9
2026-03-23T12:02:27.653;90;43,9
2026-03-23T12:02:29.091;90;43,9
2026-03-23T12:02:30.048;90;43,9
2026-03-23T12:02:31.000;91;44,0
2026-03-23T12:02:31.961;91;44,0
2026-03-23T12:02:32.916;91;44,0
2026-03-23T12:02:33.889;90;44,0
2026-03-23T12:02:34.852;90;44,1
2026-03-23T12:02:36.772;89;44,2
2026-03-23T12:02:36.775;87;44,2
2026-03-23T12:02:37.730;87;44,2
2026-03-23T12:02:38.691;88;44,6
2026-03-23T12:02:39.636;89;44,7
2026-03-23T12:02:41.090;90;44,7
2026-03-23T12:02:42.050;91;44,7
2026-03-23T12:02:43.013;90;32,6
2026-03-23T12:02:43.972;90;10,2
2026-03-23T12:02:44.925;90;10,7
2026-03-23T12:02:45.891;90;11,1
2026-03-23T12:02:46.847;91;11,3
2026-03-23T12:02:47.814;93;11,5
2026-03-23T12:02:48.769;94;11,5
2026-03-23T12:02:49.730;94;11,4
2026-03-23T12:02:50.694;94;11,6
2026-03-23T12:02:51.650;94;11,6
2026-03-23T12:02:53.086;94;11,3
2026-03-23T12:02:54.050;94;11,1
2026-03-23T12:02:55.010;93;10,6
2026-03-23T12:02:55.971;93;10,6
2026-03-23T12:02:56.931;92;9,6
2026-03-23T12:02:57.891;93;9,2
2026-03-23T12:02:58.850;93;8,6
2026-03-23T12:02:59.813;94;8,6
2026-03-23T12:03:00.765;94;8,5
2026-03-23T12:03:01.730;94;6,6
2026-03-23T12:03:02.692;93;7,3
2026-03-23T12:03:03.651;92;9,1
2026-03-23T12:03:05.095;90;8,3
2026-03-23T12:03:06.050;89;8,0
2026-03-23T12:03:07.974;89;7,8
2026-03-23T12:03:07.976;89;7,9
2026-03-23T12:03:08.933;90;9,5
2026-03-23T12:03:09.891;90;9,8
2026-03-23T12:03:10.850;91;9,5
2026-03-23T12:03:11.814;90;10,5
2026-03-23T12:03:12.770;89;11,1
2026-03-23T12:03:14.694;84;14,8
2026-03-23T12:03:14.697;81;19,7
2026-03-23T12:03:15.653;81;19,7
2026-03-23T12:03:17.090;81;22,8
2026-03-23T12:03:18.051;82;23,5
2026-03-23T12:03:19.010;84;24,1
2026-03-23T12:03:19.971;85;24,1
2026-03-23T12:03:20.932;87;24,2
2026-03-23T12:03:21.892;88;24,2
2026-03-23T12:03:22.853;89;24,0
2026-03-23T12:03:23.805;89;23,6
2026-03-23T12:03:24.755;88;24,0
2026-03-23T12:03:25.735;88;24,0
2026-03-23T12:03:26.695;88;24,2
2026-03-23T12:03:27.651;89;24,4
2026-03-23T12:03:29.094;90;23,7
2026-03-23T12:03:30.052;90;23,7
2026-03-23T12:03:31.011;90;23,7
2026-03-23T12:03:31.959;90;23,2
2026-03-23T12:03:32.933;91;20,8
2026-03-23T12:03:33.877;92;16,1
2026-03-23T12:03:34.851;92;16,1
2026-03-23T12:03:36.773;92;11,4
2026-03-23T12:03:36.775;93;9,8
2026-03-23T12:03:37.733;93;8,0
2026-03-23T12:03:38.693;94;7,9
2026-03-23T12:03:39.651;94;7,9
2026-03-23T12:03:41.081;95;7,8
2026-03-23T12:03:42.048;95;7,3
2026-03-23T12:03:42.994;95;5,4
2026-03-23T12:03:43.971;95;5,4
2026-03-23T12:03:44.932;95;4,2
2026-03-23T12:03:45.892;95;3,0
2026-03-23T12:03:46.851;95;3,1
2026-03-23T12:03:47.813;96;4,5
2026-03-23T12:03:48.771;97;4,5
2026-03-23T12:03:49.730;98;4,3
2026-03-23T12:03:50.680;98;4,1
2026-03-23T12:03:52.610;98;4,1
2026-03-23T12:03:53.090;97;4,4
2026-03-23T12:03:54.051;97;5,7
2026-03-23T12:03:55.012;95;11,5
2026-03-23T12:03:55.974;92;12,3
2026-03-23T12:03:56.932;90;12,3
2026-03-23T12:03:57.892;88;12,2
2026-03-23T12:03:58.852;88;12,2
2026-03-23T12:03:59.794;88;12,9
2026-03-23T12:04:01.717;88;13,0
2026-03-23T12:04:01.720;90;13,4
2026-03-23T12:04:02.692;91;13,4
2026-03-23T12:04:03.653;91;13,4
2026-03-23T12:04:05.094;92;13,4
2026-03-23T12:04:06.045;92;13,4
2026-03-23T12:04:07.005;92;13,0
2026-03-23T12:04:07.957;93;13,0
2026-03-23T12:04:08.939;93;13,2
2026-03-23T12:04:09.892;92;13,5
2026-03-23T12:04:10.838;91;13,6
2026-03-23T12:04:11.811;90;13,6
2026-03-23T12:04:12.755;90;13,0
2026-03-23T12:04:13.731;90;8,4
2026-03-23T12:04:14.694;91;8,0
2026-03-23T12:04:15.653;92;8,7
2026-03-23T12:04:17.093;93;8,9
2026-03-23T12:04:18.046;95;8,2
2026-03-23T12:04:19.011;96;7,9
2026-03-23T12:04:19.974;96;7,1
2026-03-23T12:04:20.931;95;9,0
2026-03-23T12:04:22.373;93;10,7
2026-03-23T12:04:22.853;92;10,7
2026-03-23T12:04:23.812;91;10,8
2026-03-23T12:04:24.759;91;10,9
2026-03-23T12:04:25.718;91;11,1
2026-03-23T12:04:27.650;92;11,4
2026-03-23T12:04:27.652;93;11,1
2026-03-23T12:04:29.095;93;10,8
2026-03-23T12:04:30.052;94;10,7
2026-03-23T12:04:31.011;94;11,0
2026-03-23T12:04:31.972;93;11,0
2026-03-23T12:04:32.926;92;11,0
2026-03-23T12:04:33.892;92;10,5
2026-03-23T12:04:34.854;92;10,0
2026-03-23T12:04:35.811;92;9,9
2026-03-23T12:04:36.773;92;9,9
2026-03-23T12:04:37.733;93;9,9
2026-03-23T12:04:39.652;93;9,8
2026-03-23T12:04:39.654;93;6,3
2026-03-23T12:04:41.093;94;5,7
2026-03-23T12:04:42.053;94;5,8
2026-03-23T12:04:43.013;95;5,4
2026-03-23T12:04:43.972;95;5,1
2026-03-23T12:04:44.933;95;4,5
2026-03-23T12:04:45.890;96;4,1
2026-03-23T12:04:46.846;96;4,1
2026-03-23T12:04:48.774;96;4,1
2026-03-23T12:04:48.776;96;4,1
2026-03-23T12:04:49.738;97;3,2
2026-03-23T12:04:50.686;97;3,1
2026-03-23T12:04:52.613;97;3,3
2026-03-23T12:04:53.091;96;3,6
2026-03-23T12:04:54.050;95;3,4
2026-03-23T12:04:55.015;95;3,3
2026-03-23T12:04:55.955;95;3,2
2026-03-23T12:04:56.930;94;3,3
2026-03-23T12:04:57.891;94;2,9
2026-03-23T12:04:58.853;94;2,9
2026-03-23T12:04:59.806;94;2,9
2026-03-23T12:05:00.765;95;3,7
2026-03-23T12:05:01.732;95;3,7
2026-03-23T12:05:02.692;96;3,7
2026-03-23T12:05:03.653;95;4,1
2026-03-23T12:05:05.090;95;4,7
2026-03-23T12:05:06.052;94;5,3
2026-03-23T12:05:07.011;93;5,4
2026-03-23T12:05:07.973;92;5,2
2026-03-23T12:05:08.938;92;5,8
2026-03-23T12:05:09.893;93;6,1
2026-03-23T12:05:10.852;94;6,7
2026-03-23T12:05:11.815;95;6,5
2026-03-23T12:05:12.774;96;6,5
2026-03-23T12:05:13.732;96;6,8
2026-03-23T12:05:14.693;94;9,9
2026-03-23T12:05:15.653;92;10,1
2026-03-23T12:05:17.094;90;10,2
2026-03-23T12:05:18.050;90;10,2
2026-03-23T12:05:19.013;89;10,2
2026-03-23T12:05:19.970;88;10,1
2026-03-23T12:05:20.935;89;10,2
2026-03-23T12:05:21.891;89;10,6
2026-03-23T12:05:22.853;90;10,7
2026-03-23T12:05:23.813;91;10,5
2026-03-23T12:05:24.773;92;10,2
2026-03-23T12:05:26.691;92;10,2
2026-03-23T12:05:26.692;92;10,2
2026-03-23T12:05:27.653;92;10,0
2026-03-23T12:05:29.095;91;10,0
2026-03-23T12:05:30.053;90;9,8
2026-03-23T12:05:31.011;90;9,9
2026-03-23T12:05:31.972;91;9,9
2026-03-23T12:05:32.933;91;9,7
2026-03-23T12:05:33.892;93;8,1
2026-03-23T12:05:35.813;94;8,0
2026-03-23T12:05:35.816;96;8,0
2026-03-23T12:05:36.773;96;8,3
2026-03-23T12:05:37.734;96;8,5
2026-03-23T12:05:38.693;94;8,7
2026-03-23T12:05:39.652;94;8,2
2026-03-23T12:05:41.093;93;7,9
2026-03-23T12:05:43.013;93;7,9
2026-03-23T12:05:43.016;94;8,0
2026-03-23T12:05:43.957;94;8,1
2026-03-23T12:05:44.935;95;8,1
2026-03-23T12:05:45.882;94;8,0
2026-03-23T12:05:46.853;94;7,7
2026-03-23T12:05:47.814;93;7,7
2026-03-23T12:05:48.772;93;7,7
2026-03-23T12:05:49.731;93;7,3
2026-03-23T12:05:50.692;93;7,3
2026-03-23T12:05:51.654;94;5,9
2026-03-23T12:05:53.093;94;5,6
2026-03-23T12:05:54.054;94;5,5
2026-03-23T12:05:55.014;94;5,7
2026-03-23T12:05:55.970;93;5,3
2026-03-23T12:05:56.935;93;3,9
2026-03-23T12:05:57.892;93;3,9
2026-03-23T12:05:58.855;94;4,0
2026-03-23T12:05:59.814;94;4,3
2026-03-23T12:06:00.770;95;4,1
2026-03-23T12:06:01.734;95;4,0
2026-03-23T12:06:02.692;95;4,0
2026-03-23T12:06:03.654;94;5,1
2026-03-23T12:06:05.086;94;5,1
2026-03-23T12:06:06.052;93;5,4
2026-03-23T12:06:07.976;91;6,6
2026-03-23T12:06:07.978;90;6,6
2026-03-23T12:06:08.933;89;6,6
2026-03-23T12:06:09.886;89;6,8
2026-03-23T12:06:10.852;90;7,7
2026-03-23T12:06:11.798;91;8,0
2026-03-23T12:06:13.715;91;8,1
2026-03-23T12:06:13.718;93;8,0
2026-03-23T12:06:14.676;93;8,0
2026-03-23T12:06:15.638;94;8,0
2026-03-23T12:06:17.093;94;8,1
2026-03-23T12:06:18.053;94;8,1
2026-03-23T12:06:19.016;93;8,1
2026-03-23T12:06:19.973;93;8,1
2026-03-23T12:06:20.933;93;8,2
2026-03-23T12:06:21.896;92;8,2
2026-03-23T12:06:22.846;92;7,8
2026-03-23T12:06:23.813;91;7,6
2026-03-23T12:06:24.758;91;7,1
2026-03-23T12:06:25.739;91;6,1
2026-03-23T12:06:27.653;92;6,9
2026-03-23T12:06:27.655;92;7,2
2026-03-23T12:06:29.093;93;7,2
2026-03-23T12:06:30.054;95;6,4
2026-03-23T12:06:31.013;96;6,0
2026-03-23T12:06:31.973;97;5,9
2026-03-23T12:06:32.932;97;5,8
2026-03-23T12:06:33.894;96;6,4
2026-03-23T12:06:34.854;95;6,7
2026-03-23T12:06:35.795;95;6,8
2026-03-23T12:06:36.774;94;6,7
2026-03-23T12:06:37.733;94;6,5
2026-03-23T12:06:38.694;94;6,7
2026-03-23T12:06:39.641;94;6,7
2026-03-23T12:06:41.095;94;6,6
2026-03-23T12:06:42.053;94;6,5
2026-03-23T12:06:43.015;94;7,0
2026-03-23T12:06:43.972;93;7,0
2026-03-23T12:06:44.935;92;6,8
2026-03-23T12:06:45.894;91;6,5
2026-03-23T12:06:46.852;92;6,8
2026-03-23T12:06:47.814;92;6,9
2026-03-23T12:06:48.774;93;6,8
2026-03-23T12:06:49.730;93;6,8
2026-03-23T12:06:51.652;93;6,8
2026-03-23T12:06:51.655;93;6,5
2026-03-23T12:06:53.093;93;6,1
2026-03-23T12:06:54.054;93;6,1
2026-03-23T12:06:55.007;94;6,5
2026-03-23T12:06:55.973;95;6,5
2026-03-23T12:06:56.933;96;6,5
2026-03-23T12:06:57.895;97;6,3
2026-03-23T12:06:58.854;97;6,3
2026-03-23T12:07:00.758;98;6,4
2026-03-23T12:07:00.761;99;5,8
2026-03-23T12:07:01.721;99;5,8
2026-03-23T12:07:02.693;100;5,1
2026-03-23T12:07:03.637;100;4,9
2026-03-23T12:07:05.093;100;4,0
2026-03-23T12:07:06.055;100;3,7
2026-03-23T12:07:07.014;101;3,8
2026-03-23T12:07:07.975;103;4,5
2026-03-23T12:07:08.933;104;4,5
2026-03-23T12:07:09.891;104
2026-03-23T12:07:10.855;104;4,5
2026-03-23T12:07:11.812;103;9,8
2026-03-23T12:07:12.759;100;11,3
2026-03-23T12:07:13.733;98;11,5
2026-03-23T12:07:14.683;96;11,5
2026-03-23T12:07:15.640;95;11,5
2026-03-23T12:07:17.080;96;11,7
2026-03-23T12:07:18.037;96;11,9
2026-03-23T12:07:18.996;97;11,9
2026-03-23T12:07:19.973;98;11,9
2026-03-23T12:07:20.935;99;11,9
2026-03-23T12:07:21.893;99;11,9
2026-03-23T12:07:22.855;98;12,3
2026-03-23T12:07:23.814;96;12,7
2026-03-23T12:07:24.772;94;15,2
2026-03-23T12:07:25.717;90;16,1
2026-03-23T12:07:26.690;89;16,1
2026-03-23T12:07:27.650;89;16,4
2026-03-23T12:07:29.091;90;17,2
2026-03-23T12:07:30.051;91;17,4
2026-03-23T12:07:31.010;91;15,0
2026-03-23T12:07:31.970;92;14,7
2026-03-23T12:07:32.931;91;14,5
2026-03-23T12:07:33.891;90;16,1
2026-03-23T12:07:34.853;84;18,4
