Phone timestamp;HR [bpm];HRV [ms];Breathing interval [rpm];
2026-04-07T16:48:42.990;131;2,3
2026-04-07T16:48:44.056;130;2,6
2026-04-07T16:48:45.196;130;2,6
2026-04-07T16:48:46.667;130;2,6
2026-04-07T16:48:47.112;129;2,5
2026-04-07T16:48:47.985;130;2,5
2026-04-07T16:48:49.066;130;2,5
2026-04-07T16:48:49.979;130;2,4
2026-04-07T16:48:51.122;130;2,4
2026-04-07T16:48:51.990;130;1,8
2026-04-07T16:48:53.070;130;1,6
2026-04-07T16:48:54.031;130;1,6
2026-04-07T16:48:55.020;130;1,6
2026-04-07T16:48:56.041;130;1,7
2026-04-07T16:48:57.032;130;1,1
2026-04-07T16:48:57.999;130;1,0
2026-04-07T16:48:59.038;130;1,1
2026-04-07T16:48:59.974;130;1,1
2026-04-07T16:49:01.019;130;1,3
2026-04-07T16:49:02.074;130;1,3
2026-04-07T16:49:03.036;130;1,3
2026-04-07T16:49:04.026;129;1,3
2026-04-07T16:49:05.054;129;1,7
2026-04-07T16:49:06.063;129;1,8
2026-04-07T16:49:07.017;128;1,8
2026-04-07T16:49:08.024;128;1,8
2026-04-07T16:49:09.189;127;1,7
2026-04-07T16:49:10.670;127;1,7
2026-04-07T16:49:11.108;127;1,7
2026-04-07T16:49:12.108;126;1,9
2026-04-07T16:49:13.081;126;2,1
2026-04-07T16:49:14.502;125;2,0
2026-04-07T16:49:15.484;125;2,0
2026-04-07T16:49:17.392;125;2,0
2026-04-07T16:49:17.393;125;2,0
2026-04-07T16:49:18.351;126;2,0
2026-04-07T16:49:19.801;126;2,0
2026-04-07T16:49:20.229;127;1,6
2026-04-07T16:49:22.190;128;1,6
2026-04-07T16:49:22.190;128;1,7
2026-04-07T16:49:23.625;129;1,8
2026-04-07T16:49:24.111;129;1,8
2026-04-07T16:49:25.074;129;1,8
2026-04-07T16:49:27.956;130;1,6
2026-04-07T16:49:27.957;131;1,7
2026-04-07T16:49:29.871;132;1,7
2026-04-07T16:49:29.872;132;1,6
2026-04-07T16:49:31.317;132;1,6
2026-04-07T16:49:31.318;133;1,5
2026-04-07T16:49:32.275;133;1,5
2026-04-07T16:49:33.229;133;1,5
2026-04-07T16:49:34.192;133;1,4
2026-04-07T16:49:35.154;134;1,4
2026-04-07T16:49:36.069;134;1,3
2026-04-07T16:49:37.070;134;1,2
2026-04-07T16:49:38.998;135;1,2
2026-04-07T16:49:39.430;135;1,2
2026-04-07T16:49:40.912;135;0,8
2026-04-07T16:49:41.349;135;0,9
2026-04-07T16:49:42.351;135;1,2
2026-04-07T16:49:43.321;135;1,5
2026-04-07T16:49:44.274;135;1,5
2026-04-07T16:49:46.198;135;1,6
2026-04-07T16:49:46.198;136;1,6
2026-04-07T16:49:47.151;136;1,7
2026-04-07T16:49:48.122;136;1,6
2026-04-07T16:49:49.554;136;1,6
2026-04-07T16:49:49.990;135;1,6
2026-04-07T16:49:51.471;135;1,6
2026-04-07T16:49:52.428;135;1,6
2026-04-07T16:49:53.399;135;1,7
2026-04-07T16:49:54.357;135;1,6
2026-04-07T16:49:55.311;135;1,2
2026-04-07T16:49:56.709;134;1,1
2026-04-07T16:49:57.718;134;1,3
2026-04-07T16:49:58.149;134;1,2
2026-04-07T16:49:59.158;133;1,3
2026-04-07T16:50:00.116;132;1,2
2026-04-07T16:50:01.072;131;2,1
2026-04-07T16:50:02.030;129;2,2
2026-04-07T16:50:03.477;128;2,2
2026-04-07T16:50:04.444;128;2,2
2026-04-07T16:50:05.402;127;2,2
2026-04-07T16:50:06.360;127;2,3
2026-04-07T16:50:07.312;126;2,2
2026-04-07T16:50:08.276;125;2,6
2026-04-07T16:50:09.233;124;2,6
2026-04-07T16:50:10.195;123;2,8
2026-04-07T16:50:11.151;123;2,7
2026-04-07T16:50:12.116;123;2,7
2026-04-07T16:50:13.070;122;2,8
2026-04-07T16:50:14.031;122;2,8
2026-04-07T16:50:15.483;121;6,9
2026-04-07T16:50:16.438;120;19,6
2026-04-07T16:50:17.399;119;21,3
2026-04-07T16:50:18.360;113;21,7
2026-04-07T16:50:20.275;108;22,5
2026-04-07T16:50:20.275;108;23,3
2026-04-07T16:50:21.232;110;23,9
2026-04-07T16:50:22.193;110;23,9
2026-04-07T16:50:23.157;108;24,0
2026-04-07T16:50:24.125;108;23,9
2026-04-07T16:50:25.082;110;24,2
2026-04-07T16:50:26.044;111;24,2
2026-04-07T16:50:27.479;112;24,2
2026-04-07T16:50:28.441;114;24,3
2026-04-07T16:50:30.354;115;24,2
2026-04-07T16:50:31.316;116;24,2
2026-04-07T16:50:31.317;116;23,4
2026-04-07T16:50:32.756;116;11,8
2026-04-07T16:50:33.190;116;11,8
2026-04-07T16:50:34.189;116;9,9
2026-04-07T16:50:35.644;116;7,0
2026-04-07T16:50:36.117;115;4,6
2026-04-07T16:50:37.071;115;4,6
2026-04-07T16:50:38.036;115;4,5
2026-04-07T16:50:39.473;114;4,5
2026-04-07T16:50:40.429;114;3,0
2026-04-07T16:50:41.395;113;3,4
2026-04-07T16:50:42.355;112;2,8
2026-04-07T16:50:43.322;112;2,7
2026-04-07T16:50:45.233;111;2,8
2026-04-07T16:50:45.234;112;2,8
2026-04-07T16:50:46.192;112;2,8
2026-04-07T16:50:47.157;112;2,8
2026-04-07T16:50:48.116;112;2,8
2026-04-07T16:50:49.560;111;4,3
2026-04-07T16:50:49.989;110;4,6
2026-04-07T16:50:51.470;107;4,9
2026-04-07T16:50:52.434;106;4,8
2026-04-07T16:50:53.873;106;4,8
2026-04-07T16:50:54.846;107;5,6
2026-04-07T16:50:55.268;108;5,6
2026-04-07T16:50:56.268;109;5,6
2026-04-07T16:50:57.235;109;5,2
2026-04-07T16:50:58.630;110;5,3
2026-04-07T16:50:59.154;110;5,3
2026-04-07T16:51:00.114;110;5,3
2026-04-07T16:51:01.071;111;5,2
2026-04-07T16:51:02.024;111;5,2
2026-04-07T16:51:03.477;110;5,3
2026-04-07T16:51:04.431;110;5,3
2026-04-07T16:51:05.391;109;4,4
2026-04-07T16:51:06.350;108;3,7
2026-04-07T16:51:07.314;109;3,7
2026-04-07T16:51:08.230;109;4,4
2026-04-07T16:51:09.229;110;4,3
2026-04-07T16:51:10.194;110;3,3
2026-04-07T16:51:11.157;110;3,6
2026-04-07T16:51:12.116;109;4,6
2026-04-07T16:51:13.075;106;5,6
2026-04-07T16:51:14.035;105;5,6
2026-04-07T16:51:15.467;105;5,9
2026-04-07T16:51:16.431;105;5,9
2026-04-07T16:51:17.395;106;6,0
2026-04-07T16:51:18.352;106;6,1
2026-04-07T16:51:19.318;107;6,1
2026-04-07T16:51:20.273;108;6,1
2026-04-07T16:51:21.236;107;6,0
2026-04-07T16:51:22.205;106;6,4
2026-04-07T16:51:23.158;105;6,4
2026-04-07T16:51:24.122;105;6,4
2026-04-07T16:51:25.075;105;6,0
2026-04-07T16:51:26.037;105;6,2
2026-04-07T16:51:27.472;106;6,2
2026-04-07T16:51:28.432;107;5,5
2026-04-07T16:51:29.396;108;4,4
2026-04-07T16:51:30.355;108;4,4
2026-04-07T16:51:31.312;108;4,4
2026-04-07T16:51:32.270;108;3,9
2026-04-07T16:51:33.234;108;3,9
2026-04-07T16:51:34.198;108;3,8
2026-04-07T16:51:35.155;108;3,7
2026-04-07T16:51:36.070;107;3,8
2026-04-07T16:51:37.062;108;3,6
2026-04-07T16:51:38.950;107;2,8
2026-04-07T16:51:39.430;107;2,8
2026-04-07T16:51:40.430;107;3,0
2026-04-07T16:51:41.354;107;2,9
2026-04-07T16:51:42.377;107;2,5
2026-04-07T16:51:43.793;106;2,5
2026-04-07T16:51:44.283;106;1,7
2026-04-07T16:51:45.231;106;1,8
2026-04-07T16:51:46.194;106;1,8
2026-04-07T16:51:47.161;106;1,7
2026-04-07T16:51:48.592;105;1,9
2026-04-07T16:51:49.028;104;3,5
2026-04-07T16:51:50.031;103;3,7
2026-04-07T16:51:51.477;102;3,7
2026-04-07T16:51:52.433;102;4,1
2026-04-07T16:51:53.397;103;4,7
2026-04-07T16:51:54.360;104;4,9
2026-04-07T16:51:55.325;105;4,9
2026-04-07T16:51:56.282;106;4,8
2026-04-07T16:51:58.202;106;4,9
2026-04-07T16:51:58.630;105;5,4
2026-04-07T16:51:59.155;104;5,9
2026-04-07T16:52:00.123;103;5,9
2026-04-07T16:52:01.080;103;6,3
2026-04-07T16:52:02.030;104;6,5
2026-04-07T16:52:03.471;105;6,5
2026-04-07T16:52:05.391;106;6,5
2026-04-07T16:52:05.392;107;5,8
2026-04-07T16:52:06.350;107;5,6
2026-04-07T16:52:07.315;107;5,6
2026-04-07T16:52:08.282;107;5,6
2026-04-07T16:52:09.237;107;5,2
2026-04-07T16:52:10.199;107;4,6
2026-04-07T16:52:11.165;108;4,6
2026-04-07T16:52:12.109;108;4,5
2026-04-07T16:52:13.071;108;4,5
2026-04-07T16:52:14.032;108;3,9
2026-04-07T16:52:15.476;108;3,0
2026-04-07T16:52:16.435;108;3,0
2026-04-07T16:52:17.410;108;2,8
2026-04-07T16:52:18.356;108;1,8
2026-04-07T16:52:20.278;107;1,4
2026-04-07T16:52:20.757;108;1,3
2026-04-07T16:52:21.191;108;1,2
2026-04-07T16:52:22.202;108;1,1
2026-04-07T16:52:23.154;108;1,1
2026-04-07T16:52:24.130;107;1,7
2026-04-07T16:52:25.080;106;3,1
2026-04-07T16:52:26.045;105;3,1
2026-04-07T16:52:27.485;104;3,1
2026-04-07T16:52:28.439;105;3,6
2026-04-07T16:52:29.394;106;3,8
2026-04-07T16:52:30.351;107;4,0
2026-04-07T16:52:31.303;108;4,2
2026-04-07T16:52:32.271;109;4,2
2026-04-07T16:52:33.229;109;4,5
2026-04-07T16:52:34.191;108;4,7
2026-04-07T16:52:35.152;105;7,4
2026-04-07T16:52:36.109;103;7,3
2026-04-07T16:52:37.065;104;8,0
2026-04-07T16:52:38.038;105;8,2
2026-04-07T16:52:39.478;105;8,3
2026-04-07T16:52:40.439;107;8,4
2026-04-07T16:52:41.399;108;7,9
2026-04-07T16:52:42.356;108;7,9
2026-04-07T16:52:43.320;107;8,0
2026-04-07T16:52:44.274;107;7,9
2026-04-07T16:52:45.241;107;7,7
2026-04-07T16:52:46.197;107;7,6
2026-04-07T16:52:47.639;107;7,5
2026-04-07T16:52:48.121;107;7,5
2026-04-07T16:52:49.068;107;7,4
2026-04-07T16:52:50.030;107;7,2
2026-04-07T16:52:51.474;106;4,3
2026-04-07T16:52:52.432;107;4,4
2026-04-07T16:52:53.406;107;3,7
2026-04-07T16:52:55.312;107;2,9
2026-04-07T16:52:55.313;108;2,4
2026-04-07T16:52:56.759;109;2,6
2026-04-07T16:52:58.193;110;2,6
2026-04-07T16:52:58.193;110;2,3
2026-04-07T16:52:59.156;111;2,2
2026-04-07T16:53:00.114;111;2,4
2026-04-07T16:53:01.563;113;2,8
2026-04-07T16:53:02.044;113;2,8
2026-04-07T16:53:03.472;115;2,9
2026-04-07T16:53:04.438;116;3,0
2026-04-07T16:53:05.393;117;3,0
2026-04-07T16:53:06.362;118;3,0
2026-04-07T16:53:07.319;118;3,0
2026-04-07T16:53:08.278;118;2,9
2026-04-07T16:53:09.240;118;2,8
2026-04-07T16:53:10.679;118;2,8
2026-04-07T16:53:11.173;118;2,2
2026-04-07T16:53:12.599;118;2,2
2026-04-07T16:53:13.565;118;2,3
2026-04-07T16:53:14.032;118;2,2
2026-04-07T16:53:15.484;118;2,3
2026-04-07T16:53:16.924;117;1,9
2026-04-07T16:53:17.393;117;1,7
2026-04-07T16:53:18.353;116;1,5
2026-04-07T16:53:19.316;117;1,9
2026-04-07T16:53:20.756;118;2,0
2026-04-07T16:53:21.191;119;2,5
2026-04-07T16:53:22.203;120;2,6
2026-04-07T16:53:23.634;121;2,8
2026-04-07T16:53:24.597;123;2,8
2026-04-07T16:53:25.556;124;3,0
2026-04-07T16:53:26.517;125;3,0
2026-04-07T16:53:27.476;126;3,1
2026-04-07T16:53:29.393;127;3,1
2026-04-07T16:53:29.394;128;2,9
2026-04-07T16:53:30.361;128;3,0
2026-04-07T16:53:31.320;129;3,0
2026-04-07T16:53:32.264;130;2,9
2026-04-07T16:53:33.231;131;2,8
2026-04-07T16:53:34.200;132;2,5
2026-04-07T16:53:35.153;132;2,3
2026-04-07T16:53:36.117;134;2,2
2026-04-07T16:53:37.075;135;2,3
2026-04-07T16:53:38.033;135;2,1
2026-04-07T16:53:39.473;136;2,1
2026-04-07T16:53:40.443;136;1,9
2026-04-07T16:53:41.831;137;1,9
2026-04-07T16:53:42.354;137;1,9
2026-04-07T16:53:43.316;138;1,6
2026-04-07T16:53:45.229;138;1,6
2026-04-07T16:53:45.230;138;1,6
2026-04-07T16:53:46.677;139;1,5
2026-04-07T16:53:47.155;139;1,5
2026-04-07T16:53:48.122;140;1,5
2026-04-07T16:53:49.063;140;1,0
2026-04-07T16:53:51.004;141;0,8
2026-04-07T16:53:51.420;141;0,9
2026-04-07T16:53:52.917;142;0,9
2026-04-07T16:53:53.350;142;0,9
2026-04-07T16:53:54.356;142;0,9
2026-04-07T16:53:55.311;143;0,9
2026-04-07T16:53:56.270;144;1,0
2026-04-07T16:53:57.233;144;1,1
2026-04-07T16:53:58.194;145;1,1
2026-04-07T16:53:59.153;146;1,1
2026-04-07T16:54:00.114;146;1,1
2026-04-07T16:54:01.075;147;1,1
2026-04-07T16:54:02.047;147;1,2
2026-04-07T16:54:03.473;147;1,2
2026-04-07T16:54:04.435;148;1,2
2026-04-07T16:54:05.394;148;1,2
2026-04-07T16:54:06.343;148;1,2
2026-04-07T16:54:07.310;148;1,0
2026-04-07T16:54:08.271;148;0,9
2026-04-07T16:54:10.198;148;0,9
2026-04-07T16:54:10.620;149;0,9
2026-04-07T16:54:11.159;149;0,9
2026-04-07T16:54:12.122;149;0,9
2026-04-07T16:54:13.073;149;1,1
2026-04-07T16:54:14.040;149;1,0
2026-04-07T16:54:15.471;149;0,9
2026-04-07T16:54:16.434;149;0,9
2026-04-07T16:54:17.395;149;0,9
2026-04-07T16:54:18.359;149;1,0
2026-04-07T16:54:20.276;150;1,0
2026-04-07T16:54:20.277;150;1,0
2026-04-07T16:54:21.234;150;1,0
2026-04-07T16:54:22.205;150;1,0
2026-04-07T16:54:23.160;151;1,0
2026-04-07T16:54:24.110;151;1,2
2026-04-07T16:54:25.079;151;1,3
2026-04-07T16:54:26.039;151;1,3
2026-04-07T16:54:28.437;151;1,3
2026-04-07T16:54:28.438;151;1,3
2026-04-07T16:54:29.398;152;1,2
2026-04-07T16:54:30.355;152
2026-04-07T16:54:31.312;151;1,2
2026-04-07T16:54:32.279;151;1,2
2026-04-07T16:54:33.237;152;1,2
2026-04-07T16:54:34.195;152;1,2
2026-04-07T16:54:35.167;151;1,2
2026-04-07T16:54:36.117;151;0,9
2026-04-07T16:54:38.040;151;0,5
2026-04-07T16:54:38.041;151;0,6
2026-04-07T16:54:39.956;152;1,1
2026-04-07T16:54:40.434;152;1,1
2026-04-07T16:54:41.879;152;1,2
2026-04-07T16:54:42.838;152;1,3
2026-04-07T16:54:43.314;153;1,3
2026-04-07T16:54:44.277;153;1,3
2026-04-07T16:54:45.237;153;1,3
2026-04-07T16:54:46.673;152;1,3
2026-04-07T16:54:47.112;152;1,3
2026-04-07T16:54:48.595;152;1,3
2026-04-07T16:54:49.032;152;1,3
2026-04-07T16:54:50.515;152;1,0
2026-04-07T16:54:51.480;152;0,9
2026-04-07T16:54:52.439;151;0,7
2026-04-07T16:54:53.400;151;0,7
2026-04-07T16:54:55.321;151;0,9
2026-04-07T16:54:55.322;151;0,9
2026-04-07T16:54:56.281;151;0,9
2026-04-07T16:54:57.232;151;0,9
2026-04-07T16:54:58.189;151;1,0
2026-04-07T16:54:59.154;151;1,0
2026-04-07T16:55:00.599;151;1,0
2026-04-07T16:55:01.030;150;1,3
2026-04-07T16:55:02.032;150;1,3
2026-04-07T16:55:03.478;150;1,4
2026-04-07T16:55:04.442;149;1,3
2026-04-07T16:55:05.393;149;1,5
2026-04-07T16:55:06.360;148;1,4
2026-04-07T16:55:07.321;147;1,4
2026-04-07T16:55:08.277;146;1,5
2026-04-07T16:55:09.245;145;1,5
2026-04-07T16:55:10.205;145;1,4
2026-04-07T16:55:11.159;144;1,5
2026-04-07T16:55:12.116;143;1,6
2026-04-07T16:55:13.557;142;1,4
2026-04-07T16:55:13.990;142;1,3
2026-04-07T16:55:15.475;142;1,4
2026-04-07T16:55:16.440;141;1,4
2026-04-07T16:55:17.899;140;1,3
2026-04-07T16:55:18.839;139;1,4
2026-04-07T16:55:19.800;138;1,3
2026-04-07T16:55:20.231;138;1,3
2026-04-07T16:55:21.245;138;1,2
2026-04-07T16:55:22.208;138;1,4
2026-04-07T16:55:23.163;138;1,9
2026-04-07T16:55:25.092;138;2,6
2026-04-07T16:55:25.512;139;2,6
2026-04-07T16:55:26.044;139;2,7
2026-04-07T16:55:27.966;139;2,7
2026-04-07T16:55:28.445;140;2,8
2026-04-07T16:55:30.357;140;2,7
2026-04-07T16:55:30.357;141;2,7
2026-04-07T16:55:31.326;141;2,7
2026-04-07T16:55:32.278;141;2,7
2026-04-07T16:55:33.724;142;2,7
2026-04-07T16:55:34.150;142;2,6
2026-04-07T16:55:35.164;142;2,5
2026-04-07T16:55:36.122;143;2,3
2026-04-07T16:55:37.078;144;1,6
2026-04-07T16:55:38.034;144;1,6
2026-04-07T16:55:40.919;144;1,5
2026-04-07T16:55:40.920;144;1,2
2026-04-07T16:55:41.352;144;1,2
2026-04-07T16:55:42.361;144;1,3
2026-04-07T16:55:43.802;145;1,3
2026-04-07T16:55:44.755;145;1,4
2026-04-07T16:55:45.193;145;1,3
2026-04-07T16:55:46.207;145;1,3
2026-04-07T16:55:47.639;145;1,2
2026-04-07T16:55:49.077;145;1,1
2026-04-07T16:55:49.563;145;0,9
2026-04-07T16:55:49.991;145;0,9
2026-04-07T16:55:51.480;146;1,0
2026-04-07T16:55:52.853;146;1,2
2026-04-07T16:55:53.333;146;1,5
2026-04-07T16:55:55.263;146;1,7
2026-04-07T16:55:55.265;146;1,6
2026-04-07T16:55:56.219;146;1,6
2026-04-07T16:55:57.654;147;1,6
2026-04-07T16:56:00.533;147;1,9
2026-04-07T16:56:00.534;148;2,1
2026-04-07T16:56:00.535;148;2,1
2026-04-07T16:56:01.514;148;2,2
2026-04-07T16:56:01.992;148;2,2
2026-04-07T16:56:03.913;147;2,0
2026-04-07T16:56:04.392;148;2,0
2026-04-07T16:56:05.353;148;2,0
2026-04-07T16:56:06.793;148;1,7
2026-04-07T16:56:07.753;148;1,7
2026-04-07T16:56:08.232;148;1,8
2026-04-07T16:56:09.194;148;2,0
2026-04-07T16:56:10.153;149;1,8
2026-04-07T16:56:11.113;149;1,4
2026-04-07T16:56:12.073;149;1,3
2026-04-07T16:56:13.016;149;1,4
2026-04-07T16:56:13.993;148;1,4
2026-04-07T16:56:15.433;148;1,5
2026-04-07T16:56:17.352;148;1,5
2026-04-07T16:56:17.354;149;1,4
2026-04-07T16:56:18.313;149;1,4
2026-04-07T16:56:19.312;149;1,4
2026-04-07T16:56:20.271;150;1,2
2026-04-07T16:56:21.240;151;1,1
2026-04-07T16:56:22.193;151;1,1
2026-04-07T16:56:23.154;150;1,2
2026-04-07T16:56:24.112;150;1,2
2026-04-07T16:56:25.029;150;1,0
2026-04-07T16:56:26.473;150;1,0
2026-04-07T16:56:27.468;150;0,9
2026-04-07T16:56:29.397;150;1,1
2026-04-07T16:56:29.398;150;1,4
2026-04-07T16:56:30.790;150;1,4
2026-04-07T16:56:31.272;150;1,3
2026-04-07T16:56:32.315;150;1,4
2026-04-07T16:56:33.231;150;1,4
2026-04-07T16:56:34.199;150;1,5
2026-04-07T16:56:35.160;150;1,6
2026-04-07T16:56:36.073;150;1,5
2026-04-07T16:56:37.078;150;1,5
2026-04-07T16:56:38.052;149;1,5
2026-04-07T16:56:39.481;149;1,5
2026-04-07T16:56:40.381;149;1,5
2026-04-07T16:56:41.391;149;1,4
2026-04-07T16:56:42.351;148;1,4
2026-04-07T16:56:43.311;148;1,4
2026-04-07T16:56:44.276;146;1,5
2026-04-07T16:56:45.242;146;1,5
2026-04-07T16:56:46.196;145;1,5
2026-04-07T16:56:47.163;144;1,4
2026-04-07T16:56:48.127;143;1,5
2026-04-07T16:56:50.046;142;1,5
2026-04-07T16:56:50.047;141;1,7
2026-04-07T16:56:51.486;140;1,7
2026-04-07T16:56:52.444;140;1,6
2026-04-07T16:56:53.399;139;1,5
2026-04-07T16:56:54.357;137;1,6
2026-04-07T16:56:55.315;136;1,6
2026-04-07T16:56:56.280;136;1,6
2026-04-07T16:56:57.236;136;1,7
2026-04-07T16:56:58.194;135;1,7
2026-04-07T16:56:59.155;134;2,1
2026-04-07T16:57:00.117;133;2,3
2026-04-07T16:57:01.072;131;2,5
2026-04-07T16:57:02.027;130;2,4
2026-04-07T16:57:03.464;130;2,3
2026-04-07T16:57:04.923;129;2,4
2026-04-07T16:57:05.352;129;2,4
2026-04-07T16:57:06.313;129;2,4
2026-04-07T16:57:07.740;127;2,5
2026-04-07T16:57:08.214;127;2,5
2026-04-07T16:57:09.178;126;2,4
2026-04-07T16:57:10.194;126;2,4
2026-04-07T16:57:11.150;126;2,3
2026-04-07T16:57:12.125;125;2,3
2026-04-07T16:57:13.071;125;2,0
2026-04-07T16:57:14.039;125;1,7
2026-04-07T16:57:15.432;125;1,5
2026-04-07T16:57:16.920;125;1,7
2026-04-07T16:57:17.352;124;1,9
2026-04-07T16:57:18.358;123;1,8
2026-04-07T16:57:19.259;122;1,8
2026-04-07T16:57:20.291;122;2,7
2026-04-07T16:57:21.255;123;2,6
2026-04-07T16:57:22.198;123;2,6
2026-04-07T16:57:23.155;122;3,0
2026-04-07T16:57:24.117;121;3,1
2026-04-07T16:57:25.032;119;3,6
2026-04-07T16:57:26.033;117;3,8
2026-04-07T16:57:27.481;116;3,8
2026-04-07T16:57:28.435;115;3,8
2026-04-07T16:57:29.874;115;3,9
2026-04-07T16:57:30.313;116;4,1
2026-04-07T16:57:31.321;116;4,1
2026-04-07T16:57:32.286;117;4,1
2026-04-07T16:57:33.239;117;4,1
2026-04-07T16:57:34.195;116;4,2
2026-04-07T16:57:35.633;116;3,7
2026-04-07T16:57:36.114;117;3,7
2026-04-07T16:57:38.036;117;3,4
2026-04-07T16:57:39.433;117;3,4
2026-04-07T16:57:39.435;117;3,3
2026-04-07T16:57:40.394;117;2,8
2026-04-07T16:57:41.403;116;2,5
2026-04-07T16:57:42.366;116;2,5
2026-04-07T16:57:43.338;116;2,5
2026-04-07T16:57:45.718;116;2,3
2026-04-07T16:57:45.719;117;2,0
2026-04-07T16:57:46.205;117;2,0
2026-04-07T16:57:47.158;116;2,1
2026-04-07T16:57:48.122;116;2,0
2026-04-07T16:57:49.080;115;1,9
2026-04-07T16:57:50.039;115;1,9
2026-04-07T16:57:51.486;116;1,8
2026-04-07T16:57:52.438;116;1,7
2026-04-07T16:57:53.396;116;1,7
2026-04-07T16:57:55.315;116;1,5
2026-04-07T16:57:55.316;116;1,5
2026-04-07T16:57:56.278;116;1,4
2026-04-07T16:57:57.238;116;1,4
2026-04-07T16:57:58.200;116;1,5
2026-04-07T16:57:59.168;116;1,5
2026-04-07T16:58:00.119;116;1,2
2026-04-07T16:58:01.076;116;1,0
2026-04-07T16:58:02.038;116;0,6
2026-04-07T16:58:03.488;116;0,6
2026-04-07T16:58:04.444;116;0,6
2026-04-07T16:58:05.392;116;0,6
2026-04-07T16:58:06.353;116;0,6
2026-04-07T16:58:07.320;116;0,6
2026-04-07T16:58:08.234;116;0,6
2026-04-07T16:58:09.232;116;0,7
2026-04-07T16:58:10.202;116;0,7
2026-04-07T16:58:11.117;117;0,8
2026-04-07T16:58:12.116;116;0,7
2026-04-07T16:58:13.074;116;0,8
2026-04-07T16:58:14.991;116;1,0
2026-04-07T16:58:15.430;116;1,0
2026-04-07T16:58:16.434;116;1,0
2026-04-07T16:58:17.395;117;1,3
2026-04-07T16:58:18.358;118;1,3
2026-04-07T16:58:19.325;118;1,3
2026-04-07T16:58:20.286;118;1,3
2026-04-07T16:58:21.193;118;1,4
2026-04-07T16:58:22.208;118;1,4
2026-04-07T16:58:23.157;118;1,4
2026-04-07T16:58:24.061;118;1,4
2026-04-07T16:58:25.073;118;1,5
2026-04-07T16:58:26.035;119;1,5
2026-04-07T16:58:27.475;119;1,4
2026-04-07T16:58:28.438;118;1,4
2026-04-07T16:58:29.406;118;1,5
2026-04-07T16:58:30.358;118;1,5
2026-04-07T16:58:31.320;118;1,5
2026-04-07T16:58:32.280;118;1,3
2026-04-07T16:58:33.239;118;1,3
2026-04-07T16:58:34.198;118;1,3
2026-04-07T16:58:35.156;118;1,4
2026-04-07T16:58:36.553;117;1,4
2026-04-07T16:58:37.033;117;1,8
2026-04-07T16:58:38.035;116;1,8
2026-04-07T16:58:39.476;116;1,8
2026-04-07T16:58:40.425;116;1,7
2026-04-07T16:58:41.396;116;1,9
2026-04-07T16:58:42.360;115;2,4
2026-04-07T16:58:43.307;114;2,7
2026-04-07T16:58:45.230;113;2,7
2026-04-07T16:58:45.231;114;2,6
2026-04-07T16:58:46.200;113;2,5
2026-04-07T16:58:47.114;113;2,6
2026-04-07T16:58:48.130;113;2,7
2026-04-07T16:58:49.082;113;2,7
2026-04-07T16:58:50.044;113;2,7
2026-04-07T16:58:51.485;113;2,7
2026-04-07T16:58:52.438;114;2,5
2026-04-07T16:58:53.399;115;2,5
2026-04-07T16:58:55.322;115;2,5
2026-04-07T16:58:55.323;115;2,5
2026-04-07T16:58:56.279;114;2,6
2026-04-07T16:58:57.231;113;3,7
2026-04-07T16:58:58.200;111;3,3
2026-04-07T16:58:59.160;110;3,3
2026-04-07T16:59:00.596;110;4,0
2026-04-07T16:59:01.031;111;4,0
2026-04-07T16:59:02.033;112;4,6
2026-04-07T16:59:03.476;113;4,6
2026-04-07T16:59:04.435;114;4,6
2026-04-07T16:59:05.400;114;4,6
2026-04-07T16:59:06.362;114;4,5
2026-04-07T16:59:07.796;114;4,7
2026-04-07T16:59:08.231;114;4,7
2026-04-07T16:59:09.245;113;4,7
2026-04-07T16:59:10.197;113;4,7
2026-04-07T16:59:11.114;113;4,8
2026-04-07T16:59:12.603;113;4,0
2026-04-07T16:59:13.033;113;3,8
2026-04-07T16:59:14.035;114;3,7
2026-04-07T16:59:15.476;114;3,8
2026-04-07T16:59:16.434;115;3,0
2026-04-07T16:59:17.345;115;2,1
2026-04-07T16:59:18.357;115;2,1
2026-04-07T16:59:20.270;114;2,6
2026-04-07T16:59:21.232;114;2,7
2026-04-07T16:59:21.672;115;2,9
2026-04-07T16:59:22.191;116;2,8
2026-04-07T16:59:23.158;117;3,2
2026-04-07T16:59:24.596;118;3,2
2026-04-07T16:59:25.034;118;3,2
2026-04-07T16:59:26.039;118;3,1
2026-04-07T16:59:27.485;117;3,2
2026-04-07T16:59:28.928;117;3,3
2026-04-07T16:59:30.359;118;3,3
2026-04-07T16:59:30.360;119;3,4
2026-04-07T16:59:31.325;121;3,8
2026-04-07T16:59:32.276;121;3,9
2026-04-07T16:59:33.233;123;3,8
2026-04-07T16:59:34.202;125;3,9
2026-04-07T16:59:35.166;126;4,0
2026-04-07T16:59:36.123;129;4,1
2026-04-07T16:59:37.077;130;3,8
2026-04-07T16:59:37.980;131;3,8
2026-04-07T16:59:40.382;132;3,7
2026-04-07T16:59:40.385;133;3,7
2026-04-07T16:59:41.353;134;3,7
2026-04-07T16:59:42.314;135;3,6
2026-04-07T16:59:43.754;136;3,6
2026-04-07T16:59:44.221;137;3,0
2026-04-07T16:59:45.180;138;3,2
2026-04-07T16:59:46.136;140;2,7
2026-04-07T16:59:47.103;141;2,4
2026-04-07T16:59:49.106;141;2,0
2026-04-07T16:59:49.107;142;2,0
2026-04-07T16:59:49.994;143;1,8
2026-04-07T16:59:51.434;143;1,8
2026-04-07T16:59:52.394;143;1,8
2026-04-07T16:59:55.276;143;1,8
2026-04-07T16:59:55.278;144;1,7
2026-04-07T16:59:55.280;144;1,4
2026-04-07T16:59:56.216;144;1,5
2026-04-07T16:59:57.184;145;1,1
2026-04-07T16:59:58.154;145;1,1
2026-04-07T16:59:59.115;146;1,0
2026-04-07T17:00:00.074;146;1,1
2026-04-07T17:00:01.073;147;2,0
2026-04-07T17:00:01.981;148;2,0
2026-04-07T17:00:03.475;148;2,0
2026-04-07T17:00:04.443;148;2,0
2026-04-07T17:00:05.447;149;1,9
2026-04-07T17:00:06.838;149;2,0
2026-04-07T17:00:07.309;149;2,0
2026-04-07T17:00:08.274;150;1,9
2026-04-07T17:00:09.240;150;2,0
2026-04-07T17:00:10.204;150;2,0
2026-04-07T17:00:11.157;151;1,9
2026-04-07T17:00:12.109;152;1,9
2026-04-07T17:00:13.072;152;1,0
2026-04-07T17:00:14.521;153;1,0
2026-04-07T17:00:16.434;153;1,0
2026-04-07T17:00:16.435;153;0,9
2026-04-07T17:00:17.401;153;0,8
2026-04-07T17:00:19.271;154;0,8
2026-04-07T17:00:19.272;153;0,8
2026-04-07T17:00:20.231;153;0,6
2026-04-07T17:00:21.191;153;0,6
2026-04-07T17:00:22.152;153;0,7
2026-04-07T17:00:23.116;153;0,6
2026-04-07T17:00:24.607;153;0,6
2026-04-07T17:00:25.035;153;0,6
2026-04-07T17:00:25.992;153;0,6
2026-04-07T17:00:27.434;154;0,7
2026-04-07T17:00:28.431;155;0,9
2026-04-07T17:00:29.340;155;1,2
2026-04-07T17:00:30.297;155;1,2
2026-04-07T17:00:31.273;156;1,2
2026-04-07T17:00:32.280;156;1,2
2026-04-07T17:00:33.717;156;1,2
2026-04-07T17:00:34.141;156;1,3
2026-04-07T17:00:35.636;155;1,3
2026-04-07T17:00:36.074;155;1,3
2026-04-07T17:00:37.078;154;1,3
2026-04-07T17:00:38.039;154;1,4
2026-04-07T17:00:39.423;153;1,3
2026-04-07T17:00:40.442;153;1,0
2026-04-07T17:00:41.403;152;1,1
2026-04-07T17:00:42.362;152;1,2
2026-04-07T17:00:43.324;152;1,2
2026-04-07T17:00:45.238;152;1,1
2026-04-07T17:00:45.239;152;1,0
2026-04-07T17:00:46.196;152;1,0
2026-04-07T17:00:47.160;152;1,1
2026-04-07T17:00:48.115;152;1,1
2026-04-07T17:00:49.558;151;0,9
2026-04-07T17:00:50.043;152;0,9
2026-04-07T17:00:51.477;151;0,9
2026-04-07T17:00:52.438;151;0,9
2026-04-07T17:00:53.398;151;0,6
2026-04-07T17:00:55.320;151;0,7
2026-04-07T17:00:55.321;151;0,7
2026-04-07T17:00:56.288;151;0,7
2026-04-07T17:00:57.239;151;0,7
2026-04-07T17:00:58.194;151;0,6
2026-04-07T17:00:59.112;150;0,7
2026-04-07T17:01:00.075;150;0,8
2026-04-07T17:01:01.033;150;0,8
2026-04-07T17:01:02.042;149;0,8
2026-04-07T17:01:03.485;149;0,9
2026-04-07T17:01:04.435;148;0,9
2026-04-07T17:01:05.399;148;0,9
2026-04-07T17:01:06.356;148;0,9
2026-04-07T17:01:07.317;147;0,9
2026-04-07T17:01:08.285;147;1,0
2026-04-07T17:01:10.200;146;1,1
2026-04-07T17:01:10.200;146;1,1
2026-04-07T17:01:11.591;145;1,1
2026-04-07T17:01:12.076;144;1,1
2026-04-07T17:01:14.036;144;1,1
2026-04-07T17:01:14.038;144;1,1
2026-04-07T17:01:15.472;144;1,1
2026-04-07T17:01:16.442;144;1,3
2026-04-07T17:01:17.402;144;1,4
2026-04-07T17:01:18.360;144;1,5
2026-04-07T17:01:20.284;145;1,5
2026-04-07T17:01:20.285;145;1,5
2026-04-07T17:01:21.243;145;1,5
2026-04-07T17:01:22.200;146;1,4
2026-04-07T17:01:23.158;146;1,4
2026-04-07T17:01:24.114;146;1,3
2026-04-07T17:01:25.075;146;1,4
2026-04-07T17:01:26.046;146;1,3
2026-04-07T17:01:27.483;146;1,3
2026-04-07T17:01:28.924;145;1,1
2026-04-07T17:01:29.878;145;0,9
2026-04-07T17:01:30.315;146;0,8
2026-04-07T17:01:31.321;145;0,9
2026-04-07T17:01:32.234;145;0,9
2026-04-07T17:01:33.238;145;1,2
2026-04-07T17:01:34.205;145;1,3
2026-04-07T17:01:35.641;145;1,4
2026-04-07T17:01:36.117;146;1,4
2026-04-07T17:01:37.077;146;1,4
2026-04-07T17:01:37.991;147;1,4
2026-04-07T17:01:39.479;147;1,4
2026-04-07T17:01:40.423;147;1,5
2026-04-07T17:01:41.399;147;1,5
2026-04-07T17:01:42.366;147;1,7
2026-04-07T17:01:43.316;147;1,7
2026-04-07T17:01:45.239;147;1,7
2026-04-07T17:01:45.239;147;1,6
2026-04-07T17:01:46.191;147;1,6
2026-04-07T17:01:47.193;148;1,6
2026-04-07T17:01:48.056;148;1,6
2026-04-07T17:01:49.497;148;1,6
2026-04-07T17:01:49.976;148;1,6
2026-04-07T17:01:51.899;147;1,9
2026-04-07T17:01:52.377;147;1,9
2026-04-07T17:01:53.400;147;1,9
2026-04-07T17:01:54.361;147;1,7
2026-04-07T17:01:55.264;148;1,7
2026-04-07T17:01:56.256;148;1,9
2026-04-07T17:01:57.185;149;1,8
2026-04-07T17:01:58.191;149;1,7
2026-04-07T17:01:59.153;149;1,7
2026-04-07T17:02:01.081;150;1,8
2026-04-07T17:02:01.082;150;2,0
2026-04-07T17:02:04.435;150;1,8
2026-04-07T17:02:04.437;150;1,6
2026-04-07T17:02:04.437;151;1,6
2026-04-07T17:02:05.402;151;1,6
2026-04-07T17:02:06.361;151;1,6
2026-04-07T17:02:07.319;151;1,5
2026-04-07T17:02:08.223;152;1,3
2026-04-07T17:02:09.181;151;1,2
2026-04-07T17:02:10.203;151;1,4
2026-04-07T17:02:11.166;151;1,3
2026-04-07T17:02:12.120;151;1,1
2026-04-07T17:02:13.073;152;1,0
2026-04-07T17:02:15.004;152;1,0
2026-04-07T17:02:15.436;153;1,2
2026-04-07T17:02:16.436;153;1,2
2026-04-07T17:02:17.411;154;1,5
2026-04-07T17:02:18.364;154;1,5
2026-04-07T17:02:20.714;154;1,5
2026-04-07T17:02:20.718;154;1,5
2026-04-07T17:02:21.239;155;1,3
2026-04-07T17:02:22.206;155;1,4
2026-04-07T17:02:23.165;155;1,5
2026-04-07T17:02:24.126;155;1,5
2026-04-07T17:02:25.086;154;1,5
2026-04-07T17:02:26.042;154;1,3
2026-04-07T17:02:27.477;154;1,3
2026-04-07T17:02:28.446;154;1,1
2026-04-07T17:02:29.409;153;0,9
2026-04-07T17:02:30.361;153;0,9
2026-04-07T17:02:31.277;153;0,9
2026-04-07T17:02:32.235;153;0,9
2026-04-07T17:02:33.294;153;0,7
2026-04-07T17:02:34.197;153;0,8
2026-04-07T17:02:35.163;153;0,8
2026-04-07T17:02:36.128;153;0,9
2026-04-07T17:02:37.084;153;0,9
2026-04-07T17:02:39.007;153;0,9
2026-04-07T17:02:39.435;153;0,9
2026-04-07T17:02:40.437;153;1,2
2026-04-07T17:02:41.396;153;1,5
2026-04-07T17:02:42.362;154;1,4
2026-04-07T17:02:43.797;153;1,5
2026-04-07T17:02:45.235;154;1,6
2026-04-07T17:02:45.236;154;1,6
2026-04-07T17:02:46.194;153;1,6
2026-04-07T17:02:47.164;152;1,8
2026-04-07T17:02:48.115;152;1,8
2026-04-07T17:02:49.076;151;1,8
2026-04-07T17:02:50.021;151;1,7
2026-04-07T17:02:51.479;150;1,7
2026-04-07T17:02:52.441;150;1,5
2026-04-07T17:02:53.402;149;1,6
2026-04-07T17:02:54.841;149;1,8
2026-04-07T17:02:55.275;148;1,8
2026-04-07T17:02:56.283;147;1,7
2026-04-07T17:02:57.241;146;1,7
2026-04-07T17:02:58.151;144;1,9
2026-04-07T17:02:59.165;143;1,8
2026-04-07T17:03:00.123;142;1,8
2026-04-07T17:03:01.081;141;1,9
2026-04-07T17:03:02.040;140;1,9
2026-04-07T17:03:03.481;139;2,0
2026-04-07T17:03:04.445;138;1,9
2026-04-07T17:03:05.404;137;2,1
2026-04-07T17:03:06.356;136;2,0
2026-04-07T17:03:07.318;136;1,9
2026-04-07T17:03:08.286;135;1,9
2026-04-07T17:03:10.201;135;1,8
2026-04-07T17:03:10.203;134;1,8
2026-04-07T17:03:11.162;134;1,7
2026-04-07T17:03:12.114;133;1,6
2026-04-07T17:03:13.038;133;1,6
2026-04-07T17:03:14.525;133;1,5
2026-04-07T17:03:15.484;132;1,6
2026-04-07T17:03:16.440;131;1,7
2026-04-07T17:03:17.399;131;1,7
2026-04-07T17:03:18.359;130;1,4
2026-04-07T17:03:20.284;129;1,5
2026-04-07T17:03:20.285;129;1,5
2026-04-07T17:03:21.242;128;1,5
2026-04-07T17:03:22.202;128;1,9
2026-04-07T17:03:23.215;127;1,9
2026-04-07T17:03:24.081;125;1,8
2026-04-07T17:03:26.522;125;1,9
2026-04-07T17:03:26.523;124;1,9
2026-04-07T17:03:27.475;125;1,9
2026-04-07T17:03:28.439;125;1,9
2026-04-07T17:03:29.400;125;2,0
2026-04-07T17:03:30.368;124;2,0
2026-04-07T17:03:31.796;122;2,7
2026-04-07T17:03:32.233;121;2,8
2026-04-07T17:03:33.239;120;2,8
2026-04-07T17:03:35.167;119;2,8
2026-04-07T17:03:35.596;119;2,8
2026-04-07T17:03:36.066;119;2,5
2026-04-07T17:03:37.076;119;2,5
2026-04-07T17:03:38.037;119;2,5
2026-04-07T17:03:39.490;118;2,5
2026-04-07T17:03:40.442;118;2,5
2026-04-07T17:03:41.882;118;2,5
2026-04-07T17:03:42.316;118;2,4
2026-04-07T17:03:43.325;118;2,5
2026-04-07T17:03:44.282;119;2,4
2026-04-07T17:03:45.249;119;2,2
2026-04-07T17:03:46.205;119;1,2
2026-04-07T17:03:47.164;119;1,0
2026-04-07T17:03:48.123;119;1,1
2026-04-07T17:03:49.079;119;1,1
2026-04-07T17:03:50.043;120;1,2
2026-04-07T17:03:51.481;120;1,3
2026-04-07T17:03:52.444;120;1,2
2026-04-07T17:03:53.407;120;1,4
2026-04-07T17:03:55.331;120;1,3
2026-04-07T17:03:55.332;120;1,3
2026-04-07T17:03:56.288;120;1,3
2026-04-07T17:03:57.252;120;1,3
2026-04-07T17:03:58.201;120;1,2
2026-04-07T17:03:59.168;120;1,2
2026-04-07T17:04:00.123;120;1,2
2026-04-07T17:04:01.086;120;1,4
2026-04-07T17:04:02.049;120;1,3
2026-04-07T17:04:03.480;119;1,2
2026-04-07T17:04:04.442;119;1,2
2026-04-07T17:04:05.398;119;1,0
2026-04-07T17:04:06.363;119;1,1
2026-04-07T17:04:07.325;119;1,2
2026-04-07T17:04:08.279;118;1,3
2026-04-07T17:04:09.243;117;1,4
2026-04-07T17:04:10.198;117;1,4
2026-04-07T17:04:11.169;117;1,6
2026-04-07T17:04:13.036;117;1,8
2026-04-07T17:04:13.508;118;1,8
2026-04-07T17:04:14.039;118;1,8
2026-04-07T17:04:15.476;118;1,8
2026-04-07T17:04:16.457;117;1,9
2026-04-07T17:04:17.402;117;1,9
2026-04-07T17:04:18.348;116;1,9
2026-04-07T17:04:19.329;116;2,0
2026-04-07T17:04:20.293;116;2,0
2026-04-07T17:04:21.237;116;1,9
2026-04-07T17:04:22.203;116;1,8
2026-04-07T17:04:23.168;117;1,8
2026-04-07T17:04:24.121;117;1,8
2026-04-07T17:04:25.076;116;1,8
2026-04-07T17:04:26.040;116;1,7
2026-04-07T17:04:27.477;116;1,4
2026-04-07T17:04:28.439;116;1,4
2026-04-07T17:04:30.356;116;1,6
2026-04-07T17:04:30.357;116;1,5
2026-04-07T17:04:31.327;117;1,3
2026-04-07T17:04:32.272;117;1,4
2026-04-07T17:04:33.238;118;1,3
2026-04-07T17:04:34.200;118;1,4
2026-04-07T17:04:35.159;119;1,4
2026-04-07T17:04:36.121;118;1,4
2026-04-07T17:04:37.079;118;1,8
2026-04-07T17:04:38.039;117;1,8
2026-04-07T17:04:39.487;117;1,8
2026-04-07T17:04:40.447;116;1,7
2026-04-07T17:04:41.393;116;1,8
2026-04-07T17:04:42.371;116;1,8
2026-04-07T17:04:43.756;116;1,8
2026-04-07T17:04:44.765;116;1,7
2026-04-07T17:04:45.243;116;1,7
2026-04-07T17:04:46.205;115;1,7
2026-04-07T17:04:47.103;115;1,6
2026-04-07T17:04:48.066;115;1,6
2026-04-07T17:04:49.026;115;1,6
2026-04-07T17:04:49.986;115;1,6
2026-04-07T17:04:51.480;115;1,6
2026-04-07T17:04:52.381;115;1,5
2026-04-07T17:04:53.397;115;1,0
2026-04-07T17:04:55.316;115;0,9
2026-04-07T17:04:55.317;114;0,9
2026-04-07T17:04:56.283;115;0,8
2026-04-07T17:04:57.234;115;0,7
2026-04-07T17:04:58.193;115;0,7
2026-04-07T17:05:00.127;114;0,7
2026-04-07T17:05:00.128;114;1,0
2026-04-07T17:05:01.077;114;1,0
2026-04-07T17:05:02.039;114;1,0
2026-04-07T17:05:03.479;113;0,9
2026-04-07T17:05:04.448;113;0,9
2026-04-07T17:05:05.388;113;1,0
2026-04-07T17:05:06.369;113;1,0
2026-04-07T17:05:07.335;113;1,0
2026-04-07T17:05:08.281;113;1,1
2026-04-07T17:05:09.237;114;1,2
2026-04-07T17:05:10.199;114;1,2
2026-04-07T17:05:11.156;114;1,2
2026-04-07T17:05:12.117;114;1,3
2026-04-07T17:05:13.084;114;1,3
2026-04-07T17:05:14.044;113;1,4
2026-04-07T17:05:15.955;113;1,2
2026-04-07T17:05:16.393;114;1,3
2026-04-07T17:05:17.400;114;1,3
2026-04-07T17:05:18.359;113;1,7
2026-04-07T17:05:19.276;113;1,8
2026-04-07T17:05:20.237;112;1,8
2026-04-07T17:05:21.249;113;2,1
2026-04-07T17:05:22.205;112;2,5
2026-04-07T17:05:23.653;112;2,5
2026-04-07T17:05:24.075;112;2,5
2026-04-07T17:05:25.085;112;2,4
2026-04-07T17:05:26.519;112;2,7
2026-04-07T17:05:27.482;113;2,7
2026-04-07T17:05:28.442;114;2,8
2026-04-07T17:05:29.399;114;2,8
2026-04-07T17:05:30.317;114;2,7
2026-04-07T17:05:31.305;115;2,8
2026-04-07T17:05:32.266;114;2,8
2026-04-07T17:05:33.196;114;2,8
2026-04-07T17:05:34.157;114;2,5
2026-04-07T17:05:35.639;114;2,6
2026-04-07T17:05:36.075;115;2,3
2026-04-07T17:05:38.048;115;1,8
2026-04-07T17:05:38.049;115;2,0
2026-04-07T17:05:39.965;115;2,0
2026-04-07T17:05:40.442;115;2,2
2026-04-07T17:05:41.397;114;2,1
2026-04-07T17:05:42.371;114;1,9
2026-04-07T17:05:43.318;114;1,8
2026-04-07T17:05:44.285;114;1,8
2026-04-07T17:05:45.246;114;1,8
2026-04-07T17:05:47.173;113;1,8
2026-04-07T17:05:47.173;113;1,8
2026-04-07T17:05:48.621;112;2,2
2026-04-07T17:05:49.561;111;2,3
2026-04-07T17:05:50.044;110;2,3
2026-04-07T17:05:51.491;110;2,5
2026-04-07T17:05:52.924;111;2,7
2026-04-07T17:05:53.337;112;3,0
2026-04-07T17:05:54.360;112;3,0
2026-04-07T17:05:55.320;112;3,0
2026-04-07T17:05:56.281;113;3,0
2026-04-07T17:05:57.196;112;3,1
2026-04-07T17:05:58.156;113;3,1
2026-04-07T17:06:00.116;113;3,1
2026-04-07T17:06:00.117;114;3,2
2026-04-07T17:06:01.075;115;3,2
2026-04-07T17:06:02.037;115;3,1
2026-04-07T17:06:03.471;116;2,9
2026-04-07T17:06:04.438;116;2,9
2026-04-07T17:06:05.396;117;2,9
2026-04-07T17:06:06.357;117;2,8
2026-04-07T17:06:07.330;116;2,5
2026-04-07T17:06:08.286;116;2,5
2026-04-07T17:06:09.245;116;2,1
2026-04-07T17:06:10.208;117;2,1
2026-04-07T17:06:11.105;117;1,9
2026-04-07T17:06:12.119;118;1,7
2026-04-07T17:06:13.081;118;1,6
2026-04-07T17:06:14.040;117;2,6
2026-04-07T17:06:15.958;115;3,0
2026-04-07T17:06:17.396;114;2,9
2026-04-07T17:06:17.396;113;2,9
2026-04-07T17:06:18.316;113;3,0
2026-04-07T17:06:19.320;114;3,1
2026-04-07T17:06:20.281;114;3,2
2026-04-07T17:06:21.217;115;3,5
2026-04-07T17:06:22.203;117;3,5
2026-04-07T17:06:24.125;117;3,6
2026-04-07T17:06:24.126;118;3,7
2026-04-07T17:06:25.022;118;3,7
2026-04-07T17:06:26.043;118;3,9
2026-04-07T17:06:27.498;118;4,1
2026-04-07T17:06:28.452;119;4,5
2026-04-07T17:06:29.353;121;4,3
2026-04-07T17:06:30.353;122;3,9
2026-04-07T17:06:31.346;123;4,0
2026-04-07T17:06:32.231;124;4,0
2026-04-07T17:06:34.682;125;4,1
2026-04-07T17:06:34.683;126;4,0
2026-04-07T17:06:35.102;128;4,0
2026-04-07T17:06:36.120;129;3,9
2026-04-07T17:06:37.076;131;3,8
2026-04-07T17:06:38.035;132;3,8
2026-04-07T17:06:39.418;132;3,8
2026-04-07T17:06:40.419;134;3,6
2026-04-07T17:06:41.338;135;3,4
2026-04-07T17:06:42.303;136;2,9
2026-04-07T17:06:43.262;137;2,5
2026-04-07T17:06:44.287;137;2,3
2026-04-07T17:06:45.255;138;2,3
2026-04-07T17:06:46.208;138;2,2
2026-04-07T17:06:47.174;139;2,5
2026-04-07T17:06:48.122;139;2,2
2026-04-07T17:06:49.085;140;2,2
2026-04-07T17:06:50.463;141;2,1
2026-04-07T17:06:51.487;142;2,0
2026-04-07T17:06:52.385;142;2,0
2026-04-07T17:06:53.835;143;2,0
2026-04-07T17:06:54.839;143;2,0
2026-04-07T17:06:55.278;143;2,0
2026-04-07T17:06:56.283;143;2,0
2026-04-07T17:06:57.237;143;2,0
2026-04-07T17:06:58.206;143;1,9
2026-04-07T17:06:59.146;143;106,4
2026-04-07T17:07:00.605;144;106,4
2026-04-07T17:07:01.037;145;106,4
2026-04-07T17:07:02.044;145;106,4
2026-04-07T17:07:03.480;146;106,4
2026-04-07T17:07:05.401;146;106,4
2026-04-07T17:07:05.402;147;106,4
2026-04-07T17:07:06.361;147;106,4
2026-04-07T17:07:07.321;148;106,4
2026-04-07T17:07:08.293;148;106,4
2026-04-07T17:07:09.184;149;106,4
2026-04-07T17:07:10.146;149;106,4
2026-04-07T17:07:12.064;149;1,3
2026-04-07T17:07:12.066;149;1,2
2026-04-07T17:07:13.037;149;1,2
2026-04-07T17:07:13.987;149;1,2
2026-04-07T17:07:15.488;149;1,2
2026-04-07T17:07:16.440;150;1,3
2026-04-07T17:07:17.407;150;1,2
2026-04-07T17:07:18.362;150;1,2
2026-04-07T17:07:20.279;151;1,2
2026-04-07T17:07:20.280;151;1,3
2026-04-07T17:07:21.185;152;1,4
2026-04-07T17:07:22.145;152;1,4
2026-04-07T17:07:23.638;153;1,4
2026-04-07T17:07:25.559;153;1,6
2026-04-07T17:07:25.560;154;1,6
2026-04-07T17:07:25.996;154;1,6
2026-04-07T17:07:27.482;154;1,5
2026-04-07T17:07:28.441;154;1,5
2026-04-07T17:07:29.401;154;1,5
2026-04-07T17:07:30.354;154;1,5
2026-04-07T17:07:31.264;153;1,6
2026-04-07T17:07:32.325;153;1,5
2026-04-07T17:07:33.196;153;1,5
2026-04-07T17:07:34.157;153;1,6
2026-04-07T17:07:35.117;153;1,6
2026-04-07T17:07:36.122;153;1,4
2026-04-07T17:07:37.078;153;1,5
2026-04-07T17:07:38.048;153;1,7
2026-04-07T17:07:39.970;153;1,6
2026-04-07T17:07:40.394;153;1,6
2026-04-07T17:07:41.398;154;1,7
2026-04-07T17:07:42.359;154;1,7
2026-04-07T17:07:43.324;154;1,5
2026-04-07T17:07:45.188;154;1,4
2026-04-07T17:07:45.190;154;1,3
2026-04-07T17:07:46.193;155;1,7
2026-04-07T17:07:47.106;155;1,8
2026-04-07T17:07:48.060;155;1,9
2026-04-07T17:07:49.079;155;2,0
2026-04-07T17:07:50.037;155;1,9
2026-04-07T17:07:51.488;156;1,9
2026-04-07T17:07:52.443;155;1,7
2026-04-07T17:07:53.860;155;1,7
2026-04-07T17:07:54.362;155;1,7
2026-04-07T17:07:55.317;155;1,7
2026-04-07T17:07:56.765;156;1,7
2026-04-07T17:07:57.242;156;1,6
2026-04-07T17:07:59.160;156;1,2
2026-04-07T17:07:59.161;156;1,2
2026-04-07T17:08:00.122;156;0,7
2026-04-07T17:08:01.084;156;0,6
2026-04-07T17:08:02.045;156;0,6
2026-04-07T17:08:03.483;156;0,7
2026-04-07T17:08:04.440;157;4,0
2026-04-07T17:08:05.399;158;6,0
2026-04-07T17:08:06.839;157;6,0
2026-04-07T17:08:07.276;158;6,0
2026-04-07T17:08:08.284;158;6,0
2026-04-07T17:08:09.253;158;6,1
2026-04-07T17:08:10.211;157;6,1
2026-04-07T17:08:11.159;157;6,1
2026-04-07T17:08:12.610;156;6,1
2026-04-07T17:08:13.082;156;6,1
2026-04-07T17:08:14.045;156;6,1
2026-04-07T17:08:15.491;156;4,7
2026-04-07T17:08:16.447;156;1,5
2026-04-07T17:08:17.357;156;1,3
2026-04-07T17:08:18.318;156;1,4
2026-04-07T17:08:20.286;157;1,4
2026-04-07T17:08:20.716;157;1,3
2026-04-07T17:08:21.720;157;1,0
2026-04-07T17:08:22.681;157;1,0
2026-04-07T17:08:23.168;158;1,1
2026-04-07T17:08:24.119;158;1,1
2026-04-07T17:08:25.079;158;1,1
2026-04-07T17:08:26.039;158;1,0
2026-04-07T17:08:27.488;158;1,1
2026-04-07T17:08:28.385;158;1,3
2026-04-07T17:08:29.347;158;1,4
2026-04-07T17:08:30.783;159;1,4
2026-04-07T17:08:31.266;159;1,4
2026-04-07T17:08:32.297;159;1,4
2026-04-07T17:08:33.198;160;1,5
2026-04-07T17:08:34.164;160;1,5
2026-04-07T17:08:35.598;160;1,7
2026-04-07T17:08:36.078;160;1,7
2026-04-07T17:08:37.037;161;1,7
2026-04-07T17:08:38.528;160;1,7
2026-04-07T17:08:38.958;160;1,6
2026-04-07T17:08:40.440;160;1,5
2026-04-07T17:08:41.411;160;1,4
2026-04-07T17:08:42.363;159;1,5
2026-04-07T17:08:43.334;159;1,4
2026-04-07T17:08:44.295;159;1,3
2026-04-07T17:08:46.679;159;1,2
2026-04-07T17:08:47.117;158;1,2
2026-04-07T17:08:47.632;158;1,3
2026-04-07T17:08:48.077;158;1,3
2026-04-07T17:08:49.083;157;1,3
2026-04-07T17:08:50.041;157;1,3
2026-04-07T17:08:51.436;156;1,3
2026-04-07T17:08:52.388;156;1,4
2026-04-07T17:08:53.411;156;1,3
2026-04-07T17:08:54.360;155;1,4
2026-04-07T17:08:55.317;154;1,4
2026-04-07T17:08:56.280;154;1,4
2026-04-07T17:08:57.236;154;1,1
2026-04-07T17:08:58.196;153;1,1
2026-04-07T17:08:59.156;152;1,1
2026-04-07T17:09:00.077;152;1,2
2026-04-07T17:09:01.517;151;1,2
2026-04-07T17:09:02.026;150;1,4
2026-04-07T17:09:03.479;149;1,4
2026-04-07T17:09:04.440;148;1,8
2026-04-07T17:09:05.396;147;1,9
2026-04-07T17:09:06.372;146;1,8
2026-04-07T17:09:07.321;145;2,0
2026-04-07T17:09:08.277;144;2,0
2026-04-07T17:09:09.242;144;2,0
2026-04-07T17:09:10.200;143;2,0
2026-04-07T17:09:11.163;142;2,2
2026-04-07T17:09:12.124;141;2,3
2026-04-07T17:09:13.081;140;2,3
2026-04-07T17:09:14.047;138;2,3
2026-04-07T17:09:15.481;135;3,5
2026-04-07T17:09:16.440;131;4,6
2026-04-07T17:09:17.411;127;5,0
2026-04-07T17:09:18.358;124;5,4
2026-04-07T17:09:20.285;120;5,7
2026-04-07T17:09:20.286;118;5,6
2026-04-07T17:09:21.243;118;6,0
2026-04-07T17:09:22.197;122;8,9
2026-04-07T17:09:23.161;125;9,3
2026-04-07T17:09:24.124;128;9,3
2026-04-07T17:09:25.089;129;9,3
2026-04-07T17:09:26.045;131;9,3
2026-04-07T17:09:27.491;132;9,3
2026-04-07T17:09:28.426;134;9,3
2026-04-07T17:09:29.399;134;8,9
2026-04-07T17:09:30.359;134;8,4
2026-04-07T17:09:31.331;134;8,1
2026-04-07T17:09:32.224;134;7,9
2026-04-07T17:09:33.243;133;7,8
2026-04-07T17:09:34.195;131;7,5
2026-04-07T17:09:35.159;130;3,5
2026-04-07T17:09:36.117;129;2,9
2026-04-07T17:09:37.080;127;2,9
2026-04-07T17:09:38.044;126;2,8
2026-04-07T17:09:39.491;126;2,5
2026-04-07T17:09:40.449;126;2,4
2026-04-07T17:09:41.407;126;2,3
2026-04-07T17:09:42.357;126;2,3
2026-04-07T17:09:43.318;125;2,4
2026-04-07T17:09:44.279;123;2,5
2026-04-07T17:09:45.718;122;2,6
2026-04-07T17:09:46.157;121;2,7
2026-04-07T17:09:47.162;120;2,6
2026-04-07T17:09:48.123;119;2,5
2026-04-07T17:09:49.079;119;2,5
2026-04-07T17:09:50.041;120;2,2
2026-04-07T17:09:51.487;120;2,1
2026-04-07T17:09:52.442;120;2,2
2026-04-07T17:09:53.403;120;2,2
2026-04-07T17:09:55.318;120;2,2
2026-04-07T17:09:55.319;120;2,3
2026-04-07T17:09:56.285;121;2,3
2026-04-07T17:09:57.245;122;2,7
2026-04-07T17:09:58.207;123;2,7
2026-04-07T17:09:59.177;124;2,5
2026-04-07T17:10:00.123;124;2,4
2026-04-07T17:10:01.081;122;4,1
2026-04-07T17:10:02.525;119;5,1
2026-04-07T17:10:03.010;117;5,0
2026-04-07T17:10:04.435;117;5,1
2026-04-07T17:10:05.877;117;5,3
2026-04-07T17:10:06.364;118;5,4
2026-04-07T17:10:07.326;119;5,6
2026-04-07T17:10:08.756;120;5,6
2026-04-07T17:10:10.199;121;5,6
2026-04-07T17:10:10.200;122;5,5
2026-04-07T17:10:11.168;122;5,3
2026-04-07T17:10:12.122;122;5,2
2026-04-07T17:10:13.085;122;5,2
2026-04-07T17:10:14.040;122;5,2
2026-04-07T17:10:15.005;122;4,2
2026-04-07T17:10:16.448;122;2,7
2026-04-07T17:10:17.404;122;2,7
2026-04-07T17:10:19.325;122;2,6
2026-04-07T17:10:19.325;122;2,2
2026-04-07T17:10:20.283;121;1,9
2026-04-07T17:10:21.242;122;1,3
2026-04-07T17:10:22.205;122;1,4
2026-04-07T17:10:23.167;123;1,4
2026-04-07T17:10:24.608;123;1,5
2026-04-07T17:10:25.037;124;1,5
2026-04-07T17:10:26.529;123;2,6
2026-04-07T17:10:26.999;121;3,9
2026-04-07T17:10:28.919;116;5,8
2026-04-07T17:10:29.358;115;5,8
2026-04-07T17:10:30.354;114;5,9
2026-04-07T17:10:31.313;115;6,0
2026-04-07T17:10:32.276;115;6,0
2026-04-07T17:10:33.231;116;6,1
2026-04-07T17:10:34.696;117;6,1
2026-04-07T17:10:35.649;118;6,1
2026-04-07T17:10:36.078;118;6,1
2026-04-07T17:10:37.038;118;6,2
2026-04-07T17:10:38.044;117;6,2
2026-04-07T17:10:38.995;117;6,2
2026-04-07T17:10:40.447;117;6,2
2026-04-07T17:10:41.882;117;5,8
2026-04-07T17:10:42.358;117;2,6
2026-04-07T17:10:43.320;117;2,5
2026-04-07T17:10:44.239;117;2,5
2026-04-07T17:10:45.251;117;2,2
2026-04-07T17:10:46.214;117;2,1
2026-04-07T17:10:47.161;117;2,0
2026-04-07T17:10:48.124;117;1,6
2026-04-07T17:10:49.084;117;1,5
2026-04-07T17:10:50.044;118;1,6
2026-04-07T17:10:51.009;118;1,6
2026-04-07T17:10:52.443;118;1,5
2026-04-07T17:10:53.410;118;1,4
2026-04-07T17:10:54.370;118;1,4
2026-04-07T17:10:55.331;117;1,3
2026-04-07T17:10:56.276;118;1,3
2026-04-07T17:10:57.244;118;1,4
2026-04-07T17:10:58.205;118;1,4
2026-04-07T17:10:59.163;117;1,4
2026-04-07T17:11:00.121;117;1,4
2026-04-07T17:11:01.085;118;1,4
2026-04-07T17:11:02.045;118;1,5
2026-04-07T17:11:03.005;118;1,5
2026-04-07T17:11:04.927;118;1,4
2026-04-07T17:11:05.349;118;1,5
2026-04-07T17:11:06.850;117;1,6
2026-04-07T17:11:07.319;117;1,5
2026-04-07T17:11:08.279;117;1,6
2026-04-07T17:11:09.198;117;1,6
2026-04-07T17:11:10.206;117;1,8
2026-04-07T17:11:11.659;117;1,8
2026-04-07T17:11:12.079;118;1,7
2026-04-07T17:11:13.082;118;1,7
2026-04-07T17:11:14.037;118;1,8
2026-04-07T17:11:15.004;117;2,2
2026-04-07T17:11:16.440;116;2,2
2026-04-07T17:11:17.399;116;2,1
2026-04-07T17:11:18.374;116;2,2
2026-04-07T17:11:19.295;116;2,3
2026-04-07T17:11:20.246;117;2,4
2026-04-07T17:11:21.197;118;2,3
2026-04-07T17:11:22.159;118;2,3
2026-04-07T17:11:23.166;119;2,3
2026-04-07T17:11:24.124;119;2,3
2026-04-07T17:11:25.083;118;2,3
2026-04-07T17:11:26.044;117;2,3
2026-04-07T17:11:27.010;117;2,3
2026-04-07T17:11:28.439;117;2,3
2026-04-07T17:11:30.358;117;2,3
2026-04-07T17:11:30.359;117;1,9
2026-04-07T17:11:31.324;117;2,0
2026-04-07T17:11:32.771;117;2,0
2026-04-07T17:11:33.731;116;1,9
2026-04-07T17:11:34.202;116;1,8
2026-04-07T17:11:36.120;115;1,5
2026-04-07T17:11:36.121;115;1,5
2026-04-07T17:11:37.081;114;1,5
2026-04-07T17:11:38.046;114;1,5
2026-04-07T17:11:39.001;114;1,5
2026-04-07T17:11:40.461;115;1,3
2026-04-07T17:11:41.895;115;1,6
2026-04-07T17:11:42.856;115;1,6
2026-04-07T17:11:43.277;116;1,5
2026-04-07T17:11:44.285;116;1,5
2026-04-07T17:11:45.244;116;1,5
2026-04-07T17:11:46.207;116;1,5
2026-04-07T17:11:47.161;116;1,4
2026-04-07T17:11:48.124;116;1,4
2026-04-07T17:11:49.096;116;1,5
2026-04-07T17:11:50.051;114;2,6
2026-04-07T17:11:51.017;114;2,5
2026-04-07T17:11:52.444;113;2,6
2026-04-07T17:11:53.401;113;2,7
2026-04-07T17:11:54.370;114;2,7
2026-04-07T17:11:55.325;114;2,6
2026-04-07T17:11:56.280;113;2,7
2026-04-07T17:11:57.726;112;2,9
2026-04-07T17:11:58.679;111;3,0
2026-04-07T17:11:59.117;111;3,1
2026-04-07T17:12:00.121;112;3,5
2026-04-07T17:12:01.086;112;3,5
2026-04-07T17:12:02.043;113;3,6
2026-04-07T17:12:03.003;114;3,7
2026-04-07T17:12:04.443;114;3,8
2026-04-07T17:12:05.407;113;3,3
2026-04-07T17:12:06.366;112;3,3
2026-04-07T17:12:07.813;112;3,3
2026-04-07T17:12:08.768;112;3,3
2026-04-07T17:12:09.731;112;3,3
2026-04-07T17:12:10.200;113;3,3
2026-04-07T17:12:11.159;114;3,8
2026-04-07T17:12:12.123;115;3,8
2026-04-07T17:12:13.089;114;4,1
2026-04-07T17:12:14.052;112;5,9
2026-04-07T17:12:15.001;109;6,4
2026-04-07T17:12:16.447;107;6,2
2026-04-07T17:12:17.403;107;6,3
2026-04-07T17:12:18.362;107;6,4
2026-04-07T17:12:19.320;108;6,4
2026-04-07T17:12:20.295;108;6,3
2026-04-07T17:12:21.724;109;6,3
2026-04-07T17:12:22.159;110;6,6
2026-04-07T17:12:23.168;111;6,7
2026-04-07T17:12:24.126;111;6,7
2026-04-07T17:12:25.086;110;6,8
2026-04-07T17:12:26.050;109;7,2
2026-04-07T17:12:27.005;107;6,9
2026-04-07T17:12:28.441;106;6,9
2026-04-07T17:12:29.402;106;6,8
2026-04-07T17:12:30.358;107;5,3
2026-04-07T17:12:31.805;108;5,1
2026-04-07T17:12:32.279;109;5,2
2026-04-07T17:12:33.239;110;5,0
2026-04-07T17:12:34.200;110;5,1
2026-04-07T17:12:35.163;109;5,6
2026-04-07T17:12:36.117;108;5,8
2026-04-07T17:12:37.085;107;5,8
2026-04-07T17:12:38.043;107;5,3
2026-04-07T17:12:38.960;107;5,4
2026-04-07T17:12:40.441;108;5,5
2026-04-07T17:12:41.402;108;5,2
2026-04-07T17:12:42.361;108;4,7
2026-04-07T17:12:43.320;108;4,7
2026-04-07T17:12:45.239;108;4,7
2026-04-07T17:12:45.239;108;4,7
2026-04-07T17:12:46.209;108;4,5
2026-04-07T17:12:47.161;108;3,8
2026-04-07T17:12:48.124;108;3,7
2026-04-07T17:12:49.087;108;3,7
2026-04-07T17:12:50.050;107;3,4
2026-04-07T17:12:51.012;107;2,4
2026-04-07T17:12:52.445;107;1,9
2026-04-07T17:12:53.399;107;1,9
2026-04-07T17:12:55.325;107;1,8
2026-04-07T17:12:55.803;107;1,5
2026-04-07T17:12:56.239;107;1,3
2026-04-07T17:12:57.246;107;1,4
2026-04-07T17:12:58.204;107;1,4
2026-04-07T17:12:59.164;107;1,4
2026-04-07T17:13:00.117;107;1,4
2026-04-07T17:13:01.082;108;1,8
2026-04-07T17:13:02.034;108;1,7
2026-04-07T17:13:03.008;109;1,8
2026-04-07T17:13:04.444;108;1,9
2026-04-07T17:13:05.400;108;2,1
2026-04-07T17:13:06.365;107;2,1
2026-04-07T17:13:07.325;108;2,4
2026-04-07T17:13:08.239;108;2,7
2026-04-07T17:13:09.197;109;2,8
2026-04-07T17:13:10.157;110;2,8
2026-04-07T17:13:11.117;110;2,8
2026-04-07T17:13:12.077;109;3,4
2026-04-07T17:13:13.037;108;3,9
2026-04-07T17:13:13.998;107;3,9
2026-04-07T17:13:14.998;106;3,9
2026-04-07T17:13:16.442;106;3,9
2026-04-07T17:13:17.408;107;3,8
2026-04-07T17:13:18.370;108;4,0
2026-04-07T17:13:19.804;108;4,0
2026-04-07T17:13:20.284;109;4,2
2026-04-07T17:13:21.248;109;4,0
2026-04-07T17:13:22.205;109;4,1
2026-04-07T17:13:23.169;108;4,4
2026-04-07T17:13:24.128;108;4,4
2026-04-07T17:13:25.079;107;4,2
2026-04-07T17:13:26.527;107;4,2
2026-04-07T17:13:26.959;108;4,3
2026-04-07T17:13:28.452;109;4,0
2026-04-07T17:13:30.364;110;3,6
2026-04-07T17:13:30.364;110;3,6
2026-04-07T17:13:31.335;111;3,6
2026-04-07T17:13:32.283;110;3,7
2026-04-07T17:13:33.184;110;3,6
2026-04-07T17:13:34.205;109;4,1
2026-04-07T17:13:35.164;108;4,1
2026-04-07T17:13:36.122;107;3,9
2026-04-07T17:13:37.085;107;3,9
2026-04-07T17:13:38.039;107;4,1
2026-04-07T17:13:38.999;108;3,6
2026-04-07T17:13:41.404;109;3,6
2026-04-07T17:13:41.405;109;3,6
2026-04-07T17:13:42.373;109;3,6
2026-04-07T17:13:43.329;109;3,6
2026-04-07T17:13:44.292;108;3,6
2026-04-07T17:13:45.256;107;3,5
2026-04-07T17:13:46.684;107;3,5
2026-04-07T17:13:47.168;107;3,5
2026-04-07T17:13:48.132;108;3,5
2026-04-07T17:13:49.084;108;3,4
2026-04-07T17:13:50.058;109;2,7
2026-04-07T17:13:51.012;109;2,6
2026-04-07T17:13:52.449;108;2,7
2026-04-07T17:13:53.417;108;2,7
2026-04-07T17:13:54.320;108;2,4
2026-04-07T17:13:55.318;108;2,3
2026-04-07T17:13:56.287;108;2,3
2026-04-07T17:13:57.242;109;2,4
2026-04-07T17:13:58.209;109;2,5
2026-04-07T17:13:59.169;110;2,3
2026-04-07T17:14:00.611;110;2,1
2026-04-07T17:14:01.039;109;2,5
2026-04-07T17:14:02.044;108;2,7
2026-04-07T17:14:03.004;107;2,6
2026-04-07T17:14:04.442;107;2,7
2026-04-07T17:14:05.401;108;2,7
2026-04-07T17:14:06.362;108;2,8
2026-04-07T17:14:07.322;109;2,7
2026-04-07T17:14:08.292;109;2,7
2026-04-07T17:14:09.249;109;2,6
2026-04-07T17:14:10.148;109;2,7
2026-04-07T17:14:11.121;109;2,7
2026-04-07T17:14:12.605;110;2,8
2026-04-07T17:14:13.041;109;2,6
2026-04-07T17:14:14.043;109;2,8
2026-04-07T17:14:15.973;109;2,8
2026-04-07T17:14:16.438;109;2,9
2026-04-07T17:14:17.879;108;2,5
2026-04-07T17:14:18.317;108;2,3
2026-04-07T17:14:19.321;109;2,5
2026-04-07T17:14:20.283;110;2,7
2026-04-07T17:14:21.200;111;2,6
2026-04-07T17:14:22.200;112;2,9
2026-04-07T17:14:23.186;112;2,9
2026-04-07T17:14:24.134;112;2,9
2026-04-07T17:14:25.575;113;2,9
2026-04-07T17:14:25.999;112;2,8
2026-04-07T17:14:27.005;112;2,7
2026-04-07T17:14:28.448;113;2,7
2026-04-07T17:14:29.410;113;2,5
2026-04-07T17:14:31.319;114;2,6
2026-04-07T17:14:31.320;114;2,6
2026-04-07T17:14:32.763;115;2,7
2026-04-07T17:14:33.199;116;2,6
2026-04-07T17:14:34.160;116;2,6
2026-04-07T17:14:35.119;117;2,1
2026-04-07T17:14:36.562;118;2,3
2026-04-07T17:14:37.038;118;1,9
2026-04-07T17:14:38.957;119;2,0
2026-04-07T17:14:38.958;120;1,9
2026-04-07T17:14:40.444;120;1,9
2026-04-07T17:14:41.406;120;1,9
2026-04-07T17:14:42.367;119;2,1
2026-04-07T17:14:43.326;119;2,2
2026-04-07T17:14:44.283;118;2,2
2026-04-07T17:14:45.247;118;2,0
2026-04-07T17:14:46.205;117;2,0
2026-04-07T17:14:47.168;117;1,9
2026-04-07T17:14:48.131;117;1,9
2026-04-07T17:14:49.059;117;1,8
2026-04-07T17:14:50.076;116;1,7
2026-04-07T17:14:51.003;115;2,1
2026-04-07T17:14:52.401;114;2,5
2026-04-07T17:14:53.409;114;2,5
2026-04-07T17:14:55.329;113;2,5
2026-04-07T17:14:55.329;113;2,7
2026-04-07T17:14:56.283;113;2,7
2026-04-07T17:14:57.239;113;2,9
2026-04-07T17:14:58.691;114;2,8
2026-04-07T17:14:59.118;114;2,7
2026-04-07T17:15:00.603;114;2,7
2026-04-07T17:15:01.039;110;6,8
2026-04-07T17:15:02.047;108;9,4
2026-04-07T17:15:03.005;103;10,1
2026-04-07T17:15:04.447;101;11,0
2026-04-07T17:15:05.401;102;11,3
2026-04-07T17:15:06.363;102;11,3
2026-04-07T17:15:07.323;104;11,5
2026-04-07T17:15:08.288;105;11,6
2026-04-07T17:15:09.241;107;11,6
2026-04-07T17:15:10.691;108;11,6
2026-04-07T17:15:11.638;110;11,6
2026-04-07T17:15:12.605;110;11,6
2026-04-07T17:15:13.080;110;11,6
2026-04-07T17:15:14.040;111;11,6
2026-04-07T17:15:15.004;111;11,6
2026-04-07T17:15:16.440;111;11,6
2026-04-07T17:15:17.889;112;9,8
2026-04-07T17:15:18.367;113;6,3
2026-04-07T17:15:19.804;114;6,5
2026-04-07T17:15:20.239;115;4,2
2026-04-07T17:15:21.240;115;4,1
2026-04-07T17:15:22.203;115;3,5
2026-04-07T17:15:23.170;115;2,8
2026-04-07T17:15:24.130;115;2,7
2026-04-07T17:15:25.083;116;2,7
2026-04-07T17:15:26.048;117;2,7
2026-04-07T17:15:26.950;118;2,8
2026-04-07T17:15:28.388;119;2,9
2026-04-07T17:15:29.346;120;2,9
2026-04-07T17:15:30.371;122;3,0
2026-04-07T17:15:31.761;123;3,0
2026-04-07T17:15:32.293;125;3,1
2026-04-07T17:15:33.248;126;2,9
2026-04-07T17:15:34.206;128;2,8
2026-04-07T17:15:35.168;130;2,9
2026-04-07T17:15:36.123;131;3,0
2026-04-07T17:15:37.094;132;3,0
2026-04-07T17:15:37.991;134;3,0
2026-04-07T17:15:39.000;135;3,0
2026-04-07T17:15:40.449;135;2,9
2026-04-07T17:15:41.399;137;2,6
2026-04-07T17:15:43.318;137;2,5
2026-04-07T17:15:43.319;137;2,4
2026-04-07T17:15:44.280;139;2,6
2026-04-07T17:15:45.198;140;2,5
2026-04-07T17:15:46.161;141;2,4
2026-04-07T17:15:47.121;142;2,3
2026-04-07T17:15:48.081;143;2,2
2026-04-07T17:15:49.042;144;2,1
2026-04-07T17:15:50.470;145;2,2
2026-04-07T17:15:50.951;145;2,0
2026-04-07T17:15:52.401;146;2,1
2026-04-07T17:15:53.361;146;2,2
2026-04-07T17:15:54.323;146;2,3
2026-04-07T17:15:55.281;147;2,3
2026-04-07T17:15:56.241;146;1,9
2026-04-07T17:15:57.201;146;1,9
2026-04-07T17:15:58.156;146;1,9
2026-04-07T17:15:59.122;146;1,9
2026-04-07T17:16:00.081;146;1,9
2026-04-07T17:16:01.041;146;1,7
2026-04-07T17:16:02.001;146;1,6
2026-04-07T17:16:02.961;146;1,5
2026-04-07T17:16:04.401;147;1,5
2026-04-07T17:16:05.362;147;1,2
2026-04-07T17:16:06.321;147;1,1
2026-04-07T17:16:07.281;148;1,1
2026-04-07T17:16:08.241;148;1,0
2026-04-07T17:16:09.201;148;0,9
2026-04-07T17:16:10.161;148;0,9
2026-04-07T17:16:11.122;149;0,8
2026-04-07T17:16:12.081;149;0,7
2026-04-07T17:16:13.042;149;0,7
2026-04-07T17:16:13.987;149;0,7
2026-04-07T17:16:14.961;149;0,8
2026-04-07T17:16:16.401;149;0,8
2026-04-07T17:16:17.361;149;0,8
2026-04-07T17:16:18.322;148;0,9
2026-04-07T17:16:19.282;148;1,0
2026-04-07T17:16:20.243;148;1,1
2026-04-07T17:16:21.202;148;1,1
2026-04-07T17:16:22.162;148;1,1
2026-04-07T17:16:23.599;148;1,1
2026-04-07T17:16:24.081;149;1,1
2026-04-07T17:16:25.040;149;1,1
2026-04-07T17:16:26.002;149;1,1
2026-04-07T17:16:27.921;149;1,1
2026-04-07T17:16:28.402;149;1,1
2026-04-07T17:16:30.321;149;1,1
2026-04-07T17:16:30.324;149;1,3
2026-04-07T17:16:31.282;149;1,4
2026-04-07T17:16:32.243;150;1,3
2026-04-07T17:16:33.201;150;1,3
2026-04-07T17:16:34.163;150;1,3
2026-04-07T17:16:35.121;150;1,3
2026-04-07T17:16:36.083;150;1,3
2026-04-07T17:16:37.041;150;1,3
2026-04-07T17:16:38.482;151;1,3
2026-04-07T17:16:38.962;151;1,3
2026-04-07T17:16:40.882;151;1,3
2026-04-07T17:16:41.362;151;1,2
2026-04-07T17:16:42.322;150;1,1
2026-04-07T17:16:43.281;150;0,8
2026-04-07T17:16:44.242;150;0,8
2026-04-07T17:16:46.162;150;0,8
2026-04-07T17:16:46.164;150;0,8
2026-04-07T17:16:47.121;150;0,8
2026-04-07T17:16:48.067;150;1,1
2026-04-07T17:16:49.041;150;1,1
2026-04-07T17:16:50.001;150;1,0
2026-04-07T17:16:50.961;151;1,0
2026-04-07T17:16:52.402;151;1,2
2026-04-07T17:16:53.362;151;1,4
2026-04-07T17:16:54.322;151;1,5
2026-04-07T17:16:56.241;151;1,5
2026-04-07T17:16:56.244;150;1,6
2026-04-07T17:16:57.202;150;1,9
2026-04-07T17:16:58.163;150;2,3
2026-04-07T17:16:59.122;150;2,1
2026-04-07T17:17:00.083;151;2,1
2026-04-07T17:17:01.042;151;2,1
2026-04-07T17:17:02.002;151;2,1
2026-04-07T17:17:02.963;151;2,1
2026-04-07T17:17:04.401;151;1,9
2026-04-07T17:17:05.842;151;1,7
2026-04-07T17:17:06.801;151;1,8
2026-04-07T17:17:07.281;151;1,8
2026-04-07T17:17:08.243;151;1,6
2026-04-07T17:17:09.204;151;0,7
2026-04-07T17:17:10.150;151;0,8
2026-04-07T17:17:11.121;151;0,8
2026-04-07T17:17:12.070;151;0,7
2026-04-07T17:17:13.024;151;0,7
2026-04-07T17:17:14.962;151;0,8
2026-04-07T17:17:14.966;151;0,8
2026-04-07T17:17:16.403;152;0,8
2026-04-07T17:17:17.363;152;0,7
2026-04-07T17:17:18.322;152;1,0
2026-04-07T17:17:20.245;153;1,0
2026-04-07T17:17:20.248;153;1,0
2026-04-07T17:17:21.686;153;1,0
2026-04-07T17:17:22.163;153;0,9
2026-04-07T17:17:23.123;153;0,9
2026-04-07T17:17:24.083;152;1,1
2026-04-07T17:17:25.042;152;1,1
2026-04-07T17:17:26.003;152;1,1
2026-04-07T17:17:26.961;152;1,1
2026-04-07T17:17:28.403;152;1,1
2026-04-07T17:17:30.802;151;1,1
2026-04-07T17:17:30.805;151;0,9
2026-04-07T17:17:31.760;152;0,9
2026-04-07T17:17:32.242;152;0,9
2026-04-07T17:17:33.182;152;1,1
2026-04-07T17:17:34.624;152;1,2
2026-04-07T17:17:35.121;152;1,4
2026-04-07T17:17:36.081;152;1,5
2026-04-07T17:17:37.042;151;1,5
2026-04-07T17:17:38.002;151;1,7
2026-04-07T17:17:38.963;151;1,8
2026-04-07T17:17:40.402;151;1,8
2026-04-07T17:17:41.361;151;1,7
2026-04-07T17:17:42.322;151;1,7
2026-04-07T17:17:43.283;151;1,7
2026-04-07T17:17:44.241;151;1,7
2026-04-07T17:17:46.150;151;1,6
2026-04-07T17:17:46.152;151;1,6
2026-04-07T17:17:47.122;152;1,3
2026-04-07T17:17:48.081;152;1,2
2026-04-07T17:17:49.043;152;0,9
2026-04-07T17:17:50.003;152;0,7
2026-04-07T17:17:50.963;151;0,8
2026-04-07T17:17:53.361;151;0,8
2026-04-07T17:17:53.844;151;0,8
2026-04-07T17:17:54.322;151;0,8
2026-04-07T17:17:55.283;151;0,7
2026-04-07T17:17:56.242;151;0,7
2026-04-07T17:17:57.202;151;0,7
2026-04-07T17:17:58.161;151;0,8
2026-04-07T17:17:59.123;151;0,8
2026-04-07T17:18:00.081;151;0,7
2026-04-07T17:18:01.042;151;0,7
2026-04-07T17:18:02.003;152;0,7
2026-04-07T17:18:02.963;152;0,8
2026-04-07T17:18:04.404;153;0,7
2026-04-07T17:18:05.841;153;0,8
2026-04-07T17:18:06.322;153;0,8
2026-04-07T17:18:07.281;153;0,8
2026-04-07T17:18:08.243;153;1,0
2026-04-07T17:18:09.201;153;1,1
2026-04-07T17:18:10.163;152;1,0
2026-04-07T17:18:11.602;152;1,1
2026-04-07T17:18:12.081;152;1,1
2026-04-07T17:18:13.041;152;1,1
2026-04-07T17:18:14.482;152;1,1
2026-04-07T17:18:14.961;153;1,1
2026-04-07T17:18:16.401;152;1,1
2026-04-07T17:18:17.362;152;1,0
2026-04-07T17:18:18.321;153;1,0
2026-04-07T17:18:20.244;153;1,0
2026-04-07T17:18:20.246;153;1,0
2026-04-07T17:18:21.203;153;0,7
2026-04-07T17:18:22.163;153;0,9
2026-04-07T17:18:23.106;153;0,9
2026-04-07T17:18:24.082;153;1,0
2026-04-07T17:18:25.041;153;1,0
2026-04-07T17:18:26.002;153;1,0
2026-04-07T17:18:26.961;152;1,1
2026-04-07T17:18:28.391;152;1,2
2026-04-07T17:18:30.321;152;1,1
2026-04-07T17:18:30.324;152;1,1
2026-04-07T17:18:31.282;151;1,1
2026-04-07T17:18:32.243;152;1,1
2026-04-07T17:18:33.680;151;1,1
2026-04-07T17:18:34.163;151;0,9
2026-04-07T17:18:35.123;152;0,9
2026-04-07T17:18:36.082;152;0,8
2026-04-07T17:18:37.042;152;0,8
2026-04-07T17:18:38.003;152;0,7
2026-04-07T17:18:39.924;152;0,6
2026-04-07T17:18:40.402;152;0,6
2026-04-07T17:18:41.363;153;0,6
2026-04-07T17:18:42.322;153;0,6
2026-04-07T17:18:43.283;153;0,6
2026-04-07T17:18:44.244;152;0,7
2026-04-07T17:18:45.203;152;0,7
2026-04-07T17:18:46.163;151;0,9
2026-04-07T17:18:47.159;151;0,9
2026-04-07T17:18:48.121;151;1,1
2026-04-07T17:18:49.570;150;1,3
2026-04-07T17:18:50.000;149;1,3
2026-04-07T17:18:51.003;148;1,6
2026-04-07T17:18:52.403;146;1,8
2026-04-07T17:18:53.362;146;1,8
2026-04-07T17:18:54.368;144;1,8
2026-04-07T17:18:55.323;144;1,8
2026-04-07T17:18:56.291;143;1,8
2026-04-07T17:18:57.253;143;1,9
2026-04-07T17:18:58.205;142;1,8
2026-04-07T17:18:59.641;142;1,8
2026-04-07T17:19:00.125;141;1,8
2026-04-07T17:19:01.042;141;1,7
2026-04-07T17:19:02.044;141;1,6
2026-04-07T17:19:03.003;140;1,5
2026-04-07T17:19:04.441;139;1,3
2026-04-07T17:19:05.397;139;1,7
2026-04-07T17:19:06.361;139;1,7
2026-04-07T17:19:07.334;139;1,6
2026-04-07T17:19:08.287;138;1,6
2026-04-07T17:19:09.246;139;1,6
2026-04-07T17:19:11.166;139;1,6
2026-04-07T17:19:11.167;139;1,7
2026-04-07T17:19:12.127;140;1,7
2026-04-07T17:19:13.085;140;1,6
2026-04-07T17:19:14.047;140;1,6
2026-04-07T17:19:15.002;140;1,7
2026-04-07T17:19:16.451;141;1,6
2026-04-07T17:19:17.409;141;1,6
2026-04-07T17:19:18.369;142;1,0
2026-04-07T17:19:20.286;142;1,1
2026-04-07T17:19:20.287;143;1,1
2026-04-07T17:19:21.237;143;0,9
2026-04-07T17:19:22.209;144;1,2
2026-04-07T17:19:23.174;144;1,1
2026-04-07T17:19:24.612;144;1,1
2026-04-07T17:19:25.041;145;1,1
2026-04-07T17:19:27.014;145;1,1
2026-04-07T17:19:27.015;146;1,1
2026-04-07T17:19:28.445;146;1,2
2026-04-07T17:19:29.400;146;1,2
2026-04-07T17:19:30.307;146;1,3
2026-04-07T17:19:31.281;146;1,3
2026-04-07T17:19:32.230;147;1,5
2026-04-07T17:19:33.190;147;1,5
2026-04-07T17:19:34.152;148;1,4
2026-04-07T17:19:35.172;149;1,4
2026-04-07T17:19:36.131;149;1,4
2026-04-07T17:19:37.090;149;1,4
2026-04-07T17:19:38.046;150;1,4
2026-04-07T17:19:39.003;150;1,5
2026-04-07T17:19:40.445;150;1,4
2026-04-07T17:19:42.373;151;1,4
2026-04-07T17:19:42.374;151;1,3
2026-04-07T17:19:43.327;152;1,3
2026-04-07T17:19:44.291;153;1,1
2026-04-07T17:19:45.250;153;1,1
2026-04-07T17:19:46.212;154;1,1
2026-04-07T17:19:47.652;154;1,2
2026-04-07T17:19:48.126;155;1,2
2026-04-07T17:19:49.087;155;1,3
2026-04-07T17:19:50.040;156;1,4
2026-04-07T17:19:51.005;157;1,5
2026-04-07T17:19:52.386;157;1,6
2026-04-07T17:19:53.348;158;1,6
2026-04-07T17:19:55.281;157;1,6
2026-04-07T17:19:55.283;158;1,8
2026-04-07T17:19:56.282;159;1,9
2026-04-07T17:19:57.725;159;2,0
2026-04-07T17:19:58.210;159;1,9
2026-04-07T17:19:59.164;159;1,9
2026-04-07T17:20:00.125;159;1,9
2026-04-07T17:20:01.078;160;1,8
2026-04-07T17:20:02.080;160;1,6
2026-04-07T17:20:02.966;160;1,6
2026-04-07T17:20:04.441;160;1,7
2026-04-07T17:20:05.410;161;1,7
2026-04-07T17:20:06.370;161;1,6
2026-04-07T17:20:07.321;161;1,4
2026-04-07T17:20:09.254;161;1,2
2026-04-07T17:20:09.255;161;1,2
2026-04-07T17:20:10.210;161;1,1
2026-04-07T17:20:11.166;161;1,1
2026-04-07T17:20:12.135;161;1,2
2026-04-07T17:20:14.042;161;1,3
2026-04-07T17:20:14.043;161;1,2
2026-04-07T17:20:15.006;161;1,1
2026-04-07T17:20:16.443;161;1,2
2026-04-07T17:20:17.889;161;1,2
2026-04-07T17:20:18.316;161;1,2
2026-04-07T17:20:19.327;161;1,2
2026-04-07T17:20:20.297;161;1,2
2026-04-07T17:20:21.253;161;1,2
2026-04-07T17:20:22.217;162;1,2
2026-04-07T17:20:23.126;162;1,1
2026-04-07T17:20:24.083;162;1,1
2026-04-07T17:20:25.032;162;0,9
2026-04-07T17:20:25.992;162;0,9
2026-04-07T17:20:26.964;162;1,7
2026-04-07T17:20:28.390;162;1,8
2026-04-07T17:20:29.365;163;2,0
2026-04-07T17:20:30.842;162;2,0
2026-04-07T17:20:31.283;162;2,8
2026-04-07T17:20:32.243;162;2,8
2026-04-07T17:20:33.244;163;2,8
2026-04-07T17:20:34.203;163;2,8
2026-04-07T17:20:35.158;163;2,8
2026-04-07T17:20:36.130;163;2,8
2026-04-07T17:20:37.084;163;2,8
2026-04-07T17:20:38.043;163;2,4
2026-04-07T17:20:39.476;163;2,3
2026-04-07T17:20:40.926;163;2,1
2026-04-07T17:20:41.352;163;2,1
2026-04-07T17:20:42.371;163;1,8
2026-04-07T17:20:43.329;162;0,8
2026-04-07T17:20:44.292;162;0,6
2026-04-07T17:20:45.250;162;0,6
2026-04-07T17:20:46.213;162;0,5
2026-04-07T17:20:47.159;163;0,5
2026-04-07T17:20:48.127;163;0,7
2026-04-07T17:20:49.087;163;0,9
2026-04-07T17:20:50.052;163;1,5
2026-04-07T17:20:51.964;163;1,5
2026-04-07T17:20:52.446;163;1,5
2026-04-07T17:20:53.402;163;1,5
2026-04-07T17:20:54.374;163;1,5
2026-04-07T17:20:55.807;163;1,5
2026-04-07T17:20:56.242;163;1,5
2026-04-07T17:20:57.202;163;1,5
2026-04-07T17:20:58.163;163;1,5
2026-04-07T17:20:59.178;163;1,4
2026-04-07T17:21:00.127;163;1,4
2026-04-07T17:21:01.086;163;0,8
2026-04-07T17:21:02.049;164;0,8
2026-04-07T17:21:03.010;164;0,8
2026-04-07T17:21:04.455;164;0,7
2026-04-07T17:21:05.418;164;0,8
2026-04-07T17:21:06.363;164;1,1
2026-04-07T17:21:07.327;163;1,3
2026-04-07T17:21:08.283;163;1,3
2026-04-07T17:21:09.247;164;1,7
2026-04-07T17:21:10.208;163;1,6
2026-04-07T17:21:11.170;163;1,6
2026-04-07T17:21:12.126;164;1,6
2026-04-07T17:21:13.090;164;1,6
2026-04-07T17:21:14.054;164;1,6
2026-04-07T17:21:15.006;163;1,7
2026-04-07T17:21:16.446;164;1,7
2026-04-07T17:21:17.406;164;1,5
2026-04-07T17:21:18.371;164;1,4
2026-04-07T17:21:20.287;164;1,5
2026-04-07T17:21:20.288;164;1,3
2026-04-07T17:21:21.246;163;1,3
2026-04-07T17:21:22.207;164;1,3
2026-04-07T17:21:23.165;164;1,3
2026-04-07T17:21:24.124;164;1,3
2026-04-07T17:21:25.088;164;1,3
2026-04-07T17:21:26.045;164;1,4
2026-04-07T17:21:27.008;164;1,4
2026-04-07T17:21:28.453;164;1,3
2026-04-07T17:21:29.409;164;0,9
2026-04-07T17:21:30.375;165;0,9
2026-04-07T17:21:31.328;165;0,9
2026-04-07T17:21:32.280;165;0,9
2026-04-07T17:21:33.248;165;0,9
2026-04-07T17:21:34.211;165;0,9
2026-04-07T17:21:35.175;165;1,0
2026-04-07T17:21:36.132;165;0,9
2026-04-07T17:21:37.089;165;0,8
2026-04-07T17:21:39.008;165;0,7
2026-04-07T17:21:39.009;165;0,7
2026-04-07T17:21:40.454;165;0,7
2026-04-07T17:21:41.410;164;0,7
2026-04-07T17:21:42.324;164;0,7
2026-04-07T17:21:43.336;164;0,8
2026-04-07T17:21:44.286;164;0,8
2026-04-07T17:21:45.720;164;0,9
2026-04-07T17:21:47.162;164;1,2
2026-04-07T17:21:47.162;164;1,2
2026-04-07T17:21:48.121;164;1,3
2026-04-07T17:21:49.094;164;1,3
2026-04-07T17:21:50.050;164;1,3
2026-04-07T17:21:51.005;165;1,3
2026-04-07T17:21:52.443;165;1,3
2026-04-07T17:21:53.402;165;1,3
2026-04-07T17:21:54.361;165;1,3
2026-04-07T17:21:55.332;164;1,3
2026-04-07T17:21:56.287;164;1,1
2026-04-07T17:21:57.248;164;0,8
2026-04-07T17:21:58.214;164;0,7
2026-04-07T17:21:59.154;164;0,7
2026-04-07T17:22:00.134;164;0,9
2026-04-07T17:22:01.094;164;0,9
2026-04-07T17:22:02.052;164;0,9
2026-04-07T17:22:03.020;164;0,8
2026-04-07T17:22:04.452;164;0,8
2026-04-07T17:22:05.414;164;0,8
2026-04-07T17:22:06.374;164;0,8
2026-04-07T17:22:07.323;164;0,8
2026-04-07T17:22:08.292;164;0,8
2026-04-07T17:22:09.250;164;0,9
2026-04-07T17:22:10.208;165;0,9
2026-04-07T17:22:11.175;165;0,6
2026-04-07T17:22:12.131;165;0,6
2026-04-07T17:22:13.082;165;0,8
2026-04-07T17:22:14.041;165;0,9
2026-04-07T17:22:15.012;164;0,9
2026-04-07T17:22:16.456;164;0,9
2026-04-07T17:22:17.404;164;1,1
2026-04-07T17:22:18.367;163;1,2
2026-04-07T17:22:20.290;163;1,2
2026-04-07T17:22:20.290;162;1,1
2026-04-07T17:22:21.245;162;1,1
2026-04-07T17:22:22.205;162;1,1
2026-04-07T17:22:23.604;162;1,1
2026-04-07T17:22:24.129;161;1,0
2026-04-07T17:22:26.047;161;1,1
2026-04-07T17:22:26.048;161;1,0
2026-04-07T17:22:27.012;161;1,0
2026-04-07T17:22:28.446;161;0,9
2026-04-07T17:22:30.356;161;0,8
2026-04-07T17:22:30.357;162;0,8
2026-04-07T17:22:31.328;162;0,9
2026-04-07T17:22:32.245;162;0,9
2026-04-07T17:22:33.246;161;0,9
2026-04-07T17:22:34.213;161;0,8
2026-04-07T17:22:35.132;161;0,8
2026-04-07T17:22:36.126;161;0,7
2026-04-07T17:22:37.087;160;0,8
2026-04-07T17:22:38.047;160;1,0
2026-04-07T17:22:39.007;160;0,9
2026-04-07T17:22:40.438;160;1,1
2026-04-07T17:22:41.399;159;1,1
2026-04-07T17:22:42.852;159;1,2
2026-04-07T17:22:43.326;159;1,2
2026-04-07T17:22:44.286;158;1,2
2026-04-07T17:22:45.251;158;1,2
2026-04-07T17:22:46.205;158;1,2
2026-04-07T17:22:47.168;157;1,2
2026-04-07T17:22:48.135;156;1,2
2026-04-07T17:22:49.095;156;1,2
2026-04-07T17:22:50.054;155;1,8
2026-04-07T17:22:51.007;155;1,8
2026-04-07T17:22:52.440;154;1,7
2026-04-07T17:22:53.402;153;1,7
2026-04-07T17:22:54.375;152;1,7
2026-04-07T17:22:55.333;152;1,7
2026-04-07T17:22:56.290;151;1,8
2026-04-07T17:22:57.261;150;1,9
2026-04-07T17:22:58.215;149;1,9
2026-04-07T17:22:59.162;145;3,7
2026-04-07T17:23:00.138;140;5,3
2026-04-07T17:23:01.096;133;5,8
2026-04-07T17:23:02.050;132;6,0
2026-04-07T17:23:03.962;133;6,5
2026-04-07T17:23:04.404;137;6,7
2026-04-07T17:23:05.407;138;6,7
2026-04-07T17:23:06.376;138;6,7
2026-04-07T17:23:08.297;138;6,7
2026-04-07T17:23:08.298;139;6,7
2026-04-07T17:23:09.251;139;6,7
2026-04-07T17:23:10.212;140;6,7
2026-04-07T17:23:11.172;141;6,6
2026-04-07T17:23:12.137;142;5,1
2026-04-07T17:23:13.088;142;4,1
2026-04-07T17:23:14.062;143;4,2
2026-04-07T17:23:15.007;143;3,1
2026-04-07T17:23:16.446;143;2,6
2026-04-07T17:23:17.407;143;2,6
2026-04-07T17:23:19.803;142;3,0
2026-04-07T17:23:19.803;140;3,1
2026-04-07T17:23:20.285;138;3,2
2026-04-07T17:23:21.254;137;3,3
2026-04-07T17:23:22.207;136;3,2
2026-04-07T17:23:23.173;135;3,3
2026-04-07T17:23:24.126;134;3,4
2026-04-07T17:23:25.093;133;3,3
2026-04-07T17:23:26.049;133;3,2
2026-04-07T17:23:27.015;132;2,9
2026-04-07T17:23:28.925;132;2,6
2026-04-07T17:23:29.412;132;2,4
2026-04-07T17:23:30.380;132;2,4
2026-04-07T17:23:31.331;132;2,3
2026-04-07T17:23:32.288;131;2,0
2026-04-07T17:23:33.249;131;1,7
2026-04-07T17:23:34.210;131;1,6
2026-04-07T17:23:35.165;131;1,6
2026-04-07T17:23:36.133;131;1,5
2026-04-07T17:23:37.570;131;1,1
2026-04-07T17:23:38.053;130;1,1
2026-04-07T17:23:39.009;130;1,1
2026-04-07T17:23:40.934;129;1,6
2026-04-07T17:23:41.416;128;1,7
2026-04-07T17:23:42.372;127;1,8
2026-04-07T17:23:43.334;127;1,8
2026-04-07T17:23:44.295;127;1,8
2026-04-07T17:23:45.252;127;1,8
2026-04-07T17:23:46.217;127;1,7
2026-04-07T17:23:47.175;127;1,9
2026-04-07T17:23:48.609;127;2,0
2026-04-07T17:23:49.042;126;2,0
2026-04-07T17:23:51.008;126;2,0
2026-04-07T17:23:51.009;126;2,0
2026-04-07T17:23:52.446;126;2,0
2026-04-07T17:23:53.403;126;2,0
2026-04-07T17:23:54.367;126;1,7
2026-04-07T17:23:55.324;126;1,6
2026-04-07T17:23:56.288;126;1,6
2026-04-07T17:23:57.250;125;1,6
2026-04-07T17:23:58.206;125;1,6
2026-04-07T17:23:59.161;125;1,7
2026-04-07T17:24:00.129;125;1,7
2026-04-07T17:24:01.095;125;1,5
2026-04-07T17:24:02.054;125;1,8
2026-04-07T17:24:03.018;125;1,8
2026-04-07T17:24:04.451;125;1,8
2026-04-07T17:24:05.411;125;1,7
2026-04-07T17:24:06.355;125;1,7
2026-04-07T17:24:07.817;125;2,4
2026-04-07T17:24:08.243;125;2,5
2026-04-07T17:24:09.237;125;2,6
2026-04-07T17:24:10.205;125;2,7
2026-04-07T17:24:11.170;125;3,0
2026-04-07T17:24:12.122;125;2,9
2026-04-07T17:24:13.034;125;2,9
2026-04-07T17:24:14.043;125;2,9
2026-04-07T17:24:15.015;125;2,8
2026-04-07T17:24:16.446;125;2,6
2026-04-07T17:24:17.415;125;2,6
2026-04-07T17:24:18.374;125;2,6
2026-04-07T17:24:19.328;126;2,7
2026-04-07T17:24:20.292;126;2,8
2026-04-07T17:24:21.251;126;2,2
2026-04-07T17:24:22.211;126;1,9
2026-04-07T17:24:24.136;127;1,8
2026-04-07T17:24:25.096;127;1,8
2026-04-07T17:24:25.096;126;1,6
2026-04-07T17:24:26.054;125;1,7
2026-04-07T17:24:27.012;124;1,9
2026-04-07T17:24:28.460;124;2,0
2026-04-07T17:24:30.376;123;2,0
2026-04-07T17:24:30.377;123;2,0
2026-04-07T17:24:31.324;123;1,9
2026-04-07T17:24:32.289;123;1,9
2026-04-07T17:24:33.252;123;1,8
2026-04-07T17:24:34.211;123;2,4
2026-04-07T17:24:35.649;123;3,2
2026-04-07T17:24:36.605;123;3,8
2026-04-07T17:24:39.005;123;3,9
2026-04-07T17:24:39.005;124;3,8
2026-04-07T17:24:39.444;124;3,7
2026-04-07T17:24:40.927;124;3,7
2026-04-07T17:24:41.890;124;3,5
2026-04-07T17:24:42.367;125;3,5
2026-04-07T17:24:43.328;125;3,5
2026-04-07T17:24:44.291;125;3,6
2026-04-07T17:24:46.218;126;3,6
2026-04-07T17:24:46.219;126;3,7
2026-04-07T17:24:47.178;125;3,7
2026-04-07T17:24:48.146;124;3,4
2026-04-07T17:24:49.575;124;2,8
2026-04-07T17:24:50.528;124;1,9
2026-04-07T17:24:50.964;125;1,7
2026-04-07T17:24:53.897;125;1,7
2026-04-07T17:24:53.898;125;1,7
2026-04-07T17:24:54.324;125;1,9
2026-04-07T17:24:55.821;125;2,0
2026-04-07T17:24:56.247;125;1,9
2026-04-07T17:24:57.250;124;1,9
2026-04-07T17:24:58.204;124;2,1
2026-04-07T17:25:01.575;124;2,2
2026-04-07T17:25:01.576;125;2,5
2026-04-07T17:25:02.537;125;2,5
2026-04-07T17:25:02.538;125;2,4
2026-04-07T17:25:02.964;125;2,5
2026-04-07T17:25:04.448;124;2,6
2026-04-07T17:25:05.407;123;2,7
2026-04-07T17:25:06.376;123;2,7
2026-04-07T17:25:07.329;123;3,1
2026-04-07T17:25:08.298;124;3,0
2026-04-07T17:25:10.221;125;3,0
2026-04-07T17:25:10.222;126;3,6
2026-04-07T17:25:11.171;128;3,8
2026-04-07T17:25:12.132;129;3,7
2026-04-07T17:25:13.085;131;3,6
2026-04-07T17:25:14.052;133;3,6
2026-04-07T17:25:15.964;134;3,6
2026-04-07T17:25:16.929;135;3,6
2026-04-07T17:25:17.895;136;3,5
2026-04-07T17:25:18.324;137;3,5
2026-04-07T17:25:21.253;138;3,4
2026-04-07T17:25:21.253;138;3,1
2026-04-07T17:25:21.254;138;3,2
2026-04-07T17:25:22.207;140;3,4
2026-04-07T17:25:24.132;141;2,7
2026-04-07T17:25:24.133;142;2,7
2026-04-07T17:25:25.096;143;2,3
2026-04-07T17:25:26.055;143;1,9
2026-04-07T17:25:27.982;144;1,9
2026-04-07T17:25:28.407;144;1,9
2026-04-07T17:25:29.882;145;1,8
2026-04-07T17:25:30.852;146;1,8
2026-04-07T17:25:31.331;147;1,9
2026-04-07T17:25:32.289;148;1,9
2026-04-07T17:25:34.259;148;1,8
2026-04-07T17:25:34.260;149;1,1
2026-04-07T17:25:35.653;150;1,4
2026-04-07T17:25:36.126;151;1,4
2026-04-07T17:25:37.087;152;1,5
2026-04-07T17:25:38.047;152;1,4
2026-04-07T17:25:39.010;153;1,3
2026-04-07T17:25:40.927;153;1,4
2026-04-07T17:25:41.888;154;1,3
2026-04-07T17:25:43.273;154;1,3
2026-04-07T17:25:43.276;155;1,3
2026-04-07T17:25:44.236;155;1,3
2026-04-07T17:25:46.164;156;1,3
2026-04-07T17:25:46.693;156;1,1
2026-04-07T17:25:48.067;157;1,0
2026-04-07T17:25:49.089;157;1,1
2026-04-07T17:25:49.090;157;1,0
2026-04-07T17:25:50.051;157;1,0
2026-04-07T17:25:50.946;156;1,0
2026-04-07T17:25:52.389;156;0,9
2026-04-07T17:25:53.830;156;0,9
2026-04-07T17:25:54.849;156;0,9
2026-04-07T17:25:55.765;157;0,9
2026-04-07T17:25:56.801;157;0,9
2026-04-07T17:25:57.712;157;0,9
2026-04-07T17:25:58.153;157;0,8
2026-04-07T17:25:59.208;158;0,8
2026-04-07T17:26:00.086;158;0,8
2026-04-07T17:26:02.060;159;0,8
2026-04-07T17:26:02.061;159;0,8
2026-04-07T17:26:03.444;160;0,8
2026-04-07T17:26:05.896;160;0,7
2026-04-07T17:26:05.897;160;0,7
2026-04-07T17:26:06.326;160;0,7
2026-04-07T17:26:07.336;161;0,7
2026-04-07T17:26:08.291;161;0,6
2026-04-07T17:26:09.727;161;0,6
2026-04-07T17:26:10.696;161;0,7
2026-04-07T17:26:14.525;161;0,7
2026-04-07T17:26:15.972;162;0,8
2026-04-07T17:26:15.973;162;0,9
2026-04-07T17:26:15.974;162;0,9
2026-04-07T17:26:15.975;161;0,9
2026-04-07T17:26:18.379;161;0,9
2026-04-07T17:26:18.380;161;0,9
2026-04-07T17:26:20.781;161;0,9
2026-04-07T17:26:20.783;161;0,9
2026-04-07T17:26:21.740;161;0,9
2026-04-07T17:26:21.741;161;0,9
2026-04-07T17:26:23.179;161;0,9
2026-04-07T17:26:23.180;161;0,9
2026-04-07T17:26:24.138;161;0,8
2026-04-07T17:26:25.567;161;0,9
2026-04-07T17:26:27.444;162;0,9
2026-04-07T17:26:28.404;161;0,9
2026-04-07T17:26:28.407;162;1,0
2026-04-07T17:26:30.376;161;1,0
2026-04-07T17:26:30.377;161;1,0
2026-04-07T17:26:32.314;161;1,0
2026-04-07T17:26:32.315;161;1,0
2026-04-07T17:26:35.175;161;1,0
2026-04-07T17:26:35.176;161;0,9
2026-04-07T17:26:35.177;161;0,9
2026-04-07T17:26:37.034;162;0,9
2026-04-07T17:26:37.036;162;0,8
2026-04-07T17:26:38.528;162;0,8
2026-04-07T17:26:39.977;161;0,7
2026-04-07T17:26:40.405;161;0,7
2026-04-07T17:26:44.259;161;0,8
2026-04-07T17:26:44.260;161;0,9
2026-04-07T17:26:45.685;162;0,9
2026-04-07T17:26:48.124;161;1,0
2026-04-07T17:26:48.125;161;1,0
2026-04-07T17:26:48.125;161;1,0
2026-04-07T17:26:48.126;162;1,0
2026-04-07T17:26:48.552;162;1,1
2026-04-07T17:26:49.035;161;1,1
2026-04-07T17:26:51.008;161;1,1
2026-04-07T17:26:51.009;160;1,1
2026-04-07T17:26:52.435;160;1,2
2026-04-07T17:26:55.815;160;1,0
2026-04-07T17:26:55.815;160;1,0
2026-04-07T17:26:55.816;160;0,9
2026-04-07T17:26:56.293;160;0,9
2026-04-07T17:26:57.207;160;1,0
2026-04-07T17:26:58.686;161;1,1
2026-04-07T17:27:00.124;161;1,0
2026-04-07T17:27:01.567;161;1,0
2026-04-07T17:27:02.003;161;1,1
2026-04-07T17:27:02.533;161;1,0
2026-04-07T17:27:03.008;161;1,0
2026-04-07T17:27:05.404;161;0,9
2026-04-07T17:27:05.405;161;1,0
2026-04-07T17:27:06.375;161;0,9
2026-04-07T17:27:07.810;161;0,9
2026-04-07T17:27:08.300;161;0,8
2026-04-07T17:27:09.259;162;0,7
2026-04-07T17:27:10.216;162;0,7
2026-04-07T17:27:11.181;162;0,7
2026-04-07T17:27:12.144;162;0,7
2026-04-07T17:27:13.093;161;0,7
2026-04-07T17:27:13.995;162;0,7
2026-04-07T17:27:15.009;162;0,8
2026-04-07T17:27:16.393;162;0,8
2026-04-07T17:27:19.331;162;0,8
2026-04-07T17:27:19.332;162;0,8
2026-04-07T17:27:19.333;162;0,9
2026-04-07T17:27:20.295;162;0,8
2026-04-07T17:27:21.737;162;0,7
2026-04-07T17:27:22.162;162;0,7
2026-04-07T17:27:23.175;162;0,8
2026-04-07T17:27:24.137;162;0,9
2026-04-07T17:27:25.047;162;1,0
2026-04-07T17:27:26.008;162;1,0
2026-04-07T17:27:27.001;162;1,0
2026-04-07T17:27:28.459;162;1,1
2026-04-07T17:27:29.895;162;1,1
2026-04-07T17:27:30.325;162;1,3
2026-04-07T17:27:32.245;162;1,4
2026-04-07T17:27:32.247;162;1,5
2026-04-07T17:27:33.249;162;1,4
2026-04-07T17:27:34.686;162;1,5
2026-04-07T17:27:36.126;162;1,5
2026-04-07T17:27:36.126;162;1,4
2026-04-07T17:27:37.567;162;1,4
2026-04-07T17:27:38.535;162;1,4
2026-04-07T17:27:39.015;163;1,4
2026-04-07T17:27:42.367;162;1,5
2026-04-07T17:27:43.332;162;1,3
2026-04-07T17:27:43.333;162;1,1
2026-04-07T17:27:43.334;162;1,1
2026-04-07T17:27:45.252;161;1,2
2026-04-07T17:27:45.253;161;1,1
2026-04-07T17:27:46.217;161;0,9
2026-04-07T17:27:47.650;161;1,0
2026-04-07T17:27:48.133;161;1,0
2026-04-07T17:27:49.092;161;1,1
2026-04-07T17:27:50.057;161;0,9
2026-04-07T17:27:51.014;161;0,7
2026-04-07T17:27:55.824;161;0,7
2026-04-07T17:27:57.211;161;0,7
2026-04-07T17:27:57.214;161;0,6
2026-04-07T17:27:58.166;162;0,6
2026-04-07T17:27:58.168;161;0,6
2026-04-07T17:27:59.677;162;0,6
2026-04-07T17:27:59.677;162;0,7
2026-04-07T17:27:59.678;161;0,7
2026-04-07T17:28:01.045;161;75,2
2026-04-07T17:28:01.047;161;75,5
2026-04-07T17:28:02.004;161;101,6
2026-04-07T17:28:03.446;161;101,6
2026-04-07T17:28:04.451;161;101,6
2026-04-07T17:28:05.408;161;101,6
2026-04-07T17:28:06.367;161;101,6
2026-04-07T17:28:07.286;161;101,6
2026-04-07T17:28:08.283;161;101,6
2026-04-07T17:28:09.208;161;101,6
2026-04-07T17:28:11.127;161;101,6
2026-04-07T17:28:11.131;161;101,6
2026-04-07T17:28:12.087;161;68,3
2026-04-07T17:28:14.007;161;0,7
2026-04-07T17:28:14.486;162;0,8
2026-04-07T17:28:16.928;162;0,8
2026-04-07T17:28:16.929;162;0,9
2026-04-07T17:28:17.410;162;0,9
2026-04-07T17:28:21.203;163;0,9
2026-04-07T17:28:22.166;162;1,0
2026-04-07T17:28:22.169;163;1,0
2026-04-07T17:28:22.170;163;1,0
2026-04-07T17:28:23.643;163;1,2
2026-04-07T17:28:23.644;163;1,5
2026-04-07T17:28:28.442;163;1,4
2026-04-07T17:28:28.443;163;1,5
2026-04-07T17:28:28.443;164;1,5
2026-04-07T17:28:28.444;164;1,5
2026-04-07T17:28:28.445;164;1,4
2026-04-07T17:28:29.896;164;1,4
2026-04-07T17:28:30.323;164;1,4
2026-04-07T17:28:31.330;164;1,8
2026-04-07T17:28:32.285;165;2,0
2026-04-07T17:28:33.738;165;1,8
2026-04-07T17:28:34.166;165;1,6
2026-04-07T17:28:35.165;165;1,6
2026-04-07T17:28:36.134;165;1,6
2026-04-07T17:28:37.567;165;1,5
2026-04-07T17:28:39.007;165;1,5
2026-04-07T17:28:39.008;165;1,5
2026-04-07T17:28:40.929;165;1,5
2026-04-07T17:28:41.365;165;1,3
2026-04-07T17:28:42.855;165;0,6
2026-04-07T17:28:43.334;165;0,6
2026-04-07T17:28:44.300;164;0,5
2026-04-07T17:28:45.253;165;0,5
2026-04-07T17:28:46.647;165;0,5
2026-04-07T17:28:47.607;165;0,5
2026-04-07T17:28:48.566;164;0,5
2026-04-07T17:28:50.486;165;0,5
2026-04-07T17:28:50.489;165;0,5
2026-04-07T17:28:50.965;165;0,7
2026-04-07T17:28:54.327;165;0,7
2026-04-07T17:28:54.329;165;0,7
2026-04-07T17:28:54.332;165;0,7
2026-04-07T17:28:55.274;165;0,7
2026-04-07T17:28:56.285;164;0,7
2026-04-07T17:28:57.206;164;0,7
2026-04-07T17:28:58.149;164;0,7
2026-04-07T17:29:00.075;164;0,7
2026-04-07T17:29:00.078;164;0,8
2026-04-07T17:29:02.049;164;0,8
2026-04-07T17:29:02.050;164;0,8
2026-04-07T17:29:03.006;164;0,9
2026-04-07T17:29:04.447;164;0,9
2026-04-07T17:29:05.365;164;0,9
2026-04-07T17:29:06.327;164;1,0
2026-04-07T17:29:07.765;164;1,0
2026-04-07T17:29:08.287;164;1,1
2026-04-07T17:29:10.688;164;1,2
2026-04-07T17:29:10.688;164;1,3
2026-04-07T17:29:11.654;164;1,5
2026-04-07T17:29:12.614;165;1,4
2026-04-07T17:29:13.577;165;1,4
2026-04-07T17:29:14.046;165;1,4
2026-04-07T17:29:15.017;165;1,3
2026-04-07T17:29:16.928;165;1,4
2026-04-07T17:29:17.891;165;1,3
2026-04-07T17:29:18.326;165;1,4
2026-04-07T17:29:19.333;165;1,5
2026-04-07T17:29:20.292;165;1,5
2026-04-07T17:29:21.248;165;1,2
2026-04-07T17:29:23.170;164;1,2
2026-04-07T17:29:23.171;164;1,2
2026-04-07T17:29:25.572;164;1,2
2026-04-07T17:29:26.002;164;1,2
2026-04-07T17:29:26.962;163;1,1
2026-04-07T17:29:27.444;163;1,1
2026-04-07T17:29:28.403;163;1,1
2026-04-07T17:29:31.284;163;0,8
2026-04-07T17:29:31.285;163;0,8
2026-04-07T17:29:31.285;164;0,6
2026-04-07T17:29:32.714;164;0,6
2026-04-07T17:29:33.204;163;0,7
2026-04-07T17:29:34.217;163;0,7
2026-04-07T17:29:35.651;163;0,7
2026-04-07T17:29:36.086;163;0,7
2026-04-07T17:29:37.079;163;1,0
2026-04-07T17:29:39.003;163;1,1
2026-04-07T17:29:40.443;163;1,2
2026-04-07T17:29:40.444;162;1,2
2026-04-07T17:29:42.862;162;1,4
2026-04-07T17:29:42.864;162;1,4
2026-04-07T17:29:43.284;161;1,4
2026-04-07T17:29:44.245;161;1,4
2026-04-07T17:29:45.687;161;1,4
2026-04-07T17:29:46.208;160;1,5
2026-04-07T17:29:47.127;160;1,5
2026-04-07T17:29:49.088;159;1,3
2026-04-07T17:29:49.089;159;1,3
2026-04-07T17:29:50.055;159;1,2
2026-04-07T17:29:51.019;159;1,1
2026-04-07T17:29:52.447;158;1,0
2026-04-07T17:29:53.413;158;1,0
2026-04-07T17:29:55.329;158;1,0
2026-04-07T17:29:55.330;158;1,0
2026-04-07T17:29:57.256;157;1,1
2026-04-07T17:29:57.257;157;0,9
2026-04-07T17:29:58.214;156;0,9
2026-04-07T17:29:59.176;156;1,0
2026-04-07T17:30:00.137;155;1,3
2026-04-07T17:30:01.102;155;1,2
2026-04-07T17:30:02.050;154;1,2
2026-04-07T17:30:03.014;154;1,2
2026-04-07T17:30:04.464;153;1,1
2026-04-07T17:30:05.418;152;1,3
2026-04-07T17:30:06.373;152;1,3
2026-04-07T17:30:07.326;151;1,3
2026-04-07T17:30:08.767;150;1,4
2026-04-07T17:30:09.205;149;1,4
2026-04-07T17:30:10.208;147;1,5
2026-04-07T17:30:11.182;146;1,7
2026-04-07T17:30:12.136;145;1,6
2026-04-07T17:30:13.094;144;1,6
2026-04-07T17:30:14.053;144;1,7
2026-04-07T17:30:15.013;143;1,7
2026-04-07T17:30:16.452;143;2,0
2026-04-07T17:30:17.413;143;1,9
2026-04-07T17:30:18.382;143;1,8
2026-04-07T17:30:19.287;142;1,9
2026-04-07T17:30:20.285;142;1,8
2026-04-07T17:30:21.253;141;1,9
2026-04-07T17:30:22.205;140;1,8
2026-04-07T17:30:23.110;140;1,7
2026-04-07T17:30:24.127;140;1,6
2026-04-07T17:30:25.030;140;1,6
2026-04-07T17:30:25.996;140;1,6
2026-04-07T17:30:26.963;140;1,5
2026-04-07T17:30:28.437;140;1,8
2026-04-07T17:30:29.846;139;1,5
2026-04-07T17:30:30.367;138;1,5
2026-04-07T17:30:31.326;138;1,5
2026-04-07T17:30:32.275;137;1,4
2026-04-07T17:30:33.310;137;1,4
2026-04-07T17:30:34.165;136;1,3
2026-04-07T17:30:36.087;136;1,3
2026-04-07T17:30:36.089;135;1,5
2026-04-07T17:30:37.527;135;1,5
2026-04-07T17:30:38.051;134;1,5
2026-04-07T17:30:39.505;133;2,1
2026-04-07T17:30:40.457;132;2,1
2026-04-07T17:30:41.411;131;1,9
2026-04-07T17:30:42.376;130;1,9
2026-04-07T17:30:43.327;130;1,9
2026-04-07T17:30:45.726;130;2,0
2026-04-07T17:30:45.727;130;2,0
2026-04-07T17:30:46.219;131;2,0
2026-04-07T17:30:47.650;131;2,0
2026-04-07T17:30:48.086;131;2,0
2026-04-07T17:30:49.096;130;2,0
2026-04-07T17:30:50.532;129;2,5
2026-04-07T17:30:50.965;128;2,5
2026-04-07T17:30:52.934;128;2,1
2026-04-07T17:30:53.367;128;2,1
2026-04-07T17:30:55.768;127;2,1
2026-04-07T17:30:55.770;127;2,1
2026-04-07T17:31:01.091;127;2,1
2026-04-07T17:31:01.092;127;2,0
2026-04-07T17:31:02.060;127;2,0
