Phone timestamp;HR [bpm];HRV [ms];Breathing interval [rpm];
2026-04-07T18:00:28.060;156;1,9
2026-04-07T18:00:29.001;156;1,9
2026-04-07T18:00:29.993;155;1,8
2026-04-07T18:00:31.030;155;1,8
2026-04-07T18:00:32.014;155;1,6
2026-04-07T18:00:32.948;155;1,6
2026-04-07T18:00:34.076;155;1,6
2026-04-07T18:00:34.927;155;1,3
2026-04-07T18:00:35.978;155;1,1
2026-04-07T18:00:36.937;155;1,1
2026-04-07T18:00:37.927;155;1,1
2026-04-07T18:00:39.007;155;0,8
2026-04-07T18:00:39.934;155;0,7
2026-04-07T18:00:40.928;155;0,6
2026-04-07T18:00:42.059;156;0,6
2026-04-07T18:00:42.977;156;0,6
2026-04-07T18:00:44.113;156;0,6
2026-04-07T18:00:45.438;156;0,7
2026-04-07T18:00:45.970;156;0,7
2026-04-07T18:00:46.979;155;0,7
2026-04-07T18:00:48.013;155;0,8
2026-04-07T18:00:49.106;155;0,7
2026-04-07T18:00:50.188;155;0,7
2026-04-07T18:00:50.993;154;0,8
2026-04-07T18:00:52.007;154;0,8
2026-04-07T18:00:55.825;154;0,8
2026-04-07T18:00:55.826;155;0,9
2026-04-07T18:00:56.310;154;0,9
2026-04-07T18:00:56.311;155;0,8
2026-04-07T18:00:57.269;155;0,9
2026-04-07T18:00:58.232;154;0,8
2026-04-07T18:00:59.192;154;0,9
2026-04-07T18:01:00.136;154;0,9
2026-04-07T18:01:01.108;154;0,9
2026-04-07T18:01:03.510;155;0,9
2026-04-07T18:01:03.511;155;0,9
2026-04-07T18:01:06.386;155;0,9
2026-04-07T18:01:07.818;155;0,9
2026-04-07T18:01:07.819;155;0,9
2026-04-07T18:01:07.819;155;0,9
2026-04-07T18:01:08.306;155;0,9
2026-04-07T18:01:09.265;155;1,0
2026-04-07T18:01:10.222;156;0,9
2026-04-07T18:01:11.184;156;1,0
2026-04-07T18:01:12.140;155;0,8
2026-04-07T18:01:13.102;155;0,9
2026-04-07T18:01:14.067;155;0,9
2026-04-07T18:01:15.511;155;0,8
2026-04-07T18:01:16.466;154;0,8
2026-04-07T18:01:17.420;154;0,8
2026-04-07T18:01:18.383;155;0,9
2026-04-07T18:01:19.344;155;1,2
2026-04-07T18:01:20.306;155;1,2
2026-04-07T18:01:21.275;154;1,1
2026-04-07T18:01:22.719;155;1,3
2026-04-07T18:01:23.183;155;1,4
2026-04-07T18:01:24.620;155;1,3
2026-04-07T18:01:25.058;155;1,3
2026-04-07T18:01:26.060;155;1,4
2026-04-07T18:01:27.022;155;1,4
2026-04-07T18:01:28.944;155;1,4
2026-04-07T18:01:29.376;155;1,3
2026-04-07T18:01:30.383;155;1,2
2026-04-07T18:01:31.348;155;1,1
2026-04-07T18:01:32.259;155;1,1
2026-04-07T18:01:34.708;155;0,9
2026-04-07T18:01:34.709;155;0,8
2026-04-07T18:01:35.191;155;0,9
2026-04-07T18:01:36.136;154;1,0
2026-04-07T18:01:37.094;154;1,1
2026-04-07T18:01:38.067;155;1,2
2026-04-07T18:01:39.035;154;1,6
2026-04-07T18:01:39.985;154;1,6
2026-04-07T18:01:41.428;155;1,8
2026-04-07T18:01:42.375;154;1,8
2026-04-07T18:01:43.823;154;1,8
2026-04-07T18:01:44.309;153;1,8
2026-04-07T18:01:45.265;152;3,0
2026-04-07T18:01:46.223;153;3,8
2026-04-07T18:01:48.139;153;4,0
2026-04-07T18:01:49.099;154;4,0
2026-04-07T18:01:49.539;154;4,0
2026-04-07T18:01:50.060;154;3,9
2026-04-07T18:01:51.023;154;3,8
2026-04-07T18:01:51.987;154;3,8
2026-04-07T18:01:53.425;154;3,8
2026-04-07T18:01:54.382;155;3,8
2026-04-07T18:01:55.348;155;3,8
2026-04-07T18:01:57.267;155;3,8
2026-04-07T18:01:57.268;156;1,7
2026-04-07T18:01:58.224;156;1,3
2026-04-07T18:01:59.181;156;0,7
2026-04-07T18:02:00.618;156;0,9
2026-04-07T18:02:01.102;156;0,9
2026-04-07T18:02:02.058;157;0,9
2026-04-07T18:02:03.024;157;0,9
2026-04-07T18:02:03.987;158;0,9
2026-04-07T18:02:05.420;158;1,1
2026-04-07T18:02:06.321;158;1,1
2026-04-07T18:02:07.778;158;1,1
2026-04-07T18:02:08.739;158;1,0
2026-04-07T18:02:09.218;158;1,0
2026-04-07T18:02:10.698;158;1,1
2026-04-07T18:02:11.128;158;1,0
2026-04-07T18:02:13.041;158;1,2
2026-04-07T18:02:13.043;158;1,2
2026-04-07T18:02:14.062;159;1,4
2026-04-07T18:02:16.883;158;1,4
2026-04-07T18:02:16.886;159;1,6
2026-04-07T18:02:17.378;159;1,6
2026-04-07T18:02:20.238;159;1,8
2026-04-07T18:02:20.238;159;1,8
2026-04-07T18:02:20.238;159;2,0
2026-04-07T18:02:22.220;159;2,0
2026-04-07T18:02:25.041;159;2,0
2026-04-07T18:02:26.002;159;2,0
2026-04-07T18:02:27.928;159;1,9
2026-04-07T18:02:27.932;159;1,7
2026-04-07T18:02:27.935;158;1,7
2026-04-07T18:02:27.938;158;1,6
2026-04-07T18:02:27.940;158;1,5
2026-04-07T18:02:29.364;158;1,5
2026-04-07T18:02:30.425;157;1,1
2026-04-07T18:02:31.284;157;0,7
2026-04-07T18:02:32.721;157;0,7
2026-04-07T18:02:33.203;157;0,6
2026-04-07T18:02:34.160;157;0,6
2026-04-07T18:02:36.146;157;0,6
2026-04-07T18:02:36.147;158;0,6
2026-04-07T18:02:37.107;158;0,6
2026-04-07T18:02:38.488;158;0,5
2026-04-07T18:02:38.980;158;0,5
2026-04-07T18:02:40.422;158;0,5
2026-04-07T18:02:41.422;158;0,5
2026-04-07T18:02:43.767;158;0,6
2026-04-07T18:02:43.769;157;0,7
2026-04-07T18:02:44.298;158;0,9
2026-04-07T18:02:45.265;158;0,9
2026-04-07T18:02:46.165;158;1,1
2026-04-07T18:02:47.135;158;1,2
2026-04-07T18:02:48.085;158;1,5
2026-04-07T18:02:49.106;158;1,5
2026-04-07T18:02:50.487;158;1,5
2026-04-07T18:02:51.026;158;2,0
2026-04-07T18:02:54.380;158;3,2
2026-04-07T18:02:54.863;158;3,5
2026-04-07T18:02:54.864;158;3,7
2026-04-07T18:02:55.825;158;3,8
2026-04-07T18:02:58.229;158;3,8
2026-04-07T18:02:59.126;158;3,8
2026-04-07T18:02:59.128;158;3,7
2026-04-07T18:03:00.099;158;3,7
2026-04-07T18:03:00.567;157;3,6
2026-04-07T18:03:01.101;156;3,7
2026-04-07T18:03:02.538;156;3,7
2026-04-07T18:03:03.507;156;3,5
2026-04-07T18:03:03.987;156;2,2
2026-04-07T18:03:05.899;156;1,5
2026-04-07T18:03:06.336;156;1,4
2026-04-07T18:03:07.341;156;1,3
2026-04-07T18:03:08.311;157;1,4
2026-04-07T18:03:09.271;157;1,5
2026-04-07T18:03:11.181;157;1,5
2026-04-07T18:03:11.182;157;1,5
2026-04-07T18:03:12.147;157;1,4
2026-04-07T18:03:13.101;157;1,4
2026-04-07T18:03:14.066;157;1,2
2026-04-07T18:03:15.980;158;1,2
2026-04-07T18:03:15.981;158;1,2
2026-04-07T18:03:17.430;159;1,2
2026-04-07T18:03:18.864;159;1,2
2026-04-07T18:03:19.819;159;1,2
2026-04-07T18:03:20.298;159;1,1
2026-04-07T18:03:21.220;159;0,9
2026-04-07T18:03:22.179;159;1,0
2026-04-07T18:03:23.672;160;1,0
2026-04-07T18:03:24.632;159;1,0
2026-04-07T18:03:25.589;159;1,0
2026-04-07T18:03:26.545;159;1,0
2026-04-07T18:03:26.978;159;1,0
2026-04-07T18:03:28.465;158;1,1
2026-04-07T18:03:30.858;158;1,3
2026-04-07T18:03:30.860;158;1,2
2026-04-07T18:03:33.261;158;1,1
2026-04-07T18:03:33.262;157;1,2
2026-04-07T18:03:35.661;157;1,2
2026-04-07T18:03:35.662;157;1,3
2026-04-07T18:03:36.622;156;1,3
2026-04-07T18:03:37.059;156;1,3
2026-04-07T18:03:37.061;155;1,3
2026-04-07T18:03:39.014;155;1,3
2026-04-07T18:03:39.458;154;1,2
2026-04-07T18:03:41.904;154;1,1
2026-04-07T18:03:41.904;154;1,1
2026-04-07T18:03:42.338;153;1,1
2026-04-07T18:03:43.342;152;1,0
2026-04-07T18:03:44.298;152;1,0
2026-04-07T18:03:45.219;152;1,1
2026-04-07T18:03:46.659;151;1,1
2026-04-07T18:03:47.171;151;1,0
2026-04-07T18:03:48.141;151;1,0
2026-04-07T18:03:49.103;150;1,0
2026-04-07T18:03:51.031;150;1,0
2026-04-07T18:03:51.032;149;1,0
2026-04-07T18:03:51.990;149;1,0
2026-04-07T18:03:53.425;148;1,0
2026-04-07T18:03:54.380;148;1,1
2026-04-07T18:03:55.823;147;1,1
2026-04-07T18:03:56.305;147;1,0
2026-04-07T18:03:57.274;147;0,8
2026-04-07T18:03:58.227;146;0,9
2026-04-07T18:03:59.659;146;0,9
2026-04-07T18:04:00.099;145;1,2
2026-04-07T18:04:01.107;144;1,2
2026-04-07T18:04:03.500;143;1,2
2026-04-07T18:04:03.980;143;1,2
2026-04-07T18:04:03.981;143;1,2
2026-04-07T18:04:05.429;143;1,1
2026-04-07T18:04:06.863;142;1,3
2026-04-07T18:04:07.345;141;1,4
2026-04-07T18:04:08.302;140;1,5
2026-04-07T18:04:10.222;139;1,6
2026-04-07T18:04:10.223;139;1,7
2026-04-07T18:04:11.663;138;1,6
2026-04-07T18:04:12.099;138;1,6
2026-04-07T18:04:13.104;138;1,6
2026-04-07T18:04:14.069;136;1,8
2026-04-07T18:04:15.508;136;1,8
2026-04-07T18:04:15.940;135;1,7
2026-04-07T18:04:17.419;134;1,8
2026-04-07T18:04:18.395;134;1,8
2026-04-07T18:04:19.351;134;1,7
2026-04-07T18:04:20.311;133;1,6
2026-04-07T18:04:21.267;133;1,6
2026-04-07T18:04:23.658;132;1,4
2026-04-07T18:04:23.659;132;1,4
2026-04-07T18:04:24.099;132;1,4
2026-04-07T18:04:25.099;132;1,4
2026-04-07T18:04:26.081;131;1,4
2026-04-07T18:04:27.507;131;1,2
2026-04-07T18:04:27.992;131;1,0
2026-04-07T18:04:29.421;131;1,0
2026-04-07T18:04:30.861;131;0,8
2026-04-07T18:04:31.299;131;0,8
2026-04-07T18:04:32.298;131;1,2
2026-04-07T18:04:33.258;130;1,3
2026-04-07T18:04:34.223;129;1,2
2026-04-07T18:04:35.178;129;1,3
2026-04-07T18:04:36.581;129;1,2
2026-04-07T18:04:37.056;129;1,2
2026-04-07T18:04:38.016;128;1,6
2026-04-07T18:04:40.417;127;1,6
2026-04-07T18:04:40.418;126;1,7
2026-04-07T18:04:41.857;125;1,8
2026-04-07T18:04:42.381;124;2,0
2026-04-07T18:04:43.337;123;2,1
2026-04-07T18:04:44.299;122;2,1
2026-04-07T18:04:46.697;121;2,1
2026-04-07T18:04:46.698;121;2,0
2026-04-07T18:04:48.139;121;2,0
2026-04-07T18:04:50.069;120;2,1
2026-04-07T18:04:50.069;119;2,3
2026-04-07T18:04:50.070;118;2,5
2026-04-07T18:04:51.021;117;2,5
2026-04-07T18:04:51.983;116;2,3
2026-04-07T18:04:53.427;116;2,3
2026-04-07T18:04:54.390;117;2,2
2026-04-07T18:04:55.349;117;2,3
2026-04-07T18:04:56.306;118;2,4
2026-04-07T18:04:57.268;118;2,3
2026-04-07T18:04:58.225;119;2,4
2026-04-07T18:05:00.152;119;2,3
2026-04-07T18:05:00.153;120;2,3
2026-04-07T18:05:01.113;120;2,8
2026-04-07T18:05:02.064;120;2,9
2026-04-07T18:05:03.044;122;2,9
2026-04-07T18:05:04.022;123;2,9
2026-04-07T18:05:05.418;124;2,9
2026-04-07T18:05:06.390;124;2,8
2026-04-07T18:05:07.337;124;2,9
2026-04-07T18:05:08.305;124;3,0
2026-04-07T18:05:09.267;123;2,9
2026-04-07T18:05:10.219;123;2,9
2026-04-07T18:05:11.181;123;2,8
2026-04-07T18:05:12.149;123;3,1
2026-04-07T18:05:13.105;124;3,1
2026-04-07T18:05:14.069;124;3,1
2026-04-07T18:05:15.029;125;2,6
2026-04-07T18:05:15.985;125;2,6
2026-04-07T18:05:17.425;124;2,7
2026-04-07T18:05:18.394;123;2,4
2026-04-07T18:05:19.352;123;2,5
2026-04-07T18:05:20.311;122;2,5
2026-04-07T18:05:21.269;122;2,4
2026-04-07T18:05:23.187;122;2,2
2026-04-07T18:05:23.187;122;2,2
2026-04-07T18:05:24.143;122;2,2
2026-04-07T18:05:25.114;121;2,2
2026-04-07T18:05:26.066;121;1,7
2026-04-07T18:05:27.984;120;1,9
2026-04-07T18:05:27.985;120;1,8
2026-04-07T18:05:29.362;120;1,8
2026-04-07T18:05:30.343;119;1,8
2026-04-07T18:05:31.299;119;1,6
2026-04-07T18:05:32.776;119;1,2
2026-04-07T18:05:33.205;120;1,1
2026-04-07T18:05:34.228;120;1,2
2026-04-07T18:05:35.667;119;1,2
2026-04-07T18:05:36.099;119;1,2
2026-04-07T18:05:37.107;119;1,2
2026-04-07T18:05:38.006;120;1,8
2026-04-07T18:05:39.460;121;1,9
2026-04-07T18:05:39.940;121;1,8
2026-04-07T18:05:41.422;122;1,8
2026-04-07T18:05:42.340;122;1,7
2026-04-07T18:05:43.346;122;1,7
2026-04-07T18:05:44.307;122;1,7
2026-04-07T18:05:45.276;122;1,7
2026-04-07T18:05:46.220;122;1,7
2026-04-07T18:05:47.184;123;1,8
2026-04-07T18:05:48.142;123;1,8
2026-04-07T18:05:49.111;123;1,8
2026-04-07T18:05:50.072;123;1,8
2026-04-07T18:05:51.504;123;1,8
2026-04-07T18:05:52.463;124;1,2
2026-04-07T18:05:53.423;124;1,1
2026-04-07T18:05:54.340;123;1,2
2026-04-07T18:05:55.299;122;2,0
2026-04-07T18:05:56.303;121;2,0
2026-04-07T18:05:57.261;121;2,0
2026-04-07T18:05:58.704;121;2,0
2026-04-07T18:05:59.136;121;2,1
2026-04-07T18:06:00.138;122;2,4
2026-04-07T18:06:01.100;122;2,5
2026-04-07T18:06:02.067;123;2,5
2026-04-07T18:06:03.020;123;2,5
2026-04-07T18:06:03.986;123;2,6
2026-04-07T18:06:05.431;122;2,9
2026-04-07T18:06:06.336;121;3,0
2026-04-07T18:06:07.345;120;3,0
2026-04-07T18:06:08.320;120;2,9
2026-04-07T18:06:09.265;120;2,5
2026-04-07T18:06:10.221;121;2,5
2026-04-07T18:06:11.163;121;2,5
2026-04-07T18:06:12.148;121;2,5
2026-04-07T18:06:13.106;120;2,6
2026-04-07T18:06:15.021;120;2,6
2026-04-07T18:06:15.022;119;2,6
2026-04-07T18:06:15.986;118;2,4
2026-04-07T18:06:17.418;118;2,4
2026-04-07T18:06:18.860;118;2,3
2026-04-07T18:06:19.344;118;1,9
2026-04-07T18:06:20.306;118;1,9
2026-04-07T18:06:21.744;118;1,9
2026-04-07T18:06:22.228;118;1,9
2026-04-07T18:06:23.183;117;2,0
2026-04-07T18:06:24.153;117;2,0
2026-04-07T18:06:25.110;116;1,8
2026-04-07T18:06:26.067;117;1,8
2026-04-07T18:06:27.507;117;1,8
2026-04-07T18:06:27.985;117;1,7
2026-04-07T18:06:29.417;118;1,4
2026-04-07T18:06:31.333;118;1,5
2026-04-07T18:06:31.334;118;1,6
2026-04-07T18:06:32.303;117;1,8
2026-04-07T18:06:34.223;116;2,0
2026-04-07T18:06:34.224;115;2,0
2026-04-07T18:06:36.145;115;2,0
2026-04-07T18:06:36.146;115;2,3
2026-04-07T18:06:37.110;116;2,5
2026-04-07T18:06:38.079;116;2,5
2026-04-07T18:06:39.033;117;2,5
2026-04-07T18:06:39.984;116;2,7
2026-04-07T18:06:41.908;115;3,1
2026-04-07T18:06:42.340;114;3,2
2026-04-07T18:06:43.349;113;3,2
2026-04-07T18:06:44.309;113;3,2
2026-04-07T18:06:45.263;113;3,2
2026-04-07T18:06:46.221;114;3,1
2026-04-07T18:06:47.188;114;3,0
2026-04-07T18:06:49.107;114;3,1
2026-04-07T18:06:49.107;114;3,1
2026-04-07T18:06:50.074;114;3,1
2026-04-07T18:06:51.023;114;3,0
2026-04-07T18:06:52.944;114;2,9
2026-04-07T18:06:53.906;115;3,0
2026-04-07T18:06:54.337;115;3,0
2026-04-07T18:06:55.340;115;2,8
2026-04-07T18:06:56.302;115;2,9
2026-04-07T18:06:57.269;113;3,2
2026-04-07T18:06:58.227;112;3,1
2026-04-07T18:06:59.186;111;3,1
2026-04-07T18:07:00.143;111;3,1
2026-04-07T18:07:01.103;112;3,2
2026-04-07T18:07:02.545;112;3,2
2026-04-07T18:07:03.507;112;3,1
2026-04-07T18:07:04.464;113;3,1
2026-04-07T18:07:05.426;113;2,9
2026-04-07T18:07:06.386;112;2,9
2026-04-07T18:07:07.346;112;3,0
2026-04-07T18:07:08.305;112;2,9
2026-04-07T18:07:09.262;112;2,8
2026-04-07T18:07:10.218;112;2,9
2026-04-07T18:07:11.193;112;2,8
2026-04-07T18:07:12.161;113;2,3
2026-04-07T18:07:13.123;113;1,9
2026-04-07T18:07:14.065;113;2,1
2026-04-07T18:07:15.026;112;3,5
2026-04-07T18:07:15.980;111;3,5
2026-04-07T18:07:17.415;111;3,6
2026-04-07T18:07:18.375;111;3,6
2026-04-07T18:07:19.318;111;3,8
2026-04-07T18:07:20.242;112;4,0
2026-04-07T18:07:21.219;113;4,0
2026-04-07T18:07:23.123;113;3,9
2026-04-07T18:07:23.608;113;3,9
2026-04-07T18:07:24.091;113;4,0
2026-04-07T18:07:25.047;112;4,0
2026-04-07T18:07:26.004;112;3,9
2026-04-07T18:07:26.969;113;3,9
2026-04-07T18:07:28.883;113;4,0
2026-04-07T18:07:29.361;114;4,1
2026-04-07T18:07:30.338;115;4,1
2026-04-07T18:07:31.826;116;3,0
2026-04-07T18:07:32.308;116;2,7
2026-04-07T18:07:33.739;116;2,9
2026-04-07T18:07:34.180;116;2,7
2026-04-07T18:07:35.139;115;2,2
2026-04-07T18:07:36.150;116;2,4
2026-04-07T18:07:37.103;116;2,4
2026-04-07T18:07:38.062;117;2,6
2026-04-07T18:07:39.983;117;2,5
2026-04-07T18:07:39.984;117;2,6
2026-04-07T18:07:41.904;117;3,0
2026-04-07T18:07:42.340;115;3,5
2026-04-07T18:07:43.342;114;3,5
2026-04-07T18:07:44.302;113;3,3
2026-04-07T18:07:45.263;113;3,2
2026-04-07T18:07:46.219;114;3,4
2026-04-07T18:07:47.182;115;3,5
2026-04-07T18:07:48.627;115;3,3
2026-04-07T18:07:49.061;116;3,4
2026-04-07T18:07:50.064;115;3,8
2026-04-07T18:07:51.020;114;4,2
2026-04-07T18:07:52.021;112;4,6
2026-04-07T18:07:53.429;111;4,5
2026-04-07T18:07:54.390;110;4,5
2026-04-07T18:07:55.828;111;4,6
2026-04-07T18:07:56.258;112;4,5
2026-04-07T18:07:57.272;113;4,2
2026-04-07T18:07:58.227;114;4,2
2026-04-07T18:07:59.661;114;4,2
2026-04-07T18:08:00.619;114;4,3
2026-04-07T18:08:01.107;114;4,5
2026-04-07T18:08:02.021;113;4,3
2026-04-07T18:08:04.471;113;4,4
2026-04-07T18:08:04.471;112;4,4
2026-04-07T18:08:05.426;113;4,4
2026-04-07T18:08:06.389;113;3,7
2026-04-07T18:08:07.833;114;3,1
2026-04-07T18:08:08.259;114;3,1
2026-04-07T18:08:09.267;114;3,3
2026-04-07T18:08:10.224;113;3,5
2026-04-07T18:08:11.159;112;3,3
2026-04-07T18:08:12.141;112;3,1
2026-04-07T18:08:13.577;113;3,1
2026-04-07T18:08:14.551;113;3,3
2026-04-07T18:08:14.979;114;3,2
2026-04-07T18:08:16.467;114;2,9
2026-04-07T18:08:17.430;114;2,8
2026-04-07T18:08:18.391;114;2,9
2026-04-07T18:08:19.301;114;2,8
2026-04-07T18:08:20.287;114;2,8
2026-04-07T18:08:21.280;114;2,6
2026-04-07T18:08:22.265;114;2,7
2026-04-07T18:08:23.141;113;3,4
2026-04-07T18:08:24.622;112;3,6
2026-04-07T18:08:25.105;110;3,8
2026-04-07T18:08:27.015;108;4,2
2026-04-07T18:08:27.016;107;4,4
2026-04-07T18:08:27.987;107;4,4
2026-04-07T18:08:29.424;107;4,4
2026-04-07T18:08:30.864;109;4,7
2026-04-07T18:08:31.298;110;4,9
2026-04-07T18:08:32.304;111;5,0
2026-04-07T18:08:33.270;112;5,0
2026-04-07T18:08:34.222;112;5,2
2026-04-07T18:08:35.182;111;5,2
2026-04-07T18:08:36.145;111;5,2
2026-04-07T18:08:37.113;111;5,2
2026-04-07T18:08:39.024;110;5,3
2026-04-07T18:08:39.025;110;4,9
2026-04-07T18:08:39.974;110;4,4
2026-04-07T18:08:41.427;111;4,2
2026-04-07T18:08:42.391;112;4,3
2026-04-07T18:08:43.827;112;4,1
2026-04-07T18:08:44.260;113;3,9
2026-04-07T18:08:45.743;113;3,6
2026-04-07T18:08:46.180;110;7,1
2026-04-07T18:08:47.183;108;7,4
2026-04-07T18:08:49.596;106;7,4
2026-04-07T18:08:49.597;106;7,7
2026-04-07T18:08:50.065;106;7,8
2026-04-07T18:08:51.023;106;7,8
2026-04-07T18:08:51.983;107;7,8
2026-04-07T18:08:53.425;108;7,9
2026-04-07T18:08:54.385;109;7,8
2026-04-07T18:08:55.340;109;7,8
2026-04-07T18:08:56.306;109;7,8
2026-04-07T18:08:57.266;109;7,8
2026-04-07T18:08:58.717;109;7,6
2026-04-07T18:08:59.190;109;7,6
2026-04-07T18:09:00.151;109;7,6
2026-04-07T18:09:01.109;110;7,5
2026-04-07T18:09:02.076;110;4,3
2026-04-07T18:09:03.989;111;3,7
2026-04-07T18:09:03.990;111;3,7
2026-04-07T18:09:05.429;110;3,1
2026-04-07T18:09:06.390;109;3,6
2026-04-07T18:09:07.349;108;3,7
2026-04-07T18:09:08.780;107;3,7
2026-04-07T18:09:09.265;107;3,6
2026-04-07T18:09:10.702;107;3,5
2026-04-07T18:09:11.138;107;3,6
2026-04-07T18:09:12.146;108;3,8
2026-04-07T18:09:14.546;109;3,8
2026-04-07T18:09:14.547;109;3,8
2026-04-07T18:09:14.981;109;4,3
2026-04-07T18:09:16.467;107;4,6
2026-04-07T18:09:17.369;106;5,2
2026-04-07T18:09:18.340;105;5,2
2026-04-07T18:09:19.339;105;5,3
2026-04-07T18:09:20.301;105;5,4
2026-04-07T18:09:21.265;106;5,4
2026-04-07T18:09:22.221;107;4,8
2026-04-07T18:09:23.189;107;4,7
2026-04-07T18:09:24.148;107;4,8
2026-04-07T18:09:25.104;106;4,9
2026-04-07T18:09:26.981;106;4,9
2026-04-07T18:09:27.930;106;4,9
2026-04-07T18:09:27.932;106;4,9
2026-04-07T18:09:29.430;106;4,7
2026-04-07T18:09:30.393;106;4,7
2026-04-07T18:09:31.301;106;4,7
2026-04-07T18:09:32.299;105;4,1
2026-04-07T18:09:33.749;105;3,4
2026-04-07T18:09:34.181;106;3,8
2026-04-07T18:09:35.666;107;3,9
2026-04-07T18:09:36.089;108;3,7
2026-04-07T18:09:37.063;109;3,5
2026-04-07T18:09:39.510;110;3,5
2026-04-07T18:09:39.511;110;3,5
2026-04-07T18:09:39.929;111;3,4
2026-04-07T18:09:41.381;112;3,2
2026-04-07T18:09:42.383;113;3,3
2026-04-07T18:09:43.348;114;3,6
2026-04-07T18:09:44.349;115;3,6
2026-04-07T18:09:46.167;117;3,7
2026-04-07T18:09:46.168;118;3,7
2026-04-07T18:09:47.194;119;3,6
2026-04-07T18:09:48.142;119;3,4
2026-04-07T18:09:49.106;120;3,1
2026-04-07T18:09:50.066;121;2,8
2026-04-07T18:09:51.987;122;2,7
2026-04-07T18:09:51.987;122;2,7
2026-04-07T18:09:53.911;121;2,9
2026-04-07T18:09:54.340;120;3,1
2026-04-07T18:09:55.350;119;2,9
2026-04-07T18:09:56.302;119;2,9
2026-04-07T18:09:57.271;119;2,7
2026-04-07T18:09:58.705;120;2,5
2026-04-07T18:09:59.671;121;2,4
2026-04-07T18:10:00.620;121;2,3
2026-04-07T18:10:01.061;122;2,4
2026-04-07T18:10:02.063;121;2,4
2026-04-07T18:10:03.988;121;2,4
2026-04-07T18:10:03.989;120;2,4
2026-04-07T18:10:08.304;120;2,3
2026-04-07T18:10:08.740;120;2,5
2026-04-07T18:10:09.701;121;2,3
2026-04-07T18:10:09.703;121;2,5
2026-04-07T18:10:10.181;122;2,4
2026-04-07T18:10:10.660;124;2,4
2026-04-07T18:10:11.141;125;2,5
2026-04-07T18:10:12.629;125;2,5
2026-04-07T18:10:13.104;124;3,3
2026-04-07T18:10:14.543;121;4,9
2026-04-07T18:10:14.979;118;4,9
2026-04-07T18:10:16.462;117;4,9
2026-04-07T18:10:17.425;117;4,9
2026-04-07T18:10:18.384;117;5,0
2026-04-07T18:10:19.343;118;5,1
2026-04-07T18:10:20.261;119;5,1
2026-04-07T18:10:21.743;119;5,0
2026-04-07T18:10:22.700;120;5,0
2026-04-07T18:10:23.184;120;4,9
2026-04-07T18:10:24.153;121;4,9
2026-04-07T18:10:25.584;121;4,9
2026-04-07T18:10:28.464;121;4,8
2026-04-07T18:10:28.465;121;4,7
2026-04-07T18:10:28.466;121;3,1
2026-04-07T18:10:30.379;121;2,2
2026-04-07T18:10:30.380;121;2,2
2026-04-07T18:10:31.346;122;2,1
2026-04-07T18:10:32.323;122;2,0
2026-04-07T18:10:33.221;122;1,6
2026-04-07T18:10:34.231;122;1,6
2026-04-07T18:10:37.104;122;1,7
2026-04-07T18:10:37.105;119;4,0
2026-04-07T18:10:37.105;117;4,0
2026-04-07T18:10:39.461;116;4,0
2026-04-07T18:10:39.463;116;4,0
2026-04-07T18:10:39.985;116;4,0
2026-04-07T18:10:41.901;116;3,9
2026-04-07T18:10:42.382;116;4,0
2026-04-07T18:10:44.796;117;4,3
2026-04-07T18:10:46.700;118;4,3
2026-04-07T18:10:47.192;119;4,3
2026-04-07T18:10:47.192;119;4,4
2026-04-07T18:10:47.193;119;4,5
2026-04-07T18:10:48.145;118;4,6
2026-04-07T18:10:49.113;117;5,1
2026-04-07T18:10:50.094;116;5,0
2026-04-07T18:10:51.512;115;3,4
2026-04-07T18:10:51.985;114;3,4
2026-04-07T18:10:53.429;114;3,4
2026-04-07T18:10:54.874;115;3,5
2026-04-07T18:10:55.299;116;4,1
2026-04-07T18:10:56.312;119;5,1
2026-04-07T18:10:58.228;121;5,1
2026-04-07T18:10:58.661;122;4,8
2026-04-07T18:11:01.583;122;4,7
2026-04-07T18:11:01.583;122;5,0
2026-04-07T18:11:01.584;121;4,9
2026-04-07T18:11:02.022;122;4,7
2026-04-07T18:11:03.025;122;4,5
2026-04-07T18:11:03.983;124;4,8
2026-04-07T18:11:06.391;125;4,8
2026-04-07T18:11:06.392;126;4,9
2026-04-07T18:11:10.664;127;5,4
2026-04-07T18:11:11.140;128;5,3
2026-04-07T18:11:11.143;132;5,3
2026-04-07T18:11:11.145;135;4,7
2026-04-07T18:11:11.147;138;4,7
2026-04-07T18:11:13.064;140;4,8
2026-04-07T18:11:13.068;142;4,6
2026-04-07T18:11:14.075;144;4,6
2026-04-07T18:11:14.996;145;4,6
2026-04-07T18:11:16.944;144;4,4
2026-04-07T18:11:17.440;144;4,5
2026-04-07T18:11:18.389;144;4,3
2026-04-07T18:11:19.351;145;4,2
2026-04-07T18:11:20.305;146;3,4
2026-04-07T18:11:21.262;146;3,4
2026-04-07T18:11:22.218;147;2,2
2026-04-07T18:11:23.185;147;2,4
2026-04-07T18:11:24.623;148;2,3
2026-04-07T18:11:25.060;149;2,3
2026-04-07T18:11:26.060;149;2,2
2026-04-07T18:11:27.989;150;2,1
2026-04-07T18:11:28.937;151;2,2
2026-04-07T18:11:29.428;151;2,1
2026-04-07T18:11:30.382;152;1,7
2026-04-07T18:11:31.341;153;1,7
2026-04-07T18:11:33.746;153;1,7
2026-04-07T18:11:33.747;154;1,7
2026-04-07T18:11:34.181;154;1,6
2026-04-07T18:11:35.186;155;1,8
2026-04-07T18:11:36.628;157;1,8
2026-04-07T18:11:38.070;157;1,8
2026-04-07T18:11:38.500;157;1,8
2026-04-07T18:11:39.027;157;1,8
2026-04-07T18:11:40.944;158;1,7
2026-04-07T18:11:43.831;158;1,5
2026-04-07T18:11:44.259;158;3,9
2026-04-07T18:11:44.791;158;3,9
2026-04-07T18:11:45.755;159;4,1
2026-04-07T18:11:45.757;159;4,1
2026-04-07T18:11:46.229;159;4,2
2026-04-07T18:11:47.676;158;4,1
2026-04-07T18:11:48.627;158;4,0
2026-04-07T18:11:49.099;158;4,0
2026-04-07T18:11:50.063;158;3,9
2026-04-07T18:11:51.025;158;3,9
2026-04-07T18:11:51.984;158;3,9
2026-04-07T18:11:53.424;158;3,9
2026-04-07T18:11:54.332;158;1,6
2026-04-07T18:11:55.825;158;1,7
2026-04-07T18:11:58.171;158;0,8
2026-04-07T18:12:03.930;158;0,8
2026-04-07T18:12:03.933;158;0,8
2026-04-07T18:12:04.901;158;0,8
2026-04-07T18:12:05.368;158;0,8
2026-04-07T18:12:05.370;158;0,8
2026-04-07T18:12:05.372;158;0,8
2026-04-07T18:12:05.374;158;0,8
2026-04-07T18:12:05.377;158;0,9
2026-04-07T18:12:05.379;158;0,9
2026-04-07T18:12:06.341;158;0,8
2026-04-07T18:12:07.282;158;0,8
2026-04-07T18:12:08.297;158;0,9
2026-04-07T18:12:09.263;158;1,0
2026-04-07T18:12:10.228;158;0,8
2026-04-07T18:12:11.189;159;0,8
2026-04-07T18:12:12.085;159;0,9
2026-04-07T18:12:14.075;160;20,4
2026-04-07T18:12:14.075;159;20,6
2026-04-07T18:12:15.027;158;20,8
2026-04-07T18:12:16.405;157;29,0
2026-04-07T18:12:17.382;158;29,0
2026-04-07T18:12:18.324;159;29,0
2026-04-07T18:12:19.283;160;29,0
2026-04-07T18:12:20.249;160;29,1
2026-04-07T18:12:22.166;160;36,7
2026-04-07T18:12:22.169;161;37,2
2026-04-07T18:12:23.132;161;40,8
2026-04-07T18:12:24.102;162;40,9
2026-04-07T18:12:25.051;162;35,4
2026-04-07T18:12:26.016;162;35,3
2026-04-07T18:12:26.970;163;28,8
2026-04-07T18:12:27.928;163;28,8
2026-04-07T18:12:29.369;163;28,8
2026-04-07T18:12:30.331;163;28,8
2026-04-07T18:12:31.303;163;28,8
2026-04-07T18:12:32.250;162;18,0
2026-04-07T18:12:33.701;162;17,0
2026-04-07T18:12:34.227;163;1,9
2026-04-07T18:12:35.603;163;0,9
2026-04-07T18:12:36.085;163;1,2
2026-04-07T18:12:39.033;163;1,3
2026-04-07T18:12:39.034;163;1,3
2026-04-07T18:12:39.035;163;1,3
2026-04-07T18:12:40.463;163;1,2
2026-04-07T18:12:41.425;163;1,3
2026-04-07T18:12:43.828;163;1,3
2026-04-07T18:12:45.206;164;1,3
2026-04-07T18:12:46.703;164;1,4
2026-04-07T18:12:46.704;165;67,0
2026-04-07T18:12:47.142;165;95,1
2026-04-07T18:12:47.144;165;95,1
2026-04-07T18:12:48.138;164;95,1
2026-04-07T18:12:49.071;164;95,1
2026-04-07T18:12:51.027;164;95,1
2026-04-07T18:12:51.028;164;95,1
2026-04-07T18:12:51.985;164;95,1
2026-04-07T18:12:53.431;163;95,1
2026-04-07T18:12:54.343;163;95,1
2026-04-07T18:12:55.832;164;95,1
2026-04-07T18:12:57.261;164;1,1
2026-04-07T18:12:59.185;164;1,0
2026-04-07T18:12:59.185;164;0,9
2026-04-07T18:12:59.186;165;0,9
2026-04-07T18:13:00.628;165;0,9
2026-04-07T18:13:01.590;166;0,9
2026-04-07T18:13:02.022;166;1,2
2026-04-07T18:13:03.026;166;1,1
2026-04-07T18:13:04.944;166;1,1
2026-04-07T18:13:05.384;166;1,2
2026-04-07T18:13:06.388;167;1,1
2026-04-07T18:13:07.303;167;1,1
2026-04-07T18:13:08.261;166;1,1
2026-04-07T18:13:09.745;166;1,7
2026-04-07T18:13:11.666;167;3,7
2026-04-07T18:13:11.667;167;3,7
2026-04-07T18:13:12.151;167;3,7
2026-04-07T18:13:13.105;167;3,6
2026-04-07T18:13:15.023;167;3,6
2026-04-07T18:13:15.023;167;3,6
2026-04-07T18:13:17.423;167;3,6
2026-04-07T18:13:19.344;167;3,6
2026-04-07T18:13:19.345;167;3,6
2026-04-07T18:13:19.346;167;3,4
2026-04-07T18:13:20.783;167;0,6
2026-04-07T18:13:21.268;167;0,6
2026-04-07T18:13:23.663;167;0,6
2026-04-07T18:13:24.143;167;0,6
2026-04-07T18:13:24.583;167;0,7
2026-04-07T18:13:25.108;167;0,7
2026-04-07T18:13:27.036;168;0,8
2026-04-07T18:13:27.036;168;0,8
2026-04-07T18:13:30.879;168;1,0
2026-04-07T18:13:30.880;168;1,0
2026-04-07T18:13:30.880;168;1,0
2026-04-07T18:13:31.833;168;1,0
2026-04-07T18:13:32.263;168;1,0
2026-04-07T18:13:33.751;168;1,0
2026-04-07T18:13:35.183;168;1,0
2026-04-07T18:13:35.184;168;1,0
2026-04-07T18:13:36.153;168;1,0
2026-04-07T18:13:38.070;168;1,0
2026-04-07T18:13:38.071;168;1,1
2026-04-07T18:13:40.472;168;1,5
2026-04-07T18:13:40.473;168;1,7
2026-04-07T18:13:43.348;168;1,7
2026-04-07T18:13:43.827;168;1,7
2026-04-07T18:13:43.828;168;1,9
2026-04-07T18:13:44.264;168;1,9
2026-04-07T18:13:46.713;168;1,9
2026-04-07T18:13:46.714;168;1,9
2026-04-07T18:13:47.143;168;2,0
2026-04-07T18:13:49.109;168;2,0
2026-04-07T18:13:49.110;168;2,0
2026-04-07T18:13:50.549;168;2,0
2026-04-07T18:13:51.040;168;1,7
2026-04-07T18:13:51.988;168;1,6
2026-04-07T18:13:53.431;168;1,3
2026-04-07T18:13:54.399;168;1,3
2026-04-07T18:13:55.347;169;1,1
2026-04-07T18:13:56.309;168;1,0
2026-04-07T18:13:57.270;169;1,0
2026-04-07T18:13:58.232;169;0,9
2026-04-07T18:13:59.145;168;0,7
2026-04-07T18:14:00.152;168;0,6
2026-04-07T18:14:01.064;168;0,6
2026-04-07T18:14:02.093;168;0,5
2026-04-07T18:14:03.462;168;0,5
2026-04-07T18:14:03.962;167;0,6
2026-04-07T18:14:05.382;167;0,6
2026-04-07T18:14:06.823;167;0,6
2026-04-07T18:14:07.303;167;0,7
2026-04-07T18:14:08.743;167;0,7
2026-04-07T18:14:09.223;167;0,6
2026-04-07T18:14:11.143;167;0,7
2026-04-07T18:14:11.146;167;0,7
2026-04-07T18:14:12.104;167;0,7
2026-04-07T18:14:13.053;167;0,7
2026-04-07T18:14:14.096;167;0,7
2026-04-07T18:14:14.982;167;0,7
2026-04-07T18:14:15.944;167;0,6
2026-04-07T18:14:17.377;167;0,6
2026-04-07T18:14:19.304;167;0,6
2026-04-07T18:14:19.307;167;0,6
2026-04-07T18:14:20.265;166;0,6
2026-04-07T18:14:21.702;166;0,8
2026-04-07T18:14:22.184;166;0,9
2026-04-07T18:14:23.143;165;0,9
2026-04-07T18:14:26.014;165;1,0
2026-04-07T18:14:26.017;164;1,0
2026-04-07T18:14:26.019;164;1,0
2026-04-07T18:14:27.002;163;1,0
2026-04-07T18:14:27.945;163;1,0
2026-04-07T18:14:29.384;163;1,0
2026-04-07T18:14:32.264;162;1,0
2026-04-07T18:14:32.267;162;1,0
2026-04-07T18:14:32.270;161;0,9
2026-04-07T18:14:33.223;161;1,0
2026-04-07T18:14:34.184;160;1,0
2026-04-07T18:14:35.145;159;0,9
2026-04-07T18:14:36.103;159;1,0
2026-04-07T18:14:37.063;158;1,2
2026-04-07T18:14:38.023;157;1,2
2026-04-07T18:14:38.985;156;1,2
2026-04-07T18:14:39.944;155;1,3
2026-04-07T18:14:41.384;154;1,3
2026-04-07T18:14:42.345;154;1,4
2026-04-07T18:14:43.304;153;1,3
2026-04-07T18:14:44.263;152;1,3
2026-04-07T18:14:45.224;152;1,3
2026-04-07T18:14:46.184;150;1,4
2026-04-07T18:14:47.143;150;1,5
2026-04-07T18:14:49.543;149;1,7
2026-04-07T18:14:49.546;148;1,6
2026-04-07T18:14:50.023;148;1,6
2026-04-07T18:14:50.984;147;1,5
2026-04-07T18:14:51.944;146;1,6
2026-04-07T18:14:53.427;145;1,6
2026-04-07T18:14:54.387;145;1,6
2026-04-07T18:14:55.350;145;1,6
2026-04-07T18:14:56.318;145;1,6
2026-04-07T18:14:57.256;144;1,6
2026-04-07T18:14:58.230;144;1,6
2026-04-07T18:14:59.181;142;1,8
2026-04-07T18:15:00.150;142;1,6
2026-04-07T18:15:01.104;141;1,5
2026-04-07T18:15:03.039;140;1,5
2026-04-07T18:15:03.040;140;1,4
2026-04-07T18:15:03.993;140;1,3
2026-04-07T18:15:05.434;140;1,3
2026-04-07T18:15:06.391;139;1,4
2026-04-07T18:15:07.304;139;1,4
2026-04-07T18:15:08.308;138;1,4
2026-04-07T18:15:09.266;138;1,4
2026-04-07T18:15:10.225;138;1,4
2026-04-07T18:15:12.154;137;1,3
2026-04-07T18:15:12.155;137;1,3
2026-04-07T18:15:13.111;137;1,6
2026-04-07T18:15:14.546;136;1,6
2026-04-07T18:15:14.981;136;1,6
2026-04-07T18:15:15.980;136;1,6
2026-04-07T18:15:17.425;136;1,6
2026-04-07T18:15:18.388;136;1,6
2026-04-07T18:15:19.348;137;1,5
2026-04-07T18:15:20.305;138;1,5
2026-04-07T18:15:21.266;138;1,6
2026-04-07T18:15:22.186;139;1,6
2026-04-07T18:15:23.199;139;1,6
2026-04-07T18:15:24.110;139;1,6
2026-04-07T18:15:25.141;139;1,4
2026-04-07T18:15:26.050;138;1,1
2026-04-07T18:15:26.983;138;1,1
2026-04-07T18:15:28.950;139;1,2
2026-04-07T18:15:29.442;140;1,7
2026-04-07T18:15:30.396;141;1,7
2026-04-07T18:15:31.357;142;1,7
2026-04-07T18:15:32.310;144;2,0
2026-04-07T18:15:33.265;145;2,0
2026-04-07T18:15:34.227;146;1,9
2026-04-07T18:15:35.189;147;2,1
2026-04-07T18:15:36.146;148;2,1
2026-04-07T18:15:37.114;148;2,1
2026-04-07T18:15:38.555;149;2,1
2026-04-07T18:15:38.984;150;2,2
2026-04-07T18:15:40.000;151;2,2
2026-04-07T18:15:41.432;151;2,0
2026-04-07T18:15:42.385;152;1,8
2026-04-07T18:15:43.830;152;1,9
2026-04-07T18:15:44.261;153;1,6
2026-04-07T18:15:45.267;154;1,6
2026-04-07T18:15:46.234;155;1,6
2026-04-07T18:15:47.662;154;1,4
2026-04-07T18:15:48.627;155;1,4
2026-04-07T18:15:49.104;156;1,3
2026-04-07T18:15:50.075;156;1,3
2026-04-07T18:15:50.985;156;1,8
2026-04-07T18:15:52.427;157;2,2
2026-04-07T18:15:54.345;158;2,4
2026-04-07T18:15:54.348;158;2,3
2026-04-07T18:15:55.806;158;2,4
2026-04-07T18:15:56.264;159;2,3
2026-04-07T18:15:57.220;159
2026-04-07T18:15:59.177;161;30,7
2026-04-07T18:15:59.177;161;44,1
2026-04-07T18:16:00.105;162;44,1
2026-04-07T18:16:01.052;162;44,1
2026-04-07T18:16:02.012;161;44,1
2026-04-07T18:16:03.930;162;44,1
2026-04-07T18:16:04.409;162;44,1
2026-04-07T18:16:05.366;162;44,1
2026-04-07T18:16:06.325;162;44,1
2026-04-07T18:16:07.767;162;44,1
2026-04-07T18:16:08.727;162;44,1
2026-04-07T18:16:09.209;162;31,7
2026-04-07T18:16:10.171;162;2,2
2026-04-07T18:16:11.127;162;1,7
2026-04-07T18:16:12.087;162;1,4
2026-04-07T18:16:14.052;163;1,3
2026-04-07T18:16:14.054;163;1,5
2026-04-07T18:16:16.035;163;1,4
2026-04-07T18:16:16.422;163;1,3
2026-04-07T18:16:17.375;163;1,3
2026-04-07T18:16:18.386;164;1,4
2026-04-07T18:16:19.343;164;1,4
2026-04-07T18:16:20.311;165;1,5
2026-04-07T18:16:21.268;165;1,8
2026-04-07T18:16:22.212;165;1,8
2026-04-07T18:16:23.130;165;2,0
2026-04-07T18:16:24.579;165;2,0
2026-04-07T18:16:25.098;164;2,1
2026-04-07T18:16:26.489;165;1,9
2026-04-07T18:16:26.968;165;1,8
2026-04-07T18:16:27.924;165;1,8
2026-04-07T18:16:29.366;165;1,7
2026-04-07T18:16:30.326;165;1,8
2026-04-07T18:16:31.285;165;1,8
2026-04-07T18:16:32.247;165;1,7
2026-04-07T18:16:33.691;165;1,4
2026-04-07T18:16:34.173;164;1,3
2026-04-07T18:16:35.161;164;1,3
2026-04-07T18:16:37.104;164;1,0
2026-04-07T18:16:37.105;164;1,0
2026-04-07T18:16:39.028;164;1,2
2026-04-07T18:16:39.028;163;1,2
2026-04-07T18:16:40.423;163;1,2
2026-04-07T18:16:41.430;163;1,2
2026-04-07T18:16:42.396;163;1,3
2026-04-07T18:16:43.353;163;1,2
2026-04-07T18:16:45.746;162;1,1
2026-04-07T18:16:45.747;162;1,2
2026-04-07T18:16:46.647;162;1,2
2026-04-07T18:16:48.156;162;1,2
2026-04-07T18:16:48.584;161;1,0
2026-04-07T18:16:49.104;161;0,9
2026-04-07T18:16:50.072;160;0,9
2026-04-07T18:16:51.031;160;0,9
2026-04-07T18:16:51.989;159;0,8
2026-04-07T18:16:53.427;158;0,8
2026-04-07T18:16:54.389;158;0,8
2026-04-07T18:16:55.348;157;0,9
2026-04-07T18:16:56.310;156;0,9
2026-04-07T18:16:57.271;155;0,9
2026-04-07T18:16:58.234;154;0,9
2026-04-07T18:16:59.144;154;1,0
2026-04-07T18:17:00.579;153;1,1
2026-04-07T18:17:01.592;152;1,0
2026-04-07T18:17:02.023;152;1,0
2026-04-07T18:17:03.029;151;1,1
2026-04-07T18:17:03.990;150;1,1
2026-04-07T18:17:05.426;150;1,1
2026-04-07T18:17:06.392;150;1,1
2026-04-07T18:17:08.309;149;1,0
2026-04-07T18:17:08.310;149;1,0
2026-04-07T18:17:09.267;148;1,0
2026-04-07T18:17:10.227;148;1,0
2026-04-07T18:17:11.195;148;0,9
2026-04-07T18:17:12.149;148;0,9
2026-04-07T18:17:13.110;147;0,9
2026-04-07T18:17:15.989;147;0,9
2026-04-07T18:17:15.990;146;1,0
2026-04-07T18:17:15.991;145;1,0
2026-04-07T18:17:17.905;144;1,0
2026-04-07T18:17:18.342;144;1,3
2026-04-07T18:17:19.833;143;1,6
2026-04-07T18:17:20.316;143;1,6
2026-04-07T18:17:21.278;142;1,6
2026-04-07T18:17:22.232;141;1,8
2026-04-07T18:17:24.629;141;1,8
2026-04-07T18:17:24.629;139;2,1
2026-04-07T18:17:25.585;137;2,1
2026-04-07T18:17:27.019;137;2,1
2026-04-07T18:17:27.020;136;2,1
2026-04-07T18:17:28.948;135;2,1
2026-04-07T18:17:29.383;135;2,1
2026-04-07T18:17:30.391;134;2,1
2026-04-07T18:17:31.836;134;1,8
2026-04-07T18:17:33.275;133;1,7
2026-04-07T18:17:33.276;133;1,8
2026-04-07T18:17:34.713;132;1,8
2026-04-07T18:17:35.666;132;1,7
2026-04-07T18:17:37.107;131;1,8
2026-04-07T18:17:37.107;131;1,5
2026-04-07T18:17:39.988;130;1,6
2026-04-07T18:17:39.988;130;1,6
2026-04-07T18:17:39.989;129;1,6
2026-04-07T18:17:41.912;129;1,7
2026-04-07T18:17:42.387;128;1,6
2026-04-07T18:17:43.858;128;1,6
2026-04-07T18:17:44.264;127;1,6
2026-04-07T18:17:45.280;127;1,6
2026-04-07T18:17:46.180;126;1,6
2026-04-07T18:17:47.128;126;1,5
2026-04-07T18:17:48.101;125;1,6
2026-04-07T18:17:49.531;124;1,7
2026-04-07T18:17:50.011;124;1,5
2026-04-07T18:17:52.903;123;1,5
2026-04-07T18:17:53.862;123;1,3
2026-04-07T18:17:53.862;123;1,3
2026-04-07T18:17:54.341;123;1,4
2026-04-07T18:17:55.784;123;1,3
2026-04-07T18:17:56.264;123;1,4
2026-04-07T18:17:57.225;122;1,9
2026-04-07T18:17:58.185;122;2,0
2026-04-07T18:17:59.145;122;2,0
2026-04-07T18:18:00.584;121;2,1
2026-04-07T18:18:01.065;121;2,1
2026-04-07T18:18:02.024;121;2,0
2026-04-07T18:18:02.985;121;2,4
2026-04-07T18:18:03.944;120;2,3
2026-04-07T18:18:05.374;120;2,4
2026-04-07T18:18:06.346;120;2,4
2026-04-07T18:18:07.305;119;2,5
2026-04-07T18:18:08.253;119;2,5
2026-04-07T18:18:09.212;119;2,7
2026-04-07T18:18:10.185;120;2,6
2026-04-07T18:18:12.105;119;2,7
2026-04-07T18:18:13.545;119;2,6
2026-04-07T18:18:14.024;118;2,5
2026-04-07T18:18:14.026;117;2,5
2026-04-07T18:18:15.463;117;2,5
2026-04-07T18:18:16.903;117;2,5
2026-04-07T18:18:17.424;117;2,5
2026-04-07T18:18:18.382;117;2,2
2026-04-07T18:18:19.826;117;2,3
2026-04-07T18:18:20.798;118;2,3
2026-04-07T18:18:21.222;118;2,2
2026-04-07T18:18:22.230;118;2,2
2026-04-07T18:18:23.188;118;2,2
2026-04-07T18:18:24.631;118;1,9
2026-04-07T18:18:25.064;118;1,9
2026-04-07T18:18:27.026;119;1,5
2026-04-07T18:18:27.027;119;1,8
2026-04-07T18:18:27.945;120;1,9
2026-04-07T18:18:29.385;121;2,0
2026-04-07T18:18:30.383;121;2,0
2026-04-07T18:18:31.346;121;2,0
2026-04-07T18:18:32.304;121;1,9
2026-04-07T18:18:33.265;121;1,9
2026-04-07T18:18:34.221;121;1,6
2026-04-07T18:18:35.186;122;1,8
2026-04-07T18:18:36.154;122;2,2
2026-04-07T18:18:37.120;122;2,5
2026-04-07T18:18:39.511;122;2,6
2026-04-07T18:18:39.512;121;2,8
2026-04-07T18:18:39.993;120;2,8
2026-04-07T18:18:41.428;119;3,0
2026-04-07T18:18:42.397;118;2,8
2026-04-07T18:18:43.359;118;2,7
2026-04-07T18:18:44.311;118;2,7
2026-04-07T18:18:45.271;118;2,9
2026-04-07T18:18:46.231;119;2,9
2026-04-07T18:18:47.190;119;2,9
2026-04-07T18:18:49.110;120;2,9
2026-04-07T18:18:49.111;120;2,9
2026-04-07T18:18:50.071;119;3,0
2026-04-07T18:18:51.026;119;3,2
2026-04-07T18:18:52.954;118;2,9
2026-04-07T18:18:53.927;117;2,9
2026-04-07T18:18:54.345;116;2,7
2026-04-07T18:18:55.354;116;2,6
2026-04-07T18:18:56.332;116;2,5
2026-04-07T18:18:57.280;116;2,5
2026-04-07T18:18:58.238;116;2,5
2026-04-07T18:18:59.683;116;2,5
2026-04-07T18:19:02.559;116;2,5
2026-04-07T18:19:02.560;115;2,6
2026-04-07T18:19:02.561;115;2,6
2026-04-07T18:19:03.518;114;2,6
2026-04-07T18:19:03.944;114;2,6
2026-04-07T18:19:05.428;114;2,2
2026-04-07T18:19:06.388;114;1,8
2026-04-07T18:19:07.352;114;1,8
2026-04-07T18:19:08.310;114;2,1
2026-04-07T18:19:09.272;113;2,1
2026-04-07T18:19:10.169;113;2,8
2026-04-07T18:19:11.144;113;3,3
2026-04-07T18:19:12.145;113;3,7
2026-04-07T18:19:13.589;112;4,1
2026-04-07T18:19:14.025;112;4,1
2026-04-07T18:19:14.969;112;4,0
2026-04-07T18:19:15.990;113;4,0
2026-04-07T18:19:17.367;113;4,0
2026-04-07T18:19:18.328;113;4,1
2026-04-07T18:19:19.304;113;4,1
2026-04-07T18:19:20.266;112;4,2
2026-04-07T18:19:21.224;112;4,3
2026-04-07T18:19:22.665;111;4,2
2026-04-07T18:19:23.138;111;4,3
2026-04-07T18:19:24.106;112;4,2
2026-04-07T18:19:25.065;112;4,1
2026-04-07T18:19:26.024;112;3,7
2026-04-07T18:19:26.980;112;2,8
2026-04-07T18:19:27.934;112;2,3
2026-04-07T18:19:29.386;112;2,1
2026-04-07T18:19:30.345;112;2,1
2026-04-07T18:19:31.305;112;2,1
2026-04-07T18:19:32.265;112;2,1
2026-04-07T18:19:33.225;112;2,1
2026-04-07T18:19:34.182;112;1,9
2026-04-07T18:19:36.106;112;1,9
2026-04-07T18:19:36.108;112;1,6
2026-04-07T18:19:37.066;112;1,5
2026-04-07T18:19:38.025;112;1,6
2026-04-07T18:19:38.985;112;1,3
2026-04-07T18:19:39.944;112;1,3
2026-04-07T18:19:41.387;112;1,3
2026-04-07T18:19:42.345;112;1,3
2026-04-07T18:19:43.306;112;1,4
2026-04-07T18:19:44.266;112;1,4
2026-04-07T18:19:45.226;112;1,5
2026-04-07T18:19:46.184;112;1,1
2026-04-07T18:19:47.147;112;1,1
2026-04-07T18:19:48.105;113;1,2
2026-04-07T18:19:49.066;113;1,2
2026-04-07T18:19:50.025;113;1,2
2026-04-07T18:19:50.974;113;1,2
2026-04-07T18:19:51.946;113;1,2
2026-04-07T18:19:53.867;112;1,2
2026-04-07T18:19:54.346;112;1,2
2026-04-07T18:19:56.259;113;1,4
2026-04-07T18:19:56.262;113;1,4
2026-04-07T18:19:57.225;114;1,6
2026-04-07T18:19:58.665;115;1,7
2026-04-07T18:19:59.144;115;1,7
2026-04-07T18:20:00.104;115;1,6
2026-04-07T18:20:01.065;115;2,0
2026-04-07T18:20:02.026;115;2,0
2026-04-07T18:20:02.986;114;2,2
2026-04-07T18:20:04.425;113;2,2
2026-04-07T18:20:05.379;113;2,3
2026-04-07T18:20:06.346;112;2,3
2026-04-07T18:20:07.305;112;2,3
2026-04-07T18:20:08.264;112;2,3
2026-04-07T18:20:09.224;113;2,4
2026-04-07T18:20:10.182;113;2,4
2026-04-07T18:20:11.145;112;2,4
2026-04-07T18:20:12.110;112;2,7
2026-04-07T18:20:13.065;111;2,7
2026-04-07T18:20:14.025;110;2,7
2026-04-07T18:20:14.985;109;2,7
2026-04-07T18:20:17.384;109;2,7
2026-04-07T18:20:17.387;109;2,5
2026-04-07T18:20:18.345;109;2,5
2026-04-07T18:20:19.305;109;2,3
2026-04-07T18:20:20.265;110;2,7
2026-04-07T18:20:21.224;110;2,5
2026-04-07T18:20:22.183;110;2,6
2026-04-07T18:20:23.144;110;2,7
2026-04-07T18:20:24.107;109;2,6
2026-04-07T18:20:25.066;109;2,6
2026-04-07T18:20:26.026;109;2,6
2026-04-07T18:20:26.986;109;2,9
2026-04-07T18:20:27.947;109;2,7
2026-04-07T18:20:29.385;109;2,5
2026-04-07T18:20:30.344;109;2,4
2026-04-07T18:20:31.306;109;2,5
2026-04-07T18:20:32.262;108;2,6
2026-04-07T18:20:33.224;108;2,7
2026-04-07T18:20:34.183;107;2,7
2026-04-07T18:20:35.144;107;2,6
2026-04-07T18:20:36.105;107;2,3
2026-04-07T18:20:37.065;107;2,4
2026-04-07T18:20:38.987;108;2,3
2026-04-07T18:20:38.988;108;2,2
2026-04-07T18:20:39.945;108;2,1
2026-04-07T18:20:41.387;108;2,2
2026-04-07T18:20:42.346;107;2,2
2026-04-07T18:20:43.304;107;1,6
2026-04-07T18:20:44.265;107;1,6
2026-04-07T18:20:45.226;107;1,7
2026-04-07T18:20:46.183;107;1,7
2026-04-07T18:20:47.143;107;1,7
2026-04-07T18:20:48.105;108;1,8
2026-04-07T18:20:49.065;108;1,8
2026-04-07T18:20:50.027;108;1,8
2026-04-07T18:20:50.982;108;1,8
2026-04-07T18:20:51.946;108;1,8
2026-04-07T18:20:53.386;108;1,8
2026-04-07T18:20:54.345;108;1,9
2026-04-07T18:20:55.306;109;1,8
2026-04-07T18:20:56.266;108;1,9
2026-04-07T18:20:57.224;108;1,9
2026-04-07T18:20:58.183;108;1,9
2026-04-07T18:20:59.144;108;1,9
2026-04-07T18:21:00.110;108;1,9
2026-04-07T18:21:01.065;108;1,9
2026-04-07T18:21:02.026;109;2,0
2026-04-07T18:21:02.986;109;2,0
2026-04-07T18:21:03.947;108;1,8
2026-04-07T18:21:05.384;108;1,8
2026-04-07T18:21:06.345;108;2,0
2026-04-07T18:21:07.787;108;2,1
2026-04-07T18:21:08.265;108;2,3
2026-04-07T18:21:09.225;108;2,2
2026-04-07T18:21:10.183;108;2,3
2026-04-07T18:21:11.144;108;2,3
2026-04-07T18:21:12.107;108;2,2
2026-04-07T18:21:14.025;108;2,3
2026-04-07T18:21:14.028;107;2,5
2026-04-07T18:21:14.984;107;2,5
2026-04-07T18:21:15.945;107;2,5
2026-04-07T18:21:17.385;107;2,4
2026-04-07T18:21:18.346;107;2,4
2026-04-07T18:21:19.290;107;2,4
2026-04-07T18:21:20.265;107;2,3
2026-04-07T18:21:21.208;107;2,2
2026-04-07T18:21:22.175;107;2,1
2026-04-07T18:21:23.144;107;2,1
2026-04-07T18:21:24.106;106;1,8
2026-04-07T18:21:25.066;106;1,9
2026-04-07T18:21:26.026;106;1,9
2026-04-07T18:21:26.980;106;1,9
2026-04-07T18:21:28.425;106;1,9
2026-04-07T18:21:29.386;106;1,8
2026-04-07T18:21:30.346;107;1,5
2026-04-07T18:21:31.305;107;1,5
2026-04-07T18:21:32.265;106;1,5
2026-04-07T18:21:33.225;106;1,7
2026-04-07T18:21:34.183;105;1,8
2026-04-07T18:21:35.144;105;1,8
2026-04-07T18:21:36.104;105;2,0
2026-04-07T18:21:37.066;104;2,0
2026-04-07T18:21:38.026;104;2,2
2026-04-07T18:21:38.985;104;2,2
2026-04-07T18:21:39.946;103;2,7
2026-04-07T18:21:41.386;102;2,7
2026-04-07T18:21:42.345;101;2,7
2026-04-07T18:21:43.306;101;2,7
2026-04-07T18:21:44.745;101;2,9
2026-04-07T18:21:45.226;101;2,9
2026-04-07T18:21:46.182;102;3,0
2026-04-07T18:21:48.094;103;3,1
2026-04-07T18:21:48.096;103;3,3
2026-04-07T18:21:49.066;104;3,3
2026-04-07T18:21:50.025;105;3,2
2026-04-07T18:21:50.987;105;3,4
2026-04-07T18:21:52.426;106;3,4
2026-04-07T18:21:54.347;106;3,5
2026-04-07T18:21:54.348;106;3,5
2026-04-07T18:21:55.788;105;3,5
2026-04-07T18:21:56.266;104;3,9
2026-04-07T18:21:57.224;104;3,6
2026-04-07T18:21:58.184;103;3,8
2026-04-07T18:21:59.146;102;3,9
2026-04-07T18:22:00.105;101;4,0
2026-04-07T18:22:01.067;102;3,9
2026-04-07T18:22:02.026;102;4,2
2026-04-07T18:22:03.947;103;4,1
2026-04-07T18:22:03.948;103;4,1
2026-04-07T18:22:05.388;103;4,0
2026-04-07T18:22:06.347;104;4,0
2026-04-07T18:22:07.786;104;3,9
2026-04-07T18:22:08.264;104;3,9
2026-04-07T18:22:09.706;105;3,8
2026-04-07T18:22:10.184;104;3,7
2026-04-07T18:22:11.145;104;4,6
2026-04-07T18:22:13.546;102;4,5
2026-04-07T18:22:13.548;102;4,1
2026-04-07T18:22:14.025;101;4,1
2026-04-07T18:22:14.987;102;4,3
2026-04-07T18:22:16.906;102;4,3
2026-04-07T18:22:16.908;104;4,4
2026-04-07T18:22:18.347;104;4,1
2026-04-07T18:22:19.351;105;4,1
2026-04-07T18:22:20.319;105;4,0
2026-04-07T18:22:21.259;105;4,0
2026-04-07T18:22:22.231;105;4,2
2026-04-07T18:22:23.187;104;4,2
2026-04-07T18:22:24.146;104;4,1
2026-04-07T18:22:25.144;105;4,3
2026-04-07T18:22:26.027;106;4,4
2026-04-07T18:22:27.035;106;4,5
2026-04-07T18:22:27.988;107;3,5
2026-04-07T18:22:30.396;108;3,5
2026-04-07T18:22:30.396;108;3,7
2026-04-07T18:22:31.349;107;3,8
2026-04-07T18:22:33.745;106;3,7
2026-04-07T18:22:33.746;105;3,4
2026-04-07T18:22:34.711;105;3,3
2026-04-07T18:22:36.625;104;3,3
2026-04-07T18:22:36.626;104;3,4
2026-04-07T18:22:37.115;104;3,5
2026-04-07T18:22:38.071;105;3,3
2026-04-07T18:22:39.521;104;3,3
2026-04-07T18:22:40.476;104;3,3
2026-04-07T18:22:40.906;104;3,3
2026-04-07T18:22:42.395;103;3,3
2026-04-07T18:22:43.360;103;3,1
2026-04-07T18:22:44.265;103;3,0
2026-04-07T18:22:45.750;104;3,1
2026-04-07T18:22:46.231;104;3,1
2026-04-07T18:22:47.187;104;2,9
2026-04-07T18:22:48.149;104;2,7
2026-04-07T18:22:49.105;104;2,2
2026-04-07T18:22:50.076;104;2,1
2026-04-07T18:22:51.031;104;2,3
2026-04-07T18:22:51.994;103;2,4
2026-04-07T18:22:53.912;103;2,3
2026-04-07T18:22:54.387;103;2,3
2026-04-07T18:22:55.355;103;2,3
2026-04-07T18:22:56.314;104;2,7
2026-04-07T18:22:57.268;104;2,7
2026-04-07T18:22:58.232;105;2,5
2026-04-07T18:22:59.679;103;4,4
2026-04-07T18:23:00.156;103;4,4
2026-04-07T18:23:01.118;102;4,3
2026-04-07T18:23:02.089;101;4,4
2026-04-07T18:23:03.029;102;4,6
2026-04-07T18:23:03.993;102;4,6
2026-04-07T18:23:05.432;103;4,8
2026-04-07T18:23:06.391;104;4,8
2026-04-07T18:23:07.350;104;4,8
2026-04-07T18:23:08.791;104;4,7
2026-04-07T18:23:09.224;103;5,2
2026-04-07T18:23:10.229;102;5,4
2026-04-07T18:23:11.193;101;5,3
2026-04-07T18:23:13.110;101;5,3
2026-04-07T18:23:13.110;101;5,2
2026-04-07T18:23:14.075;101;5,2
2026-04-07T18:23:15.034;101;5,2
2026-04-07T18:23:15.986;101;3,8
2026-04-07T18:23:17.908;101;3,7
2026-04-07T18:23:18.395;102;3,7
2026-04-07T18:23:19.349;102;3,6
2026-04-07T18:23:20.314;102;3,2
2026-04-07T18:23:21.276;102;3,2
2026-04-07T18:23:22.236;102;3,4
2026-04-07T18:23:23.185;103;3,4
2026-04-07T18:23:24.150;103;3,4
2026-04-07T18:23:25.121;103;3,5
2026-04-07T18:23:26.072;103;2,8
2026-04-07T18:23:27.027;103;2,5
2026-04-07T18:23:27.992;103;2,5
2026-04-07T18:23:29.435;103;2,7
2026-04-07T18:23:30.385;103;2,8
2026-04-07T18:23:31.351;104;3,1
2026-04-07T18:23:32.314;105;3,1
2026-04-07T18:23:33.272;105;3,1
2026-04-07T18:23:34.709;104;3,5
2026-04-07T18:23:35.145;104;4,2
2026-04-07T18:23:36.146;102;4,8
2026-04-07T18:23:37.110;101;4,8
2026-04-07T18:23:40.000;101;4,9
2026-04-07T18:23:40.001;101;5,0
2026-04-07T18:23:40.001;102;5,4
2026-04-07T18:23:41.909;103;5,5
2026-04-07T18:23:42.344;103;5,5
2026-04-07T18:23:43.288;104;5,4
2026-04-07T18:23:44.746;104;5,7
2026-04-07T18:23:45.226;103;5,8
2026-04-07T18:23:46.187;102;6,1
2026-04-07T18:23:47.147;100;6,1
2026-04-07T18:23:49.067;100;6,0
2026-04-07T18:23:49.547;99;6,0
2026-04-07T18:23:50.008;99;6,0
2026-04-07T18:23:50.988;99;5,8
2026-04-07T18:23:51.947;99;5,3
2026-04-07T18:23:53.866;99;5,0
2026-04-07T18:23:55.306;100;5,0
2026-04-07T18:23:55.308;100;4,9
2026-04-07T18:23:56.252;100;5,1
2026-04-07T18:23:57.211;99;4,7
2026-04-07T18:23:58.187;98;4,9
2026-04-07T18:23:59.146;98;4,8
2026-04-07T18:24:00.089;97;4,8
2026-04-07T18:24:01.537;98;4,7
2026-04-07T18:24:02.506;98;4,4
2026-04-07T18:24:02.972;98;4,2
2026-04-07T18:24:03.936;98;3,8
2026-04-07T18:24:04.892;99;3,8
2026-04-07T18:24:06.345;99;3,7
2026-04-07T18:24:07.773;99;3,9
2026-04-07T18:24:09.220;98;4,4
2026-04-07T18:24:10.187;97;4,5
2026-04-07T18:24:10.189;96;4,5
2026-04-07T18:24:11.147;96;4,5
2026-04-07T18:24:12.105;96;4,9
2026-04-07T18:24:13.547;97;5,2
2026-04-07T18:24:14.028;99;5,2
2026-04-07T18:24:15.024;99;5,2
2026-04-07T18:24:15.987;100;4,6
2026-04-07T18:24:16.956;100;4,8
2026-04-07T18:24:18.395;99;4,9
2026-04-07T18:24:19.351;99;4,9
2026-04-07T18:24:20.312;98;4,9
2026-04-07T18:24:21.276;98;5,1
2026-04-07T18:24:22.225;99;5,0
2026-04-07T18:24:23.198;99;5,0
2026-04-07T18:24:24.159;100;5,1
2026-04-07T18:24:25.587;100;4,5
2026-04-07T18:24:26.026;101;4,3
2026-04-07T18:24:26.986;101;4,3
2026-04-07T18:24:28.947;101;4,1
2026-04-07T18:24:28.947;100;3,7
2026-04-07T18:24:30.829;100;3,7
2026-04-07T18:24:31.303;99;3,6
2026-04-07T18:24:32.268;99;3,4
2026-04-07T18:24:33.224;99;3,5
2026-04-07T18:24:34.169;99;3,9
2026-04-07T18:24:35.147;100;3,8
2026-04-07T18:24:36.107;101;3,7
2026-04-07T18:24:37.068;101;3,7
2026-04-07T18:24:38.025;101;3,7
2026-04-07T18:24:38.976;100;3,9
2026-04-07T18:24:39.948;100;3,8
2026-04-07T18:24:40.907;100;3,7
2026-04-07T18:24:42.331;100;3,7
2026-04-07T18:24:43.289;100;4,0
2026-04-07T18:24:44.251;101;4,1
2026-04-07T18:24:45.696;102;4,2
2026-04-07T18:24:46.188;102;4,1
2026-04-07T18:24:47.147;102;4,1
2026-04-07T18:24:50.029;102;3,8
2026-04-07T18:24:50.030;102;3,9
2026-04-07T18:24:50.032;102;3,8
2026-04-07T18:24:51.454;102;3,2
2026-04-07T18:24:51.947;103;3,1
2026-04-07T18:24:52.893;102;3,1
2026-04-07T18:24:54.329;102;3,1
2026-04-07T18:24:55.769;102;2,8
2026-04-07T18:24:56.248;102;2,6
2026-04-07T18:24:57.213;103;2,6
2026-04-07T18:24:58.168;103;2,7
2026-04-07T18:24:59.131;104;2,7
2026-04-07T18:25:00.091;103;2,5
2026-04-07T18:25:01.052;103;2,6
2026-04-07T18:25:02.011;102;2,5
2026-04-07T18:25:02.968;102;2,5
2026-04-07T18:25:03.929;102;2,6
2026-04-07T18:25:05.850;103;2,9
2026-04-07T18:25:06.337;104;2,8
2026-04-07T18:25:07.293;104;2,8
2026-04-07T18:25:08.257;104;2,9
2026-04-07T18:25:09.268;104;3,3
2026-04-07T18:25:10.174;103;3,4
2026-04-07T18:25:11.685;102;3,5
2026-04-07T18:25:12.106;102;3,5
2026-04-07T18:25:13.107;101;3,4
2026-04-07T18:25:14.073;101;3,4
2026-04-07T18:25:14.970;101;3,3
2026-04-07T18:25:15.992;101;3,3
2026-04-07T18:25:16.958;100;3,4
2026-04-07T18:25:18.398;100;3,2
2026-04-07T18:25:19.348;100;3,2
2026-04-07T18:25:20.729;100;3,5
2026-04-07T18:25:21.216;101;3,4
2026-04-07T18:25:22.182;101;3,5
2026-04-07T18:25:23.184;102;3,3
2026-04-07T18:25:24.154;102;3,4
2026-04-07T18:25:25.112;102;3,5
2026-04-07T18:25:26.085;100;4,1
2026-04-07T18:25:27.029;100;3,8
2026-04-07T18:25:27.983;99;3,6
2026-04-07T18:25:28.944;100;4,2
2026-04-07T18:25:30.388;101;4,6
2026-04-07T18:25:31.344;103;5,2
2026-04-07T18:25:32.311;103;5,2
2026-04-07T18:25:33.753;104;5,2
2026-04-07T18:25:34.187;103;6,7
2026-04-07T18:25:35.188;102;6,8
2026-04-07T18:25:36.144;100;7,1
2026-04-07T18:25:37.114;99;7,0
2026-04-07T18:25:39.034;99;7,1
2026-04-07T18:25:39.467;99;7,1
2026-04-07T18:25:39.947;100;7,3
2026-04-07T18:25:40.905;100;7,3
2026-04-07T18:25:42.346;101;7,2
2026-04-07T18:25:43.307;101;6,8
2026-04-07T18:25:44.266;101;7,1
2026-04-07T18:25:45.228;100;7,2
2026-04-07T18:25:46.187;99;6,9
2026-04-07T18:25:48.108;99;6,9
2026-04-07T18:25:48.110;99;6,2
2026-04-07T18:25:49.068;99;6,2
2026-04-07T18:25:50.027;99;6,2
2026-04-07T18:25:50.988;100;5,5
2026-04-07T18:25:52.907;100;4,4
2026-04-07T18:25:53.867;100;4,1
2026-04-07T18:25:54.346;99;4,4
2026-04-07T18:25:55.307;98;4,6
2026-04-07T18:25:56.268;97;4,4
2026-04-07T18:25:57.228;97;4,2
2026-04-07T18:25:58.188;97;4,0
2026-04-07T18:25:59.149;98;4,3
2026-04-07T18:26:00.107;99;4,7
2026-04-07T18:26:01.066;100;4,7
2026-04-07T18:26:02.028;101;4,2
2026-04-07T18:26:03.947;101;4,2
2026-04-07T18:26:03.948;100;4,5
2026-04-07T18:26:04.908;100;4,5
2026-04-07T18:26:06.347;100;4,5
2026-04-07T18:26:07.308;100;4,4
2026-04-07T18:26:08.268;100;4,5
2026-04-07T18:26:09.227;101;4,7
2026-04-07T18:26:10.187;102;5,0
2026-04-07T18:26:11.148;103;4,8
2026-04-07T18:26:12.107;104;4,4
2026-04-07T18:26:13.062;104;4,5
2026-04-07T18:26:14.064;103;4,7
2026-04-07T18:26:14.988;103;4,8
2026-04-07T18:26:15.949;102;4,5
2026-04-07T18:26:16.946;102;4,2
2026-04-07T18:26:18.390;102;4,1
2026-04-07T18:26:19.345;102;4,1
2026-04-07T18:26:20.307;102;4,2
2026-04-07T18:26:21.270;103;3,9
2026-04-07T18:26:23.187;104;4,2
2026-04-07T18:26:23.625;105;4,2
2026-04-07T18:26:24.159;106;4,3
2026-04-07T18:26:25.110;107;3,9
2026-04-07T18:26:26.028;107;3,9
2026-04-07T18:26:27.035;107;3,3
2026-04-07T18:26:27.998;108;3,3
2026-04-07T18:26:28.951;108;3,5
2026-04-07T18:26:30.389;109;3,4
2026-04-07T18:26:31.351;110;2,9
2026-04-07T18:26:32.313;110;2,8
2026-04-07T18:26:33.752;112;4,9
2026-04-07T18:26:34.232;114;5,1
2026-04-07T18:26:35.187;116;5,3
2026-04-07T18:26:36.150;118;5,2
2026-04-07T18:26:37.121;119;5,3
2026-04-07T18:26:38.041;120;5,0
2026-04-07T18:26:39.997;121;5,0
2026-04-07T18:26:39.998;122;5,0
2026-04-07T18:26:40.948;123;5,1
2026-04-07T18:26:42.390;124;5,1
2026-04-07T18:26:43.359;125;5,1
2026-04-07T18:26:44.317;125;5,3
2026-04-07T18:26:45.288;126;5,5
2026-04-07T18:26:47.194;126;5,5
2026-04-07T18:26:47.194;126;3,7
2026-04-07T18:26:48.143;126;3,7
2026-04-07T18:26:49.116;127;3,3
2026-04-07T18:26:50.070;129;3,2
2026-04-07T18:26:51.027;129;3,1
2026-04-07T18:26:51.999;130;3,2
2026-04-07T18:26:52.960;131;3,1
2026-04-07T18:26:54.391;131;3,0
2026-04-07T18:26:55.347;132;3,0
2026-04-07T18:26:56.787;133;3,0
2026-04-07T18:26:59.196;133;2,9
2026-04-07T18:26:59.197;133;2,7
2026-04-07T18:26:59.197;134;1,9
2026-04-07T18:27:00.155;134;2,2
2026-04-07T18:27:01.114;135;2,0
2026-04-07T18:27:02.067;135;2,0
2026-04-07T18:27:03.998;135;1,7
2026-04-07T18:27:03.999;136;1,8
2026-04-07T18:27:04.960;136;1,6
2026-04-07T18:27:06.391;136;1,5
2026-04-07T18:27:07.354;136;1,9
2026-04-07T18:27:08.310;136;1,9
2026-04-07T18:27:09.281;137;1,7
2026-04-07T18:27:10.239;137;1,7
2026-04-07T18:27:11.195;137;1,7
2026-04-07T18:27:12.576;137;1,7
2026-04-07T18:27:14.011;137;2,4
2026-04-07T18:27:14.014;137;2,5
2026-04-07T18:27:15.450;137;2,5
2026-04-07T18:27:15.949;137;2,6
2026-04-07T18:27:18.388;138;2,5
2026-04-07T18:27:18.389;138;2,5
2026-04-07T18:27:19.357;138;2,4
2026-04-07T18:27:20.303;138;2,4
2026-04-07T18:27:21.268;138;2,4
2026-04-07T18:27:22.258;138;2,4
2026-04-07T18:27:23.198;137;2,4
2026-04-07T18:27:24.152;137;2,4
2026-04-07T18:27:25.119;137;2,4
2026-04-07T18:27:26.086;137;1,2
2026-04-07T18:27:27.040;137;0,9
2026-04-07T18:27:27.998;137;0,9
2026-04-07T18:27:28.957;138;0,8
2026-04-07T18:27:32.310;138;0,9
2026-04-07T18:27:32.311;138;1,1
2026-04-07T18:27:32.312;138;1,3
2026-04-07T18:27:34.231;138;1,4
2026-04-07T18:27:35.618;138;1,4
2026-04-07T18:27:36.145;138;1,4
2026-04-07T18:27:36.146;137;1,4
2026-04-07T18:27:37.110;137;1,4
2026-04-07T18:27:38.071;136;1,5
2026-04-07T18:27:39.028;136;1,5
2026-04-07T18:27:40.000;136;1,5
2026-04-07T18:27:40.955;136;1,5
2026-04-07T18:27:42.390;136;1,4
2026-04-07T18:27:43.298;135;1,5
2026-04-07T18:27:44.317;135;1,4
2026-04-07T18:27:45.272;135;1,1
2026-04-07T18:27:46.189;135;0,9
2026-04-07T18:27:47.148;135;0,8
2026-04-07T18:27:48.142;135;0,8
2026-04-07T18:27:49.115;134;0,9
2026-04-07T18:27:50.098;134;0,9
2026-04-07T18:27:51.516;133;1,1
2026-04-07T18:27:51.948;133;1,1
2026-04-07T18:27:53.436;133;1,1
2026-04-07T18:27:54.387;133;1,1
2026-04-07T18:27:55.356;132;1,5
2026-04-07T18:27:56.317;132;1,4
2026-04-07T18:27:58.233;132;1,5
2026-04-07T18:27:58.233;132;1,6
2026-04-07T18:27:59.191;133;1,6
2026-04-07T18:28:00.154;132;1,9
2026-04-07T18:28:01.587;132;2,0
2026-04-07T18:28:02.071;131;2,2
2026-04-07T18:28:03.993;130;2,2
2026-04-07T18:28:03.994;130;2,2
2026-04-07T18:28:04.965;129;2,1
2026-04-07T18:28:06.877;128;2,1
2026-04-07T18:28:07.822;127;2,3
2026-04-07T18:28:08.266;127;2,4
2026-04-07T18:28:09.278;127;2,2
2026-04-07T18:28:11.675;127;2,1
2026-04-07T18:28:11.675;127;2,1
2026-04-07T18:28:12.160;127;2,1
2026-04-07T18:28:13.111;128;2,1
2026-04-07T18:28:14.073;127;1,9
2026-04-07T18:28:15.514;126;1,9
2026-04-07T18:28:16.494;125;1,9
2026-04-07T18:28:16.908;124;2,0
2026-04-07T18:28:18.399;123;2,1
2026-04-07T18:28:19.363;122;2,1
2026-04-07T18:28:20.320;121;2,2
2026-04-07T18:28:21.279;120;2,2
2026-04-07T18:28:22.233;120;2,1
2026-04-07T18:28:23.200;120;2,3
2026-04-07T18:28:24.151;121;2,3
2026-04-07T18:28:25.119;122;2,4
2026-04-07T18:28:26.076;123;2,4
2026-04-07T18:28:27.039;123;2,4
2026-04-07T18:28:27.999;122;2,6
2026-04-07T18:28:28.958;121;2,6
2026-04-07T18:28:30.879;121;2,3
2026-04-07T18:28:31.840;121;2,5
2026-04-07T18:28:32.808;121;21,9
2026-04-07T18:28:33.228;122;29,0
2026-04-07T18:28:34.724;123;29,0
2026-04-07T18:28:35.630;125;29,0
2026-04-07T18:28:36.108;126;29,0
2026-04-07T18:28:37.071;127;29,0
2026-04-07T18:28:38.988;128;29,0
2026-04-07T18:28:38.991;128;29,0
2026-04-07T18:28:39.946;129;29,0
2026-04-07T18:28:40.907;129;29,0
2026-04-07T18:28:42.875;129;29,0
2026-04-07T18:28:43.349;129;29,0
2026-04-07T18:28:44.308;129;29,0
2026-04-07T18:28:45.280;129;19,2
2026-04-07T18:28:46.232;129;19,2
2026-04-07T18:28:47.201;129;1,2
2026-04-07T18:28:49.126;129;1,2
2026-04-07T18:28:49.548;130;1,1
2026-04-07T18:28:50.077;130;1,0
2026-04-07T18:28:51.988;130;1,1
2026-04-07T18:28:52.955;129;1,1
2026-04-07T18:28:53.389;129;1,1
2026-04-07T18:28:54.390;129;1,2
2026-04-07T18:28:55.351;129;1,1
2026-04-07T18:28:56.317;130;1,2
2026-04-07T18:28:57.275;130;1,4
2026-04-07T18:28:58.242;130;1,4
2026-04-07T18:28:59.206;131;1,4
2026-04-07T18:29:00.153;131;1,5
2026-04-07T18:29:01.115;132;1,5
2026-04-07T18:29:02.075;132;1,6
2026-04-07T18:29:03.036;133;1,6
2026-04-07T18:29:04.006;133;1,6
2026-04-07T18:29:05.444;133;1,5
2026-04-07T18:29:06.394;133;1,5
2026-04-07T18:29:07.352;134;1,5
2026-04-07T18:29:08.314;134;1,5
2026-04-07T18:29:09.273;135;1,7
2026-04-07T18:29:10.229;136;1,6
2026-04-07T18:29:11.214;136;1,6
2026-04-07T18:29:12.599;136;1,6
2026-04-07T18:29:14.015;137;1,5
2026-04-07T18:29:14.019;137;1,5
2026-04-07T18:29:14.975;138;1,3
2026-04-07T18:29:15.940;138;1,3
2026-04-07T18:29:16.910;138;1,3
2026-04-07T18:29:18.390;138;1,3
2026-04-07T18:29:19.829;139;1,2
2026-04-07T18:29:20.306;139;1,2
2026-04-07T18:29:21.266;139;1,2
2026-04-07T18:29:22.231;139;0,7
2026-04-07T18:29:23.143;139;0,8
2026-04-07T18:29:24.590;139;0,8
2026-04-07T18:29:25.073;139;0,7
2026-04-07T18:29:26.082;139;0,9
2026-04-07T18:29:27.029;140;0,9
2026-04-07T18:29:27.990;140;0,9
2026-04-07T18:29:28.950;140;0,9
2026-04-07T18:29:31.356;140;0,9
2026-04-07T18:29:31.357;140;0,9
2026-04-07T18:29:33.279;140;1,0
2026-04-07T18:29:33.280;140;0,9
2026-04-07T18:29:34.244;139;1,1
2026-04-07T18:29:35.192;137;1,5
2026-04-07T18:29:36.149;137;1,5
2026-04-07T18:29:37.107;136;1,5
2026-04-07T18:29:39.990;136;1,5
2026-04-07T18:29:39.991;135;1,4
2026-04-07T18:29:39.991;135;1,3
2026-04-07T18:29:40.955;135;1,3
2026-04-07T18:29:42.877;135;1,4
2026-04-07T18:29:43.309;135;1,4
2026-04-07T18:29:45.278;135;1,4
2026-04-07T18:29:45.279;135;1,4
2026-04-07T18:29:46.230;135;1,3
2026-04-07T18:29:47.199;135;1,5
2026-04-07T18:29:48.159;134;1,1
2026-04-07T18:29:50.557;134;1,4
2026-04-07T18:29:50.557;133;1,6
2026-04-07T18:29:50.989;131;2,1
2026-04-07T18:29:51.998;130;2,4
2026-04-07T18:29:52.956;128;2,4
2026-04-07T18:29:54.396;127;2,6
2026-04-07T18:29:55.357;125;2,6
2026-04-07T18:29:56.319;125;2,6
2026-04-07T18:29:57.271;124;2,7
2026-04-07T18:29:58.247;125;2,7
2026-04-07T18:29:59.192;125;2,7
2026-04-07T18:30:00.151;125;2,7
2026-04-07T18:30:01.117;126;2,5
2026-04-07T18:30:02.557;126;2,6
2026-04-07T18:30:03.518;126;2,7
2026-04-07T18:30:04.470;126;2,8
2026-04-07T18:30:05.430;126;2,7
2026-04-07T18:30:07.354;126;2,4
2026-04-07T18:30:07.355;126;2,3
2026-04-07T18:30:08.749;125;2,2
2026-04-07T18:30:09.709;124;2,2
2026-04-07T18:30:10.191;123;2,4
2026-04-07T18:30:11.150;121;2,6
2026-04-07T18:30:12.628;120;2,8
2026-04-07T18:30:13.109;118;3,0
2026-04-07T18:30:14.549;117;3,0
2026-04-07T18:30:15.505;116;3,0
2026-04-07T18:30:15.989;117;3,5
2026-04-07T18:30:16.959;118;3,6
2026-04-07T18:30:18.394;119;3,7
2026-04-07T18:30:19.829;121;3,6
2026-04-07T18:30:20.269;121;3,6
2026-04-07T18:30:21.273;122;3,6
2026-04-07T18:30:22.229;123;3,5
2026-04-07T18:30:23.677;123;3,4
2026-04-07T18:30:24.110;123;3,3
2026-04-07T18:30:25.115;123;3,3
2026-04-07T18:30:26.075;122;2,9
2026-04-07T18:30:27.031;122;2,7
2026-04-07T18:30:27.992;123;2,7
2026-04-07T18:30:28.949;124;2,8
2026-04-07T18:30:30.875;124;2,0
2026-04-07T18:30:31.303;124;1,7
2026-04-07T18:30:34.231;124;1,3
2026-04-07T18:30:34.669;124;1,4
2026-04-07T18:30:34.671;124;2,2
2026-04-07T18:30:35.191;123;2,1
2026-04-07T18:30:36.156;123;2,1
2026-04-07T18:30:37.116;122;2,3
2026-04-07T18:30:39.048;120;2,7
2026-04-07T18:30:39.998;119;2,9
2026-04-07T18:30:39.999;117;3,0
2026-04-07T18:30:40.948;117;3,1
2026-04-07T18:30:42.400;117;3,2
2026-04-07T18:30:43.304;118;3,4
2026-04-07T18:30:44.307;119;3,5
2026-04-07T18:30:45.229;120;3,7
2026-04-07T18:30:46.716;121;3,7
2026-04-07T18:30:47.207;121;3,7
2026-04-07T18:30:49.604;121;3,3
2026-04-07T18:30:49.604;121;3,3
2026-04-07T18:30:50.033;122;3,4
2026-04-07T18:30:51.028;122;3,4
2026-04-07T18:30:51.994;123;3,3
2026-04-07T18:30:52.951;124;3,0
2026-04-07T18:30:54.396;125;2,9
2026-04-07T18:30:55.355;126;2,8
2026-04-07T18:30:56.311;127;2,6
2026-04-07T18:30:57.275;127;2,2
2026-04-07T18:30:58.232;128;2,1
2026-04-07T18:30:59.198;128;1,8
2026-04-07T18:31:00.638;128;1,8
2026-04-07T18:31:02.553;128;1,8
2026-04-07T18:31:02.554;128;1,8
2026-04-07T18:31:04.476;129;1,8
2026-04-07T18:31:04.476;130;1,7
2026-04-07T18:31:04.955;130;2,0
2026-04-07T18:31:06.389;131;1,9
2026-04-07T18:31:07.310;132;1,8
2026-04-07T18:31:08.307;132;1,8
2026-04-07T18:31:10.227;132;1,7
2026-04-07T18:31:10.228;133;1,9
2026-04-07T18:31:11.197;133;1,9
2026-04-07T18:31:12.162;133;1,8
2026-04-07T18:31:14.077;134;1,8
2026-04-07T18:31:14.077;134;1,8
2026-04-07T18:31:15.032;134;1,9
2026-04-07T18:31:16.470;134;1,9
2026-04-07T18:31:16.910;134;1,9
2026-04-07T18:31:18.398;134;1,5
2026-04-07T18:31:19.358;134;1,6
2026-04-07T18:31:20.320;134;1,6
2026-04-07T18:31:21.283;135;1,5
2026-04-07T18:31:22.714;135;1,5
2026-04-07T18:31:23.200;135;1,3
2026-04-07T18:31:24.155;135;1,3
2026-04-07T18:31:25.117;136;1,4
2026-04-07T18:31:26.080;135;1,4
2026-04-07T18:31:27.037;135;1,5
2026-04-07T18:31:28.955;135;1,4
2026-04-07T18:31:28.956;136;1,5
2026-04-07T18:31:30.393;136;1,5
2026-04-07T18:31:31.350;135;1,4
2026-04-07T18:31:32.312;135;1,3
2026-04-07T18:31:33.286;135;1,3
2026-04-07T18:31:34.228;135;1,4
2026-04-07T18:31:35.199;134;1,5
2026-04-07T18:31:36.156;133;1,4
2026-04-07T18:31:37.116;133;1,5
2026-04-07T18:31:38.073;134;1,4
2026-04-07T18:31:39.041;134;1,2
2026-04-07T18:31:40.473;134;1,3
2026-04-07T18:31:41.439;133;1,2
2026-04-07T18:31:42.397;133;1,0
2026-04-07T18:31:43.360;133;1,2
2026-04-07T18:31:44.321;133;1,2
2026-04-07T18:31:45.279;132;1,2
2026-04-07T18:31:46.716;132;1,2
2026-04-07T18:31:47.147;131;1,2
2026-04-07T18:31:48.631;131;1,2
2026-04-07T18:31:49.112;131;1,1
2026-04-07T18:31:51.042;131;1,4
2026-04-07T18:31:51.043;131;1,4
2026-04-07T18:31:51.995;131;1,4
2026-04-07T18:31:52.958;131;1,4
2026-04-07T18:31:54.875;131;1,5
2026-04-07T18:31:56.308;130;1,5
2026-04-07T18:31:56.309;129;1,7
2026-04-07T18:31:57.751;129;1,6
2026-04-07T18:31:58.189;129;1,9
2026-04-07T18:31:59.678;130;1,9
2026-04-07T18:32:00.109;130;1,9
2026-04-07T18:32:01.114;130;1,9
2026-04-07T18:32:02.076;130;1,9
2026-04-07T18:32:03.035;130;1,9
2026-04-07T18:32:04.005;131;1,7
2026-04-07T18:32:04.959;131;1,9
2026-04-07T18:32:06.397;131;2,1
2026-04-07T18:32:07.354;131;2,3
2026-04-07T18:32:08.317;132;2,3
2026-04-07T18:32:09.278;132;2,2
2026-04-07T18:32:11.206;132;2,1
2026-04-07T18:32:11.207;133;2,2
2026-04-07T18:32:13.598;133;2,0
2026-04-07T18:32:13.598;134;2,0
2026-04-07T18:32:15.521;134;1,9
2026-04-07T18:32:15.522;134;2,0
2026-04-07T18:32:15.996;134;2,0
2026-04-07T18:32:16.949;134;2,0
2026-04-07T18:32:18.390;133;2,0
2026-04-07T18:32:19.356;133;1,9
2026-04-07T18:32:20.272;132;1,6
2026-04-07T18:32:21.272;133;1,5
2026-04-07T18:32:22.238;133;1,5
2026-04-07T18:32:23.208;133;1,6
2026-04-07T18:32:25.128;134;1,6
2026-04-07T18:32:25.129;134;1,6
2026-04-07T18:32:26.564;135;1,6
2026-04-07T18:32:27.524;135;1,6
2026-04-07T18:32:27.949;136;1,7
2026-04-07T18:32:28.962;136;1,9
2026-04-07T18:32:30.406;135;2,0
2026-04-07T18:32:31.358;134;1,9
2026-04-07T18:32:32.321;134;1,9
2026-04-07T18:32:33.276;134;1,9
2026-04-07T18:32:34.236;133;1,7
2026-04-07T18:32:35.194;133;1,7
2026-04-07T18:32:36.154;133;1,6
2026-04-07T18:32:38.560;133;1,5
2026-04-07T18:32:38.561;133;1,6
2026-04-07T18:32:38.989;132;1,5
2026-04-07T18:32:40.001;132;1,5
2026-04-07T18:32:40.963;132;1,4
2026-04-07T18:32:42.389;131;1,4
2026-04-07T18:32:43.348;132;0,9
2026-04-07T18:32:44.316;132;0,9
2026-04-07T18:32:45.280;132;1,0
2026-04-07T18:32:46.236;131;1,6
2026-04-07T18:32:47.212;130;2,0
2026-04-07T18:32:48.129;128;2,3
2026-04-07T18:32:49.550;126;2,6
2026-04-07T18:32:50.029;125;2,7
2026-04-07T18:32:50.984;125;2,7
2026-04-07T18:32:51.943;125;2,6
2026-04-07T18:32:53.911;125;2,6
2026-04-07T18:32:57.231;125;2,7
2026-04-07T18:32:57.233;125;2,7
2026-04-07T18:32:57.235;126;2,7
2026-04-07T18:32:57.236;126;2,7
2026-04-07T18:32:58.240;126;2,6
2026-04-07T18:32:59.189;125;2,8
2026-04-07T18:33:00.150;125;2,5
2026-04-07T18:33:01.117;124;2,4
2026-04-07T18:33:02.553;122;2,4
2026-04-07T18:33:02.990;121;2,1
2026-04-07T18:33:03.987;120;2,1
2026-04-07T18:33:04.963;120;2,2
2026-04-07T18:33:06.393;120;2,2
2026-04-07T18:33:07.348;121;2,3
2026-04-07T18:33:08.315;121;2,3
2026-04-07T18:33:09.278;122;2,3
2026-04-07T18:33:10.245;122;2,5
2026-04-07T18:33:12.165;123;2,5
2026-04-07T18:33:12.166;123;2,5
2026-04-07T18:33:14.072;124;2,5
2026-04-07T18:33:14.073;124;2,3
2026-04-07T18:33:15.990;124
2026-04-07T18:33:15.990;124;2,2
2026-04-07T18:33:16.951;124;2,2
2026-04-07T18:33:19.359;125;2,2
2026-04-07T18:33:19.359;126;2,3
2026-04-07T18:33:20.316;127;2,3
2026-04-07T18:33:21.273;128;2,4
2026-04-07T18:33:22.233;129;2,4
2026-04-07T18:33:23.676;130;2,4
2026-04-07T18:33:24.107;131;2,2
2026-04-07T18:33:25.111;131;2,2
2026-04-07T18:33:26.080;131;2,2
2026-04-07T18:33:27.030;132;2,2
2026-04-07T18:33:28.004;132;2,2
2026-04-07T18:33:28.961;132
2026-04-07T18:33:30.395;131;2,1
2026-04-07T18:33:31.350;131;2,0
2026-04-07T18:33:32.318;132;2,0
2026-04-07T18:33:34.231;133;1,9
2026-04-07T18:33:34.232;134;1,8
2026-04-07T18:33:35.680;135;1,6
2026-04-07T18:33:36.631;136;1,5
2026-04-07T18:33:37.071;136;1,5
2026-04-07T18:33:38.074;136;1,4
2026-04-07T18:33:39.040;137;1,4
2026-04-07T18:33:40.478;137;1,4
2026-04-07T18:33:40.910;137;1,4
2026-04-07T18:33:42.398;137;1,5
2026-04-07T18:33:43.352;137;1,4
2026-04-07T18:33:44.317;138;0,9
2026-04-07T18:33:45.270;138;0,9
2026-04-07T18:33:46.236;138;0,8
2026-04-07T18:33:47.202;138;0,8
2026-04-07T18:33:48.156;139;0,9
2026-04-07T18:33:49.108;140;1,0
2026-04-07T18:33:50.077;141;1,0
2026-04-07T18:33:51.514;141;1,1
2026-04-07T18:33:52.475;141;1,1
2026-04-07T18:33:52.965;142;1,1
2026-04-07T18:33:54.396;142;1,9
2026-04-07T18:33:55.353;142;2,1
2026-04-07T18:33:58.721;141;2,6
2026-04-07T18:33:58.722;141;2,5
2026-04-07T18:33:58.724;141;2,5
2026-04-07T18:33:59.135;141;2,6
2026-04-07T18:34:00.152;141;2,5
2026-04-07T18:34:01.111;141;2,5
2026-04-07T18:34:03.043;141;2,5
2026-04-07T18:34:03.044;141;2,5
2026-04-07T18:34:03.996;141;2,5
2026-04-07T18:34:04.952;140;2,5
2026-04-07T18:34:06.400;140;2,3
2026-04-07T18:34:07.352;140;1,9
2026-04-07T18:34:08.315;140;1,1
2026-04-07T18:34:09.756;140;0,9
2026-04-07T18:34:10.191;140;0,9
2026-04-07T18:34:11.202;140;0,8
2026-04-07T18:34:12.164;140;0,8
2026-04-07T18:34:13.593;140;0,9
2026-04-07T18:34:14.031;141;0,8
2026-04-07T18:34:15.031;141;0,8
2026-04-07T18:34:16.004;141;0,9
2026-04-07T18:34:16.964;141;0,9
2026-04-07T18:34:18.403;141;0,9
2026-04-07T18:34:19.373;142;0,9
2026-04-07T18:34:20.320;142;1,0
2026-04-07T18:34:21.275;142;1,0
2026-04-07T18:34:22.239;142;1,0
2026-04-07T18:34:23.193;142;1,0
2026-04-07T18:34:24.163;142;1,0
2026-04-07T18:34:25.120;142;0,9
2026-04-07T18:34:26.082;141;0,8
2026-04-07T18:34:27.005;142;0,8
2026-04-07T18:34:28.894;141;0,8
2026-04-07T18:34:29.852;142;0,8
2026-04-07T18:34:30.331;142;0,9
2026-04-07T18:34:31.292;141;0,9
2026-04-07T18:34:32.252;140;1,1
2026-04-07T18:34:33.217;140;1,0
2026-04-07T18:34:34.174;139;1,0
2026-04-07T18:34:35.132;138;1,0
2026-04-07T18:34:36.093;138;1,0
2026-04-07T18:34:37.053;138;1,0
2026-04-07T18:34:38.018;138;1,0
2026-04-07T18:34:38.977;137;1,1
2026-04-07T18:34:40.952;136;1,2
2026-04-07T18:34:40.953;135;1,2
2026-04-07T18:34:42.390;135;1,2
2026-04-07T18:34:43.352;136;1,3
2026-04-07T18:34:44.750;136;1,4
2026-04-07T18:34:45.749;136;1,4
2026-04-07T18:34:46.713;136;1,5
2026-04-07T18:34:47.203;135;1,7
2026-04-07T18:34:48.160;134;1,7
2026-04-07T18:34:50.028;133;1,8
2026-04-07T18:34:50.030;132;1,8
2026-04-07T18:34:51.028;132;1,9
2026-04-07T18:34:51.995;132;1,8
2026-04-07T18:34:52.948;131;1,8
2026-04-07T18:34:54.883;131;1,9
2026-04-07T18:34:55.835;132;1,9
2026-04-07T18:34:56.270;132;2,0
2026-04-07T18:34:57.748;133;1,9
2026-04-07T18:34:58.229;133;1,8
2026-04-07T18:34:59.181;134;1,7
2026-04-07T18:35:00.159;133;1,8
2026-04-07T18:35:01.070;132;1,6
2026-04-07T18:35:02.080;132;1,6
2026-04-07T18:35:03.999;132;1,6
2026-04-07T18:35:04.000;132;1,5
2026-04-07T18:35:04.957;132;1,5
2026-04-07T18:35:06.406;131;1,5
2026-04-07T18:35:07.311;132;1,4
2026-04-07T18:35:08.272;132;1,4
2026-04-07T18:35:09.242;133;1,3
2026-04-07T18:35:10.233;133;1,2
2026-04-07T18:35:11.203;131;1,7
2026-04-07T18:35:12.155;131;1,7
2026-04-07T18:35:13.117;130;1,6
2026-04-07T18:35:14.077;130;1,6
2026-04-07T18:35:15.038;130;1,5
2026-04-07T18:35:15.996;130;1,6
2026-04-07T18:35:17.914;130;1,6
2026-04-07T18:35:18.348;130;1,6
2026-04-07T18:35:19.830;129;1,5
2026-04-07T18:35:20.270;129;1,6
2026-04-07T18:35:21.232;129;1,6
2026-04-07T18:35:23.671;128;1,6
2026-04-07T18:35:23.672;129;1,7
2026-04-07T18:35:24.162;129;1,4
2026-04-07T18:35:25.600;129;1,2
2026-04-07T18:35:26.031;129;1,1
2026-04-07T18:35:28.000;129;1,5
2026-04-07T18:35:28.001;129;1,5
2026-04-07T18:35:29.919;130;1,5
2026-04-07T18:35:30.350;130;1,5
2026-04-07T18:35:31.361;131;1,5
2026-04-07T18:35:32.797;131;1,5
2026-04-07T18:35:33.281;130;1,5
2026-04-07T18:35:34.238;130;1,6
2026-04-07T18:35:36.156;128;2,2
2026-04-07T18:35:36.156;127;2,5
2026-04-07T18:35:37.593;124;3,2
2026-04-07T18:35:39.029;122;3,4
2026-04-07T18:35:39.029;121;3,4
2026-04-07T18:35:39.996;119;3,4
2026-04-07T18:35:40.955;118;3,3
2026-04-07T18:35:42.394;117;3,3
2026-04-07T18:35:44.802;116;3,5
2026-04-07T18:35:44.802;115;3,5
2026-04-07T18:35:45.230;114;3,6
2026-04-07T18:35:46.236;114;3,6
2026-04-07T18:35:47.199;114;3,7
2026-04-07T18:35:49.120;115;3,8
2026-04-07T18:35:49.121;115;3,8
2026-04-07T18:35:50.074;115;3,5
2026-04-07T18:35:51.513;115;3,3
2026-04-07T18:35:52.958;115;2,7
2026-04-07T18:35:52.958;116;3,4
2026-04-07T18:35:54.870;117;3,4
2026-04-07T18:35:55.310;119;3,6
2026-04-07T18:35:56.310;120;3,5
2026-04-07T18:35:57.268;120;3,5
2026-04-07T18:35:58.235;120;3,4
2026-04-07T18:35:59.204;120;3,5
2026-04-07T18:36:00.158;119;3,5
2026-04-07T18:36:01.112;118;3,4
2026-04-07T18:36:02.079;118;3,2
2026-04-07T18:36:03.035;119;3,2
2026-04-07T18:36:04.969;119;3,3
2026-04-07T18:36:04.969;119;3,3
2026-04-07T18:36:06.407;120;3,3
2026-04-07T18:36:07.359;120;3,3
2026-04-07T18:36:08.260;120;2,2
2026-04-07T18:36:09.227;121;2,1
2026-04-07T18:36:10.666;120;1,8
2026-04-07T18:36:11.148;120;1,9
2026-04-07T18:36:12.107;120;1,9
2026-04-07T18:36:13.067;119;1,7
2026-04-07T18:36:15.043;118;1,5
2026-04-07T18:36:15.521;117;2,0
2026-04-07T18:36:15.950;117;2,1
2026-04-07T18:36:16.950;116;2,1
2026-04-07T18:36:18.817;116;2,0
2026-04-07T18:36:19.360;115;1,9
2026-04-07T18:36:20.327;115;2,0
2026-04-07T18:36:21.276;114;2,0
2026-04-07T18:36:22.233;113;2,1
2026-04-07T18:36:23.205;112;2,6
2026-04-07T18:36:24.154;110;3,5
2026-04-07T18:36:25.108;109;3,8
2026-04-07T18:36:26.079;107;3,8
2026-04-07T18:36:27.521;107;3,7
2026-04-07T18:36:27.950;107;3,8
2026-04-07T18:36:28.964;107;4,2
2026-04-07T18:36:30.404;108;4,2
2026-04-07T18:36:31.354;109;4,1
2026-04-07T18:36:32.314;109;4,1
2026-04-07T18:36:33.765;109;4,4
2026-04-07T18:36:34.192;107;4,8
2026-04-07T18:36:35.190;107;4,8
2026-04-07T18:36:36.112;107;4,8
2026-04-07T18:36:37.115;107;5,0
2026-04-07T18:36:38.074;108;5,0
2026-04-07T18:36:39.037;109;5,1
2026-04-07T18:36:40.474;110;4,6
2026-04-07T18:36:41.392;111;4,3
2026-04-07T18:36:42.351;111;4,3
2026-04-07T18:36:43.334;109;5,6
2026-04-07T18:36:44.326;108;5,7
2026-04-07T18:36:45.283;107;5,4
2026-04-07T18:36:46.232;107;5,5
2026-04-07T18:36:47.200;108;5,5
2026-04-07T18:36:48.156;108;5,5
2026-04-07T18:36:49.124;109;5,5
2026-04-07T18:36:50.074;111;5,1
2026-04-07T18:36:50.991;111;5,1
2026-04-07T18:36:51.983;110;5,7
2026-04-07T18:36:52.953;108;6,5
2026-04-07T18:36:54.385;107;6,5
2026-04-07T18:36:55.355;106;6,4
2026-04-07T18:36:56.315;107;6,4
2026-04-07T18:36:57.274;108;6,5
2026-04-07T18:36:58.232;108;6,5
2026-04-07T18:36:59.201;108;5,5
2026-04-07T18:37:00.148;108;5,4
2026-04-07T18:37:02.078;108;5,5
2026-04-07T18:37:02.078;108;5,4
2026-04-07T18:37:03.037;107;5,3
2026-04-07T18:37:03.997;107;5,2
2026-04-07T18:37:04.957;107;5,1
2026-04-07T18:37:06.420;108;5,1
2026-04-07T18:37:07.361;108;5,1
2026-04-07T18:37:08.324;108;4,5
2026-04-07T18:37:09.763;108;3,2
2026-04-07T18:37:10.188;108;3,2
2026-04-07T18:37:11.197;108;3,1
2026-04-07T18:37:12.641;108;3,1
2026-04-07T18:37:13.593;109;3,0
2026-04-07T18:37:14.029;109;2,8
2026-04-07T18:37:15.030;108;3,1
2026-04-07T18:37:15.937;107;3,1
2026-04-07T18:37:16.910;107;3,0
2026-04-07T18:37:18.395;107;3,0
2026-04-07T18:37:19.301;108;3,4
2026-04-07T18:37:20.255;109;3,4
2026-04-07T18:37:21.215;109;3,4
2026-04-07T18:37:22.173;109;4,3
2026-04-07T18:37:23.142;106;6,2
2026-04-07T18:37:24.093;104;6,2
2026-04-07T18:37:25.053;103;6,1
2026-04-07T18:37:26.015;103;6,3
2026-04-07T18:37:26.980;104;6,6
2026-04-07T18:37:28.912;106;6,6
2026-04-07T18:37:29.392;107;6,9
2026-04-07T18:37:31.794;109;6,9
2026-04-07T18:37:32.272;109;6,9
2026-04-07T18:37:32.273;109;7,3
2026-04-07T18:37:34.179;108;7,4
2026-04-07T18:37:35.153;108;7,3
2026-04-07T18:37:35.155;108;7,1
2026-04-07T18:37:38.512;108;7,1
2026-04-07T18:37:38.514;108;7,1
2026-04-07T18:37:38.990;107;6,8
2026-04-07T18:37:39.952;106;6,4
2026-04-07T18:37:40.432;104;5,6
2026-04-07T18:37:40.909;103;5,6
2026-04-07T18:37:42.336;103;5,4
2026-04-07T18:37:43.791;102;5,0
2026-04-07T18:37:44.270;101;5,0
2026-04-07T18:37:46.671;100;4,9
2026-04-07T18:37:49.072;100;4,4
2026-04-07T18:37:49.074;100;4,4
2026-04-07T18:37:49.075;100;4,4
2026-04-07T18:37:49.077;99;3,5
2026-04-07T18:37:50.032;99;3,6
2026-04-07T18:37:51.474;97;4,4
2026-04-07T18:37:52.431;96;5,9
2026-04-07T18:37:52.910;93;6,8
2026-04-07T18:37:55.792;92;6,8
2026-04-07T18:37:56.753;92;7,4
2026-04-07T18:37:56.754;92;8,3
2026-04-07T18:37:59.152;93;8,2
2026-04-07T18:37:59.630;94;8,1
2026-04-07T18:37:59.632;95;8,3
2026-04-07T18:38:01.073;96;8,3
2026-04-07T18:38:01.551;97;8,4
2026-04-07T18:38:02.032;99;8,4
2026-04-07T18:38:02.992;99;8,4
2026-04-07T18:38:03.951;101;8,6
2026-04-07T18:38:05.870;102;8,7
2026-04-07T18:38:06.350;103;8,7
2026-04-07T18:38:07.312;103;8,7
2026-04-07T18:38:10.193;103;8,8
2026-04-07T18:38:11.632;102;7,6
2026-04-07T18:38:11.634;102;7,0
2026-04-07T18:38:12.112;102;6,9
2026-04-07T18:38:13.553;102;6,2
2026-04-07T18:38:13.555;102;4,8
2026-04-07T18:38:15.475;101;4,6
2026-04-07T18:38:15.952;101;4,8
2026-04-07T18:38:15.953;99;4,8
2026-04-07T18:38:16.912;98;4,7
2026-04-07T18:38:18.829;98;4,6
2026-04-07T18:38:19.310;98;4,5
2026-04-07T18:38:20.272;98;5,1
2026-04-07T18:38:21.231;100;5,6
2026-04-07T18:38:22.192;101;5,9
2026-04-07T18:38:23.153;104;6,4
2026-04-07T18:38:24.594;106;6,3
2026-04-07T18:38:25.553;107;5,9
2026-04-07T18:38:26.513;107;6,0
2026-04-07T18:38:27.472;107;6,2
2026-04-07T18:38:27.951;105;6,7
2026-04-07T18:38:30.353;104;6,8
2026-04-07T18:38:30.355;103;6,8
2026-04-07T18:38:31.312;102;6,6
2026-04-07T18:38:32.272;103;6,8
2026-04-07T18:38:33.231;103;6,7
2026-04-07T18:38:34.191;103;6,7
2026-04-07T18:38:35.153;103;6,7
2026-04-07T18:38:36.112;103;7,4
2026-04-07T18:38:37.073;102;6,9
2026-04-07T18:38:38.993;100;7,0
2026-04-07T18:38:38.995;99;6,7
2026-04-07T18:38:39.952;97;6,3
2026-04-07T18:38:41.392;97;6,3
2026-04-07T18:38:42.353;96;6,3
2026-04-07T18:38:43.791;97;6,4
2026-04-07T18:38:44.270;97;7,5
2026-04-07T18:38:45.713;99;6,9
2026-04-07T18:38:46.671;100;6,8
2026-04-07T18:38:47.151;100;6,8
2026-04-07T18:38:49.072;100;6,8
2026-04-07T18:38:49.553;99;6,9
2026-04-07T18:38:50.029;99;6,5
2026-04-07T18:38:53.853;100;6,5
2026-04-07T18:38:54.351;100;6,6
2026-04-07T18:38:54.352;100;6,6
2026-04-07T18:38:54.352;100;5,8
2026-04-07T18:38:55.313;100;5,3
2026-04-07T18:38:56.261;100;4,9
2026-04-07T18:38:57.232;99;4,7
2026-04-07T18:38:58.673;99;4,8
2026-04-07T18:38:59.633;101;5,5
2026-04-07T18:39:00.112;101;5,4
2026-04-07T18:39:01.073;102;3,6
2026-04-07T18:39:02.033;102;4,6
2026-04-07T18:39:02.993;102;4,6
2026-04-07T18:39:03.962;101;4,8
2026-04-07T18:39:04.911;100;4,8
2026-04-07T18:39:06.353;100;4,7
2026-04-07T18:39:07.791;100;4,8
2026-04-07T18:39:08.270;101;5,0
2026-04-07T18:39:10.193;101;4,8
2026-04-07T18:39:10.196;101;4,8
2026-04-07T18:39:11.632;101;4,8
2026-04-07T18:39:12.111;101;5,3
2026-04-07T18:39:14.033;99;5,5
2026-04-07T18:39:14.034;99;5,5
2026-04-07T18:39:14.993;98;5,5
2026-04-07T18:39:17.392;98;5,4
2026-04-07T18:39:17.393;98;4,7
2026-04-07T18:39:19.790;98;4,6
2026-04-07T18:39:19.791;98;4,6
2026-04-07T18:39:20.271;98;3,5
2026-04-07T18:39:21.232;98;3,3
2026-04-07T18:39:22.192;97;3,3
2026-04-07T18:39:23.152;97;3,3
2026-04-07T18:39:24.112;98;4,0
2026-04-07T18:39:25.072;98;4,0
2026-04-07T18:39:26.513;99;3,8
2026-04-07T18:39:26.990;100;3,9
2026-04-07T18:39:27.949;100;3,9
2026-04-07T18:39:30.354;100;3,8
2026-04-07T18:39:30.356;100;3,4
2026-04-07T18:39:31.792;99;4,1
2026-04-07T18:39:32.753;98;4,3
2026-04-07T18:39:33.231;98;4,7
2026-04-07T18:39:34.192;98;5,4
2026-04-07T18:39:35.152;99;5,8
2026-04-07T18:39:36.593;100;5,8
2026-04-07T18:39:37.071;100;5,9
2026-04-07T18:39:38.033;100;6,3
2026-04-07T18:39:38.993;99;6,5
2026-04-07T18:39:39.953;98;6,5
2026-04-07T18:39:40.913;98;6,1
2026-04-07T18:39:42.354;98;6,2
2026-04-07T18:39:43.312;99;6,5
2026-04-07T18:39:44.273;100;6,9
2026-04-07T18:39:45.233;102;6,9
2026-04-07T18:39:46.672;102;6,9
2026-04-07T18:39:47.151;101;7,6
2026-04-07T18:39:49.072;100;7,8
2026-04-07T18:39:49.075;99;7,6
2026-04-07T18:39:50.033;97;7,6
2026-04-07T18:39:50.992;97;7,4
2026-04-07T18:39:51.954;97;7,0
2026-04-07T18:39:52.913;98;6,9
2026-04-07T18:39:54.831;98;6,9
2026-04-07T18:39:55.792;99;6,5
2026-04-07T18:39:56.273;98;6,8
2026-04-07T18:39:57.234;97;7,3
2026-04-07T18:39:58.193;96;7,4
2026-04-07T18:39:59.154;95;7,4
2026-04-07T18:40:01.074;95;7,6
2026-04-07T18:40:01.075;95;7,5
2026-04-07T18:40:02.993;96;7,5
2026-04-07T18:40:02.994;97;7,5
2026-04-07T18:40:03.953;97;7,5
2026-04-07T18:40:05.393;97;6,9
2026-04-07T18:40:07.792;97;6,6
2026-04-07T18:40:07.794;96;6,4
2026-04-07T18:40:08.271;96;6,4
2026-04-07T18:40:09.217;95;6,5
2026-04-07T18:40:10.193;94;6,3
2026-04-07T18:40:11.153;94;6,2
2026-04-07T18:40:12.113;95;6,3
2026-04-07T18:40:13.553;95;6,8
2026-04-07T18:40:14.031;97;6,6
2026-04-07T18:40:14.993;97;5,9
2026-04-07T18:40:15.953;97;5,7
2026-04-07T18:40:16.913;97;6,0
2026-04-07T18:40:18.341;97;6,0
2026-04-07T18:40:19.313;96;5,6
2026-04-07T18:40:20.273;95;5,1
2026-04-07T18:40:21.231;95;5,1
2026-04-07T18:40:22.192;95;5,1
2026-04-07T18:40:23.152;95;5,1
2026-04-07T18:40:25.554;95;4,8
2026-04-07T18:40:25.555;95;4,8
2026-04-07T18:40:26.994;94;5,7
2026-04-07T18:40:26.995;93;6,8
2026-04-07T18:40:27.953;91;6,9
2026-04-07T18:40:28.913;90;6,9
2026-04-07T18:40:30.353;90;6,9
2026-04-07T18:40:31.356;90;7,2
2026-04-07T18:40:32.792;90;7,8
2026-04-07T18:40:33.232;91;7,9
2026-04-07T18:40:34.194;92;7,9
2026-04-07T18:40:35.153;92;7,9
2026-04-07T18:40:36.153;92;8,4
2026-04-07T18:40:37.074;91;8,4
2026-04-07T18:40:40.007;91;8,3
2026-04-07T18:40:40.007;91;8,6
2026-04-07T18:40:40.007;92;8,7
2026-04-07T18:40:40.962;92;8,7
2026-04-07T18:40:42.391;93;8,6
2026-04-07T18:40:43.372;93;8,6
2026-04-07T18:40:45.272;93;8,6
2026-04-07T18:40:45.272;93;8,0
2026-04-07T18:40:46.717;93;7,1
2026-04-07T18:40:47.202;94;6,9
2026-04-07T18:40:48.157;94;7,0
2026-04-07T18:40:49.603;94;7,0
2026-04-07T18:40:50.575;94;6,3
2026-04-07T18:40:51.034;94;5,1
2026-04-07T18:40:52.481;95;5,3
2026-04-07T18:40:52.911;96;5,6
2026-04-07T18:40:54.393;96;5,0
2026-04-07T18:40:55.358;97;4,5
2026-04-07T18:40:56.324;97;4,5
2026-04-07T18:40:57.286;97;4,4
2026-04-07T18:40:58.246;96;5,0
2026-04-07T18:40:59.680;95;5,0
2026-04-07T18:41:00.645;94;5,0
2026-04-07T18:41:01.124;95;5,8
2026-04-07T18:41:02.566;96;6,5
2026-04-07T18:41:03.953;97;6,9
2026-04-07T18:41:03.955;99;7,1
2026-04-07T18:41:05.919;99;7,1
2026-04-07T18:41:06.397;100;7,1
2026-04-07T18:41:07.350;99;7,1
2026-04-07T18:41:08.316;99;7,3
2026-04-07T18:41:09.758;98;7,2
2026-04-07T18:41:10.193;98;6,9
2026-04-07T18:41:11.679;98;6,6
2026-04-07T18:41:12.114;98;6,7
2026-04-07T18:41:13.117;98;6,7
2026-04-07T18:41:15.039;97;6,6
2026-04-07T18:41:15.039;97;6,4
2026-04-07T18:41:16.969;97;5,7
2026-04-07T18:41:17.393;97;5,8
2026-04-07T18:41:18.881;98;5,9
2026-04-07T18:41:19.312;98;5,0
2026-04-07T18:41:20.325;99;3,5
2026-04-07T18:41:21.283;99;3,5
2026-04-07T18:41:22.243;99;3,1
2026-04-07T18:41:24.152;98;3,0
2026-04-07T18:41:24.152;98;3,0
2026-04-07T18:41:26.080;98;2,4
2026-04-07T18:41:26.510;98;2,4
2026-04-07T18:41:27.046;98;2,6
2026-04-07T18:41:28.002;99;2,6
2026-04-07T18:41:31.361;99;2,5
2026-04-07T18:41:34.243;99;2,5
2026-04-07T18:41:34.243;100;2,7
2026-04-07T18:41:35.679;100;2,5
2026-04-07T18:41:35.680;99;2,7
2026-04-07T18:41:35.680;99;2,8
2026-04-07T18:41:35.681;98;2,7
2026-04-07T18:41:38.555;98;2,6
2026-04-07T18:41:38.556;98;2,5
2026-04-07T18:41:38.556;98;2,5
2026-04-07T18:41:40.001;98;2,5
2026-04-07T18:41:40.001;98;2,4
2026-04-07T18:41:41.913;98;2,4
2026-04-07T18:41:43.836;97;3,2
2026-04-07T18:41:44.322;95;4,2
2026-04-07T18:41:45.759;94;4,1
2026-04-07T18:41:45.760;94;4,0
