Phone timestamp;HR [bpm];HRV [ms];Breathing interval [rpm];
2026-04-07T17:31:54.028;126;2,5
2026-04-07T17:31:55.035;125;2,6
2026-04-07T17:31:55.997;125;2,6
2026-04-07T17:31:57.008;125;2,6
2026-04-07T17:31:58.008;124;3,0
2026-04-07T17:31:58.990;123;2,7
2026-04-07T17:32:00.016;122;2,6
2026-04-07T17:32:01.010;121;2,6
2026-04-07T17:32:01.989;121;2,6
2026-04-07T17:32:03.014;121;2,6
2026-04-07T17:32:04.004;121;2,5
2026-04-07T17:32:05.025;121;2,5
2026-04-07T17:32:06.013;121;2,5
2026-04-07T17:32:07.003;121;2,8
2026-04-07T17:32:08.027;121;2,3
2026-04-07T17:32:09.012;121;2,8
2026-04-07T17:32:10.003;120;2,8
2026-04-07T17:32:10.991;120;2,7
2026-04-07T17:32:12.016;120;2,7
2026-04-07T17:32:12.975;119;2,7
2026-04-07T17:32:13.974;118;3,6
2026-04-07T17:32:14.959;118;3,6
2026-04-07T17:32:16.031;117;3,6
2026-04-07T17:32:16.994;117;3,6
2026-04-07T17:32:18.014;117;3,6
2026-04-07T17:32:19.338;117;3,6
2026-04-07T17:32:20.288;117;3,6
2026-04-07T17:32:21.256;117;3,6
2026-04-07T17:32:22.693;116;3,5
2026-04-07T17:32:23.129;117;3,8
2026-04-07T17:32:24.138;118;3,4
2026-04-07T17:32:25.088;118;4,1
2026-04-07T17:32:26.053;120;4,1
2026-04-07T17:32:27.014;120;4,1
2026-04-07T17:32:28.455;120;3,6
2026-04-07T17:32:29.419;120;3,2
2026-04-07T17:32:30.386;119;3,2
2026-04-07T17:32:31.339;119;3,2
2026-04-07T17:32:32.780;119;3,2
2026-04-07T17:32:33.207;119;3,2
2026-04-07T17:32:34.694;120;3,2
2026-04-07T17:32:35.174;120;3,3
2026-04-07T17:32:36.131;119;3,2
2026-04-07T17:32:37.081;119;3,2
2026-04-07T17:32:39.014;119;2,9
2026-04-07T17:32:39.014;118;1,9
2026-04-07T17:32:40.452;118;1,8
2026-04-07T17:32:41.413;119;2,0
2026-04-07T17:32:42.341;119;2,0
2026-04-07T17:32:43.331;119;1,6
2026-04-07T17:32:44.291;120;1,6
2026-04-07T17:32:45.211;120;1,6
2026-04-07T17:32:46.170;120;1,6
2026-04-07T17:32:48.133;120;1,5
2026-04-07T17:32:48.134;119;1,6
2026-04-07T17:32:49.092;119;1,6
2026-04-07T17:32:50.061;119;1,4
2026-04-07T17:32:51.011;119;1,4
2026-04-07T17:32:52.449;119;1,4
2026-04-07T17:32:53.416;120;1,4
2026-04-07T17:32:54.380;119;1,4
2026-04-07T17:32:55.288;119;1,2
2026-04-07T17:32:56.250;119;1,3
2026-04-07T17:32:57.731;118;1,4
2026-04-07T17:32:58.168;118;1,3
2026-04-07T17:32:59.171;118;1,4
2026-04-07T17:33:00.135;119;1,4
2026-04-07T17:33:01.581;119;1,3
2026-04-07T17:33:02.007;119;1,3
2026-04-07T17:33:03.970;119;1,3
2026-04-07T17:33:04.456;119;1,4
2026-04-07T17:33:05.370;118;1,4
2026-04-07T17:33:07.339;118;1,5
2026-04-07T17:33:07.339;118;1,4
2026-04-07T17:33:08.292;119;1,6
2026-04-07T17:33:09.252;119;1,8
2026-04-07T17:33:10.216;120;1,8
2026-04-07T17:33:11.649;120;1,9
2026-04-07T17:33:12.089;120;1,8
2026-04-07T17:33:13.089;120;1,8
2026-04-07T17:33:14.055;120;1,8
2026-04-07T17:33:15.014;119;1,8
2026-04-07T17:33:16.457;119;1,8
2026-04-07T17:33:17.412;119;1,8
2026-04-07T17:33:18.374;119;1,7
2026-04-07T17:33:19.328;119;1,7
2026-04-07T17:33:20.287;119;1,7
2026-04-07T17:33:21.257;118;1,8
2026-04-07T17:33:22.211;117;2,1
2026-04-07T17:33:23.175;117;2,1
2026-04-07T17:33:24.616;116;1,9
2026-04-07T17:33:25.050;116;1,9
2026-04-07T17:33:26.050;117;1,9
2026-04-07T17:33:27.016;117;1,9
2026-04-07T17:33:29.419;117;1,9
2026-04-07T17:33:29.420;117;1,9
2026-04-07T17:33:30.376;116;2,5
2026-04-07T17:33:31.819;115;3,0
2026-04-07T17:33:32.298;113;3,1
2026-04-07T17:33:33.255;112;3,0
2026-04-07T17:33:35.174;112;3,1
2026-04-07T17:33:35.175;112;3,1
2026-04-07T17:33:36.141;113;3,2
2026-04-07T17:33:37.094;114;3,0
2026-04-07T17:33:38.051;114;3,2
2026-04-07T17:33:39.010;115;3,2
2026-04-07T17:33:40.449;115;3,2
2026-04-07T17:33:41.361;115;3,2
2026-04-07T17:33:42.372;115;3,2
2026-04-07T17:33:43.337;115;3,2
2026-04-07T17:33:44.296;115;3,2
2026-04-07T17:33:45.250;115;2,8
2026-04-07T17:33:46.211;115;2,3
2026-04-07T17:33:47.654;115;2,2
2026-04-07T17:33:48.089;115;2,2
2026-04-07T17:33:49.094;115;2,3
2026-04-07T17:33:50.054;114;2,4
2026-04-07T17:33:51.026;114;2,2
2026-04-07T17:33:52.461;113;2,1
2026-04-07T17:33:54.371;114;1,8
2026-04-07T17:33:54.372;114;2,0
2026-04-07T17:33:55.334;115;2,2
2026-04-07T17:33:56.297;116;2,2
2026-04-07T17:33:57.259;116;2,2
2026-04-07T17:33:58.227;116;2,5
2026-04-07T17:33:59.655;115;2,9
2026-04-07T17:34:00.126;114;2,9
2026-04-07T17:34:01.092;113;2,8
2026-04-07T17:34:02.056;113;2,8
2026-04-07T17:34:03.976;114;3,1
2026-04-07T17:34:04.409;114;3,1
2026-04-07T17:34:05.413;115;3,0
2026-04-07T17:34:06.854;115;2,9
2026-04-07T17:34:07.335;115;3,1
2026-04-07T17:34:08.718;114;3,2
2026-04-07T17:34:09.241;113;3,2
2026-04-07T17:34:10.219;113;3,2
2026-04-07T17:34:11.176;112;3,0
2026-04-07T17:34:13.099;112;3,1
2026-04-07T17:34:13.099;113;3,1
2026-04-07T17:34:14.053;113;2,7
2026-04-07T17:34:15.497;114;2,7
2026-04-07T17:34:16.879;114;2,7
2026-04-07T17:34:17.352;113;3,2
2026-04-07T17:34:18.809;113;3,2
2026-04-07T17:34:19.290;112;3,1
2026-04-07T17:34:20.728;111;3,1
2026-04-07T17:34:21.194;111;3,1
2026-04-07T17:34:22.157;112;3,1
2026-04-07T17:34:23.113;112;2,9
2026-04-07T17:34:24.140;113;3,1
2026-04-07T17:34:25.571;114;3,1
2026-04-07T17:34:26.010;115;3,2
2026-04-07T17:34:27.001;116;3,2
2026-04-07T17:34:28.397;117;3,1
2026-04-07T17:34:29.359;117;3,1
2026-04-07T17:34:30.370;117;2,9
2026-04-07T17:34:31.818;116;3,1
2026-04-07T17:34:32.250;115;3,3
2026-04-07T17:34:33.736;114;3,1
2026-04-07T17:34:34.169;112;3,1
2026-04-07T17:34:35.172;112;3,1
2026-04-07T17:34:36.135;112;3,1
2026-04-07T17:34:37.094;112;3,1
2026-04-07T17:34:38.052;112;3,2
2026-04-07T17:34:39.014;113;3,3
2026-04-07T17:34:40.455;114;2,9
2026-04-07T17:34:41.416;114;2,9
2026-04-07T17:34:42.858;112;3,5
2026-04-07T17:34:43.343;112;4,2
2026-04-07T17:34:44.300;110;4,2
2026-04-07T17:34:45.260;110;4,2
2026-04-07T17:34:46.171;111;4,2
2026-04-07T17:34:47.131;111;4,2
2026-04-07T17:34:49.092;112;4,0
2026-04-07T17:34:49.093;112;4,0
2026-04-07T17:34:50.054;112;4,0
2026-04-07T17:34:51.013;112;4,0
2026-04-07T17:34:52.457;113;4,0
2026-04-07T17:34:54.376;114;4,1
2026-04-07T17:34:54.376;114;3,9
2026-04-07T17:34:55.335;115;3,9
2026-04-07T17:34:56.302;115;3,9
2026-04-07T17:34:57.725;115;3,3
2026-04-07T17:34:58.222;114;2,5
2026-04-07T17:35:00.140;114;2,5
2026-04-07T17:35:00.141;114;2,5
2026-04-07T17:35:01.099;114;2,3
2026-04-07T17:35:02.058;114;1,9
2026-04-07T17:35:03.010;115;2,0
2026-04-07T17:35:04.453;115;1,9
2026-04-07T17:35:05.370;115;1,9
2026-04-07T17:35:06.379;115;2,0
2026-04-07T17:35:07.339;114;1,9
2026-04-07T17:35:08.299;114;1,7
2026-04-07T17:35:09.210;114;1,7
2026-04-07T17:35:10.158;114;1,7
2026-04-07T17:35:11.120;114;1,7
2026-04-07T17:35:12.111;114;1,6
2026-04-07T17:35:14.529;114;1,6
2026-04-07T17:35:14.530;114;1,5
2026-04-07T17:35:14.971;114;1,5
2026-04-07T17:35:16.461;114;1,5
2026-04-07T17:35:17.888;114;1,2
2026-04-07T17:35:18.370;114;1,2
2026-04-07T17:35:19.335;115;1,5
2026-04-07T17:35:20.251;116;2,0
2026-04-07T17:35:21.210;117;1,8
2026-04-07T17:35:22.170;117;1,7
2026-04-07T17:35:23.113;117;2,0
2026-04-07T17:35:24.560;116;2,4
2026-04-07T17:35:25.138;115;2,4
2026-04-07T17:35:26.013;115;2,5
2026-04-07T17:35:27.440;115;2,5
2026-04-07T17:35:29.896;115;2,5
2026-04-07T17:35:31.340;116;2,9
2026-04-07T17:35:31.340;118;3,2
2026-04-07T17:35:31.341;118;3,2
2026-04-07T17:35:32.774;120;3,2
2026-04-07T17:35:33.210;120;3,1
2026-04-07T17:35:35.610;121;3,1
2026-04-07T17:35:36.135;120;2,9
2026-04-07T17:35:36.570;120;3,0
2026-04-07T17:35:37.093;120;2,9
2026-04-07T17:35:39.015;119;2,9
2026-04-07T17:35:39.016;119;2,9
2026-04-07T17:35:40.458;119;3,0
2026-04-07T17:35:42.375;119;2,9
2026-04-07T17:35:42.375;119;2,9
2026-04-07T17:35:43.328;120;2,9
2026-04-07T17:35:45.256;119;2,6
2026-04-07T17:35:45.690;119;2,2
2026-04-07T17:35:46.172;119;2,1
2026-04-07T17:35:47.652;120;2,2
2026-04-07T17:35:48.091;120;2,2
2026-04-07T17:35:49.051;119;2,1
2026-04-07T17:35:50.058;118;2,7
2026-04-07T17:35:51.011;117;2,6
2026-04-07T17:35:55.292;117;2,5
2026-04-07T17:35:59.612;118;2,9
2026-04-07T17:35:59.615;118;2,7
2026-04-07T17:35:59.617;119;2,8
2026-04-07T17:35:59.619;120;2,9
2026-04-07T17:35:59.621;118;4,0
2026-04-07T17:35:59.623;115;5,8
2026-04-07T17:35:59.629;114;5,8
2026-04-07T17:36:00.082;113;6,1
2026-04-07T17:36:01.050;114;6,1
2026-04-07T17:36:02.011;114;6,2
2026-04-07T17:36:03.931;116;6,3
2026-04-07T17:36:04.408;117;6,3
2026-04-07T17:36:07.812;117;6,1
2026-04-07T17:36:07.812;117;6,1
2026-04-07T17:36:08.783;117;6,1
2026-04-07T17:36:09.208;117;6,0
2026-04-07T17:36:09.209;116;5,9
2026-04-07T17:36:13.101;117;6,1
2026-04-07T17:36:13.102;117;6,0
2026-04-07T17:36:13.102;119;5,6
2026-04-07T17:36:14.048;120;3,7
2026-04-07T17:36:14.049;121;3,8
2026-04-07T17:36:15.010;122;3,4
2026-04-07T17:36:17.379;122;3,1
2026-04-07T17:36:17.380;122;2,9
2026-04-07T17:36:18.378;122;2,8
2026-04-07T17:36:19.364;123;2,8
2026-04-07T17:36:20.277;123;2,8
2026-04-07T17:36:21.222;124;2,9
2026-04-07T17:36:22.171;124;2,6
2026-04-07T17:36:23.131;125;2,6
2026-04-07T17:36:25.051;126;2,3
2026-04-07T17:36:25.053;127;2,3
2026-04-07T17:36:26.493;128;1,7
2026-04-07T17:36:26.970;128;1,5
2026-04-07T17:36:28.446;127;1,5
2026-04-07T17:36:29.421;127;1,5
2026-04-07T17:36:30.370;127;1,5
2026-04-07T17:36:31.823;127;1,5
2026-04-07T17:36:32.293;127;1,5
2026-04-07T17:36:34.212;127;1,5
2026-04-07T17:36:34.213;127;1,4
2026-04-07T17:36:35.183;127;1,2
2026-04-07T17:36:36.620;127;1,2
2026-04-07T17:36:37.048;127;1,1
2026-04-07T17:36:38.057;127;1,1
2026-04-07T17:36:39.494;127;0,9
2026-04-07T17:36:40.461;127;0,9
2026-04-07T17:36:41.422;127;0,7
2026-04-07T17:36:44.774;128;1,0
2026-04-07T17:36:44.775;128;0,9
2026-04-07T17:36:44.776;128;1,2
2026-04-07T17:36:45.258;127;1,4
2026-04-07T17:36:46.209;127;1,4
2026-04-07T17:36:47.172;126;1,4
2026-04-07T17:36:48.144;125;1,5
2026-04-07T17:36:49.102;125;1,5
2026-04-07T17:36:50.063;124;1,5
2026-04-07T17:36:51.502;125;1,5
2026-04-07T17:36:52.451;125;1,7
2026-04-07T17:36:54.854;125;1,7
2026-04-07T17:36:54.854;126;1,7
2026-04-07T17:36:55.337;124;2,6
2026-04-07T17:36:56.283;122;3,7
2026-04-07T17:36:57.257;120;4,0
2026-04-07T17:36:58.695;118;3,9
2026-04-07T17:36:59.172;118;4,1
2026-04-07T17:37:00.618;120;4,7
2026-04-07T17:37:01.582;122;5,2
2026-04-07T17:37:02.056;125;5,3
2026-04-07T17:37:03.014;127;5,3
2026-04-07T17:37:04.452;129;5,7
2026-04-07T17:37:05.902;131;5,7
2026-04-07T17:37:06.328;133;5,8
2026-04-07T17:37:07.824;135;5,9
2026-04-07T17:37:08.249;136;5,9
2026-04-07T17:37:09.255;138;4,9
2026-04-07T17:37:10.223;140;4,7
2026-04-07T17:37:12.143;141;4,7
2026-04-07T17:37:12.144;142;4,2
2026-04-07T17:37:13.098;143;4,1
2026-04-07T17:37:14.060;144;3,4
2026-04-07T17:37:15.021;145;3,2
2026-04-07T17:37:16.941;147;3,2
2026-04-07T17:37:18.372;147;2,4
2026-04-07T17:37:18.373;149;2,3
2026-04-07T17:37:19.343;149;2,0
2026-04-07T17:37:20.773;150;2,0
2026-04-07T17:37:21.264;151;1,8
2026-04-07T17:37:22.210;152;1,8
2026-04-07T17:37:23.174;152;1,6
2026-04-07T17:37:24.623;153;1,6
2026-04-07T17:37:25.590;154;1,3
2026-04-07T17:37:29.903;154;1,1
2026-04-07T17:37:29.904;154;1,1
2026-04-07T17:37:29.904;155;1,1
2026-04-07T17:37:29.905;155;1,1
2026-04-07T17:37:30.853;156;1,1
2026-04-07T17:37:31.282;156;1,0
2026-04-07T17:37:32.297;156;1,1
2026-04-07T17:37:33.252;157;1,2
2026-04-07T17:37:35.653;157;1,2
2026-04-07T17:37:36.616;157;1,2
2026-04-07T17:37:36.617;157;1,2
2026-04-07T17:37:37.049;157;1,3
2026-04-07T17:37:41.416;157;1,3
2026-04-07T17:37:41.416;157;1,3
2026-04-07T17:37:41.417;158;1,3
2026-04-07T17:37:41.417;158;1,4
2026-04-07T17:37:42.314;158;1,3
2026-04-07T17:37:43.278;158;1,3
2026-04-07T17:37:44.243;157;1,3
2026-04-07T17:37:45.680;157;1,3
2026-04-07T17:37:46.173;157;1,2
2026-04-07T17:37:47.179;157;1,2
2026-04-07T17:37:49.524;158;1,2
2026-04-07T17:37:50.003;158;1,1
2026-04-07T17:37:50.961;159;1,1
2026-04-07T17:37:50.964;159;1,1
2026-04-07T17:37:54.342;160;1,0
2026-04-07T17:37:54.343;160;1,0
2026-04-07T17:37:54.344;161;1,0
2026-04-07T17:37:55.293;161;1,0
2026-04-07T17:37:56.301;161;1,1
2026-04-07T17:37:57.751;162;0,9
2026-04-07T17:37:59.175;162;1,0
2026-04-07T17:37:59.176;162;1,1
2026-04-07T17:38:01.098;162;1,1
2026-04-07T17:38:01.099;162;1,0
2026-04-07T17:38:02.056;163;1,0
2026-04-07T17:38:04.893;163;1,0
2026-04-07T17:38:06.863;163;1,0
2026-04-07T17:38:06.864;163;1,1
2026-04-07T17:38:06.865;164;1,0
2026-04-07T17:38:07.291;164;1,1
2026-04-07T17:38:08.297;164;1,3
2026-04-07T17:38:10.706;164;1,5
2026-04-07T17:38:10.707;164;1,4
2026-04-07T17:38:11.657;164;1,4
2026-04-07T17:38:12.620;164;1,4
2026-04-07T17:38:14.058;164;1,4
2026-04-07T17:38:14.058;164;1,4
2026-04-07T17:38:15.021;164;1,4
2026-04-07T17:38:16.453;163;1,4
2026-04-07T17:38:17.413;163;1,4
2026-04-07T17:38:18.812;163;1,3
2026-04-07T17:38:19.335;163;1,1
2026-04-07T17:38:20.249;163;0,8
2026-04-07T17:38:22.162;163;0,7
2026-04-07T17:38:22.165;164;1,0
2026-04-07T17:38:23.614;164;1,0
2026-04-07T17:38:24.074;164;0,9
2026-04-07T17:38:25.516;164;1,0
2026-04-07T17:38:25.999;164;1,0
2026-04-07T17:38:26.957;165;1,5
2026-04-07T17:38:28.879;165;1,9
2026-04-07T17:38:29.892;165;2,0
2026-04-07T17:38:30.856;166;2,0
2026-04-07T17:38:32.297;166;2,0
2026-04-07T17:38:32.297;166;2,0
2026-04-07T17:38:33.691;166;2,0
2026-04-07T17:38:34.173;166;2,3
2026-04-07T17:38:35.658;166;2,3
2026-04-07T17:38:37.583;166;2,2
2026-04-07T17:38:37.584;166;2,1
2026-04-07T17:38:38.010;166;1,8
2026-04-07T17:38:40.413;166;1,6
2026-04-07T17:38:40.416;166;1,4
2026-04-07T17:38:42.368;166;1,4
2026-04-07T17:38:42.369;167;1,4
2026-04-07T17:38:44.304;167;1,4
2026-04-07T17:38:44.732;166;1,5
2026-04-07T17:38:45.258;166;1,2
2026-04-07T17:38:46.217;166;1,2
2026-04-07T17:38:48.625;166;1,4
2026-04-07T17:38:51.020;165;1,5
2026-04-07T17:38:51.980;165;1,6
2026-04-07T17:38:51.980;165;1,6
2026-04-07T17:38:51.981;165;1,6
2026-04-07T17:38:52.935;165;1,6
2026-04-07T17:38:53.905;166;1,9
2026-04-07T17:38:54.371;167;44,6
2026-04-07T17:38:56.291;166;63,1
2026-04-07T17:38:56.731;166;63,1
2026-04-07T17:38:57.250;165;63,0
2026-04-07T17:39:00.140;165;63,0
2026-04-07T17:39:00.140;165;63,0
2026-04-07T17:39:00.141;164;63,0
2026-04-07T17:39:01.105;165;63,0
2026-04-07T17:39:02.059;164;63,0
2026-04-07T17:39:03.012;164;63,0
2026-04-07T17:39:04.449;164;63,0
2026-04-07T17:39:05.896;164;44,6
2026-04-07T17:39:07.343;164;1,3
2026-04-07T17:39:07.344;164;1,3
2026-04-07T17:39:08.304;164;1,4
2026-04-07T17:39:09.264;164;1,4
2026-04-07T17:39:10.690;164;1,4
2026-04-07T17:39:11.649;165;1,2
2026-04-07T17:39:12.092;165;1,2
2026-04-07T17:39:14.064;165;1,3
2026-04-07T17:39:15.017;165;1,3
2026-04-07T17:39:15.018;165;1,3
2026-04-07T17:39:16.457;165;1,1
2026-04-07T17:39:17.416;166;1,1
2026-04-07T17:39:18.388;166;0,9
2026-04-07T17:39:19.334;166;0,8
2026-04-07T17:39:20.732;166;0,8
2026-04-07T17:39:21.215;166;0,9
2026-04-07T17:39:23.173;167;0,9
2026-04-07T17:39:23.174;167;1,1
2026-04-07T17:39:25.098;167;1,1
2026-04-07T17:39:25.099;167;1,2
2026-04-07T17:39:26.057;167;1,1
2026-04-07T17:39:29.900;167;1,2
2026-04-07T17:39:29.900;167;1,2
2026-04-07T17:39:29.901;167;1,2
2026-04-07T17:39:30.858;166;1,2
2026-04-07T17:39:31.338;167;1,2
2026-04-07T17:39:32.777;167;1,2
2026-04-07T17:39:33.741;167;1,2
2026-04-07T17:39:34.698;166;1,0
2026-04-07T17:39:35.659;166;0,8
2026-04-07T17:39:36.091;166;0,9
2026-04-07T17:39:37.099;166;0,8
2026-04-07T17:39:38.056;165;0,8
2026-04-07T17:39:39.017;165;0,8
2026-04-07T17:39:40.454;166;1,0
2026-04-07T17:39:41.415;166;1,2
2026-04-07T17:39:42.374;166;1,4
2026-04-07T17:39:43.826;165;1,4
2026-04-07T17:39:44.294;165;1,4
2026-04-07T17:39:45.742;165;1,4
2026-04-07T17:39:46.173;166;1,5
2026-04-07T17:39:48.145;166;1,5
2026-04-07T17:39:48.146;165;1,6
2026-04-07T17:39:49.582;165;1,6
2026-04-07T17:39:51.017;165;1,7
2026-04-07T17:39:51.017;165;1,6
2026-04-07T17:39:54.374;166;1,4
2026-04-07T17:39:54.375;166;1,3
2026-04-07T17:39:54.375;166;1,4
2026-04-07T17:39:55.340;166;1,3
2026-04-07T17:39:59.658;166;1,3
2026-04-07T17:39:59.659;165;1,3
2026-04-07T17:39:59.659;165;1,2
2026-04-07T17:39:59.660;166;1,2
2026-04-07T17:40:00.090;166;1,4
2026-04-07T17:40:01.101;166;1,4
2026-04-07T17:40:03.024;166;1,4
2026-04-07T17:40:03.025;166;1,5
2026-04-07T17:40:04.465;166;1,3
2026-04-07T17:40:06.375;166;1,2
2026-04-07T17:40:07.338;166;1,3
2026-04-07T17:40:07.339;167;1,3
2026-04-07T17:40:08.295;167;1,3
2026-04-07T17:40:09.746;167;1,5
2026-04-07T17:40:10.709;167;1,3
2026-04-07T17:40:11.132;167;1,3
2026-04-07T17:40:12.145;167;1,2
2026-04-07T17:40:14.053;167;1,2
2026-04-07T17:40:14.054;168;1,1
2026-04-07T17:40:15.013;167;1,2
2026-04-07T17:40:16.451;167;1,2
2026-04-07T17:40:17.412;167;1,1
2026-04-07T17:40:18.371;168;1,3
2026-04-07T17:40:19.345;168;1,1
2026-04-07T17:40:20.294;168;1,1
2026-04-07T17:40:21.255;168;2,1
2026-04-07T17:40:23.180;168;2,1
2026-04-07T17:40:23.180;167;2,7
2026-04-07T17:40:24.143;168;2,8
2026-04-07T17:40:27.501;168;2,8
2026-04-07T17:40:27.502;168;2,8
2026-04-07T17:40:27.503;168;2,8
2026-04-07T17:40:29.905;168;2,8
2026-04-07T17:40:29.906;168;2,7
2026-04-07T17:40:30.333;168;2,7
2026-04-07T17:40:31.817;168;2,6
2026-04-07T17:40:34.226;168;2,0
2026-04-07T17:40:34.227;168;1,7
2026-04-07T17:40:34.228;168;0,9
2026-04-07T17:40:35.661;167;0,9
2026-04-07T17:40:36.622;167;0,8
2026-04-07T17:40:38.054;168;0,8
2026-04-07T17:40:38.055;168;0,9
2026-04-07T17:40:39.015;168;1,0
2026-04-07T17:40:42.861;168;1,0
2026-04-07T17:40:42.862;168;1,1
2026-04-07T17:40:42.863;168;1,6
2026-04-07T17:40:45.744;168;1,5
2026-04-07T17:40:45.746;168;1,5
2026-04-07T17:40:45.747;168;1,5
2026-04-07T17:40:47.604;168;1,6
2026-04-07T17:40:47.608;167;1,6
2026-04-07T17:40:49.580;167;1,7
2026-04-07T17:40:49.997;167;1,6
2026-04-07T17:40:50.000;166;1,6
2026-04-07T17:40:51.975;166;1,5
2026-04-07T17:40:52.403;166;1,2
2026-04-07T17:40:53.414;166;1,2
2026-04-07T17:40:54.372;165;1,2
2026-04-07T17:40:55.335;166;1,2
2026-04-07T17:40:56.786;166;1,2
2026-04-07T17:40:57.260;166;1,1
2026-04-07T17:40:58.699;166;1,1
2026-04-07T17:41:01.105;167;1,0
2026-04-07T17:41:01.106;167;1,0
2026-04-07T17:41:01.107;167;1,1
2026-04-07T17:41:04.463;167;1,0
2026-04-07T17:41:04.463;167;0,6
2026-04-07T17:41:04.464;167;0,6
2026-04-07T17:41:05.417;167;0,6
2026-04-07T17:41:06.330;167;0,6
2026-04-07T17:41:07.818;167;0,6
2026-04-07T17:41:08.296;167;0,6
2026-04-07T17:41:09.732;167;0,7
2026-04-07T17:41:10.171;167;1,0
2026-04-07T17:41:11.176;167;0,9
2026-04-07T17:41:12.138;167;0,9
2026-04-07T17:41:13.094;167;1,0
2026-04-07T17:41:14.012;167;1,0
2026-04-07T17:41:14.973;166;1,0
2026-04-07T17:41:16.952;166;1,0
2026-04-07T17:41:17.362;166;1,1
2026-04-07T17:41:18.379;165;1,2
2026-04-07T17:41:19.816;165;1,1
2026-04-07T17:41:20.295;165;0,9
2026-04-07T17:41:21.259;165;0,9
2026-04-07T17:41:22.213;165;0,9
2026-04-07T17:41:23.175;164;0,9
2026-04-07T17:41:24.140;164;0,9
2026-04-07T17:41:25.099;164;0,9
2026-04-07T17:41:26.061;163;1,2
2026-04-07T17:41:27.026;163;1,1
2026-04-07T17:41:28.468;162;1,1
2026-04-07T17:41:29.418;162;1,0
2026-04-07T17:41:30.334;162;0,9
2026-04-07T17:41:31.331;162;0,9
2026-04-07T17:41:32.293;162;1,0
2026-04-07T17:41:33.255;161;1,0
2026-04-07T17:41:34.218;161;1,1
2026-04-07T17:41:35.180;160;1,1
2026-04-07T17:41:36.080;160;0,9
2026-04-07T17:41:37.054;160;0,8
2026-04-07T17:41:37.997;159;0,7
2026-04-07T17:41:38.962;159;0,8
2026-04-07T17:41:40.463;159;0,9
2026-04-07T17:41:41.420;158;0,9
2026-04-07T17:41:42.373;155;2,0
2026-04-07T17:41:43.334;151;3,1
2026-04-07T17:41:44.253;146;3,8
2026-04-07T17:41:45.253;141;4,0
2026-04-07T17:41:46.206;140;4,0
2026-04-07T17:41:47.176;139;4,2
2026-04-07T17:41:49.095;140;4,3
2026-04-07T17:41:49.096;141;4,5
2026-04-07T17:41:50.495;143;4,6
2026-04-07T17:41:51.019;144;4,6
2026-04-07T17:41:52.451;145;4,6
2026-04-07T17:41:53.421;146;4,6
2026-04-07T17:41:54.377;147;4,4
2026-04-07T17:41:55.819;147;3,5
2026-04-07T17:41:56.303;147;2,7
2026-04-07T17:41:57.735;148;2,4
2026-04-07T17:41:58.172;148;2,4
2026-04-07T17:42:00.137;148;2,0
2026-04-07T17:42:01.106;148;1,7
2026-04-07T17:42:01.107;147;1,2
2026-04-07T17:42:02.067;147;1,1
2026-04-07T17:42:06.858;146;1,2
2026-04-07T17:42:06.859;145;1,2
2026-04-07T17:42:06.860;144;1,4
2026-04-07T17:42:06.861;143;1,4
2026-04-07T17:42:07.775;142;1,4
2026-04-07T17:42:08.734;142;1,6
2026-04-07T17:42:10.215;141;1,6
2026-04-07T17:42:10.216;140;1,6
2026-04-07T17:42:13.581;139;1,8
2026-04-07T17:42:13.582;139;1,9
2026-04-07T17:42:13.582;139;1,8
2026-04-07T17:42:14.542;139;1,8
2026-04-07T17:42:15.027;138;1,8
2026-04-07T17:42:16.461;138;1,9
2026-04-07T17:42:17.423;137;1,9
2026-04-07T17:42:18.382;136;2,1
2026-04-07T17:42:19.344;135;2,1
2026-04-07T17:42:20.301;134;2,1
2026-04-07T17:42:21.742;133;2,1
2026-04-07T17:42:22.174;133;2,2
2026-04-07T17:42:23.123;133;2,2
2026-04-07T17:42:24.087;133;2,0
2026-04-07T17:42:25.098;132;2,0
2026-04-07T17:42:26.535;132;2,1
2026-04-07T17:42:26.974;131;2,1
2026-04-07T17:42:28.458;130;2,1
2026-04-07T17:42:29.419;130;2,0
2026-04-07T17:42:31.345;130;2,0
2026-04-07T17:42:31.346;130;2,0
2026-04-07T17:42:32.789;130;1,7
2026-04-07T17:42:33.263;129;1,8
2026-04-07T17:42:34.225;128;1,7
2026-04-07T17:42:35.178;127;1,7
2026-04-07T17:42:37.100;127;1,6
2026-04-07T17:42:37.533;127;1,6
2026-04-07T17:42:38.060;127;1,5
2026-04-07T17:42:39.024;127;1,6
2026-04-07T17:42:40.946;128;1,4
2026-04-07T17:42:41.372;128;1,4
2026-04-07T17:42:43.823;128;1,4
2026-04-07T17:42:43.824;127;1,6
2026-04-07T17:42:44.294;126;1,7
2026-04-07T17:42:45.240;126;1,5
2026-04-07T17:42:46.690;125;1,4
2026-04-07T17:42:47.179;125;1,5
2026-04-07T17:42:48.622;125;1,6
2026-04-07T17:42:49.582;125;1,6
2026-04-07T17:42:50.055;124;1,6
2026-04-07T17:42:51.498;124;1,7
2026-04-07T17:42:51.932;123;1,7
2026-04-07T17:42:53.421;123;1,7
2026-04-07T17:42:56.779;122;1,7
2026-04-07T17:42:57.734;122;1,7
2026-04-07T17:42:57.735;122;1,9
2026-04-07T17:42:57.735;123;1,9
2026-04-07T17:42:58.173;124;1,8
2026-04-07T17:42:59.651;124;1,8
2026-04-07T17:43:00.613;124;1,9
2026-04-07T17:43:01.577;123;1,8
2026-04-07T17:43:03.501;123;1,7
2026-04-07T17:43:03.502;123;1,7
2026-04-07T17:43:04.414;123;1,8
2026-04-07T17:43:05.421;123;1,9
2026-04-07T17:43:07.829;122;1,9
2026-04-07T17:43:07.830;122;1,9
2026-04-07T17:43:08.782;122;1,9
2026-04-07T17:43:09.214;122;1,9
2026-04-07T17:43:10.215;122;2,0
2026-04-07T17:43:11.176;123;1,9
2026-04-07T17:43:12.142;123;1,9
2026-04-07T17:43:14.063;122;2,0
2026-04-07T17:43:14.064;122;1,8
2026-04-07T17:43:15.500;122;1,9
2026-04-07T17:43:15.978;121;1,8
2026-04-07T17:43:17.895;121;1,8
2026-04-07T17:43:18.857;121;2,0
2026-04-07T17:43:19.825;122;1,9
2026-04-07T17:43:20.252;122;1,7
2026-04-07T17:43:21.260;122;1,7
2026-04-07T17:43:23.662;122;1,7
2026-04-07T17:43:25.099;122;1,7
2026-04-07T17:43:25.100;121;2,0
2026-04-07T17:43:25.100;121;1,7
2026-04-07T17:43:26.063;120;1,9
2026-04-07T17:43:27.506;120;1,9
2026-04-07T17:43:27.917;120;2,3
2026-04-07T17:43:29.429;120;2,3
2026-04-07T17:43:30.381;120;2,3
2026-04-07T17:43:31.279;120;2,3
2026-04-07T17:43:32.253;120;2,6
2026-04-07T17:43:33.695;119;2,5
2026-04-07T17:43:34.159;118;2,6
2026-04-07T17:43:35.672;118;2,7
2026-04-07T17:43:36.095;117;2,7
2026-04-07T17:43:38.476;117;2,7
2026-04-07T17:43:38.479;117;2,6
2026-04-07T17:43:38.960;117;2,5
2026-04-07T17:43:40.454;118;2,4
2026-04-07T17:43:41.409;117;2,5
2026-04-07T17:43:42.324;118;2,5
2026-04-07T17:43:45.252;118;2,1
2026-04-07T17:43:45.253;118;2,3
2026-04-07T17:43:45.253;118;2,3
2026-04-07T17:43:46.162;117;2,4
2026-04-07T17:43:48.079;117;2,0
2026-04-07T17:43:48.080;117;2,0
2026-04-07T17:43:49.101;117;1,8
2026-04-07T17:43:50.057;117;1,8
2026-04-07T17:43:51.017;117;1,8
2026-04-07T17:43:51.969;117;1,8
2026-04-07T17:43:53.420;117;1,8
2026-04-07T17:43:54.384;117;1,7
2026-04-07T17:43:55.343;117;1,7
2026-04-07T17:43:56.719;117;1,7
2026-04-07T17:43:57.260;117;1,6
2026-04-07T17:43:58.216;117;1,6
2026-04-07T17:43:59.181;117;1,9
2026-04-07T17:44:00.143;117;1,8
2026-04-07T17:44:01.107;117;1,8
2026-04-07T17:44:02.538;118;1,8
2026-04-07T17:44:02.976;118;1,8
2026-04-07T17:44:03.979;119;2,1
2026-04-07T17:44:06.384;119;2,1
2026-04-07T17:44:06.814;118;2,3
2026-04-07T17:44:09.743;117;2,4
2026-04-07T17:44:09.744;117;2,6
2026-04-07T17:44:10.229;117;2,6
2026-04-07T17:44:10.229;117;2,6
2026-04-07T17:44:11.664;118;2,5
2026-04-07T17:44:12.095;118;2,5
2026-04-07T17:44:13.582;118;2,4
2026-04-07T17:44:14.541;118;2,1
2026-04-07T17:44:15.024;117;2,1
2026-04-07T17:44:16.458;118;2,1
2026-04-07T17:44:17.414;117;2,3
2026-04-07T17:44:18.382;118;2,5
2026-04-07T17:44:19.775;118;2,4
2026-04-07T17:44:20.255;118;2,4
2026-04-07T17:44:21.738;118;2,3
2026-04-07T17:44:22.174;117;2,2
2026-04-07T17:44:23.177;117;2,0
2026-04-07T17:44:24.130;117;2,1
2026-04-07T17:44:25.075;118;2,1
2026-04-07T17:44:26.110;118;2,1
2026-04-07T17:44:26.982;118;2,2
2026-04-07T17:44:27.935;118;2,2
2026-04-07T17:44:29.418;118;2,2
2026-04-07T17:44:30.851;118;2,2
2026-04-07T17:44:31.773;117;2,2
2026-04-07T17:44:32.782;117;2,1
2026-04-07T17:44:34.217;117;1,9
2026-04-07T17:44:34.218;117;1,7
2026-04-07T17:44:35.175;117;1,6
2026-04-07T17:44:36.134;117;1,6
2026-04-07T17:44:37.104;117;1,7
2026-04-07T17:44:38.533;117;1,8
2026-04-07T17:44:38.972;117;1,5
2026-04-07T17:44:39.981;117;1,5
2026-04-07T17:44:41.907;117;1,6
2026-04-07T17:44:42.859;118;1,7
2026-04-07T17:44:43.825;118;1,7
2026-04-07T17:44:44.255;119;1,8
2026-04-07T17:44:45.264;119;1,7
2026-04-07T17:44:46.224;120;1,6
2026-04-07T17:44:47.175;120;1,7
2026-04-07T17:44:48.140;121;1,7
2026-04-07T17:44:49.097;121;1,7
2026-04-07T17:44:50.064;121;1,6
2026-04-07T17:44:51.022;120;2,0
2026-04-07T17:44:51.934;120;2,0
2026-04-07T17:44:53.374;119;2,0
2026-04-07T17:44:54.335;119;2,0
2026-04-07T17:44:55.294;119;2,0
2026-04-07T17:44:56.254;119;1,9
2026-04-07T17:44:57.215;119;1,9
2026-04-07T17:44:58.698;119;1,8
2026-04-07T17:45:00.138;119;1,8
2026-04-07T17:45:00.139;119;1,9
2026-04-07T17:45:01.074;118;2,1
2026-04-07T17:45:03.019;117;2,1
2026-04-07T17:45:03.020;117;2,1
2026-04-07T17:45:03.982;116;2,1
2026-04-07T17:45:05.420;116;2,1
2026-04-07T17:45:06.856;116;1,7
2026-04-07T17:45:07.294;116;1,6
2026-04-07T17:45:08.297;116;1,7
2026-04-07T17:45:09.256;116;1,7
2026-04-07T17:45:10.225;115;1,7
2026-04-07T17:45:11.176;116;1,6
2026-04-07T17:45:12.138;115;1,7
2026-04-07T17:45:15.019;116;1,8
2026-04-07T17:45:15.454;115;2,4
2026-04-07T17:45:15.457;114;2,3
2026-04-07T17:45:15.980;113;2,4
2026-04-07T17:45:17.423;112;2,5
2026-04-07T17:45:19.825;112;2,5
2026-04-07T17:45:19.826;111;2,4
2026-04-07T17:45:20.786;111;2,4
2026-04-07T17:45:22.217;111;2,5
2026-04-07T17:45:22.218;112;2,8
2026-04-07T17:45:23.174;112;2,8
2026-04-07T17:45:24.134;113;2,8
2026-04-07T17:45:26.070;113;2,8
2026-04-07T17:45:26.071;113;2,8
2026-04-07T17:45:27.022;112;2,8
2026-04-07T17:45:27.988;112;2,7
2026-04-07T17:45:29.429;113;2,7
2026-04-07T17:45:30.866;113;2,4
2026-04-07T17:45:31.293;114;2,2
2026-04-07T17:45:32.300;114;2,2
2026-04-07T17:45:33.743;114;2,1
2026-04-07T17:45:34.175;114;2,1
2026-04-07T17:45:35.183;114;2,1
2026-04-07T17:45:36.146;113;2,1
2026-04-07T17:45:37.096;113;1,6
2026-04-07T17:45:38.086;114;1,6
2026-04-07T17:45:39.030;114;1,8
2026-04-07T17:45:41.426;114;1,8
2026-04-07T17:45:41.427;115;1,7
2026-04-07T17:45:42.378;115;1,8
2026-04-07T17:45:43.339;115;1,8
2026-04-07T17:45:45.261;115;1,7
2026-04-07T17:45:45.261;115;1,3
2026-04-07T17:45:46.700;115;1,3
2026-04-07T17:45:47.666;114;1,3
2026-04-07T17:45:48.627;114;1,3
2026-04-07T17:45:49.053;115;1,4
2026-04-07T17:45:50.545;115;1,6
2026-04-07T17:45:50.975;116;1,8
2026-04-07T17:45:52.403;117;1,8
2026-04-07T17:45:53.843;117;1,8
2026-04-07T17:45:54.357;117;1,5
2026-04-07T17:45:55.328;117;1,7
2026-04-07T17:45:56.242;117;1,8
2026-04-07T17:45:57.199;116;1,8
2026-04-07T17:45:59.123;116;1,8
2026-04-07T17:46:00.616;115;1,8
2026-04-07T17:46:01.588;116;1,9
2026-04-07T17:46:01.588;116;2,1
2026-04-07T17:46:02.058;116;2,1
2026-04-07T17:46:03.028;116;2,1
2026-04-07T17:46:03.973;116;2,2
2026-04-07T17:46:05.901;115;2,4
2026-04-07T17:46:06.384;114;2,5
2026-04-07T17:46:07.337;114;2,4
2026-04-07T17:46:08.775;114;2,5
2026-04-07T17:46:09.263;114;2,5
2026-04-07T17:46:10.696;114;2,5
2026-04-07T17:46:11.182;114;2,4
2026-04-07T17:46:12.631;114;2,4
2026-04-07T17:46:13.591;114;2,4
2026-04-07T17:46:14.059;114;2,4
2026-04-07T17:46:15.016;113;2,3
2026-04-07T17:46:16.460;113;2,2
2026-04-07T17:46:17.424;113;2,2
2026-04-07T17:46:18.382;113;2,3
2026-04-07T17:46:19.343;113;2,3
2026-04-07T17:46:20.302;114;2,3
2026-04-07T17:46:22.221;114;1,9
2026-04-07T17:46:22.222;114;1,7
2026-04-07T17:46:23.178;114;1,7
2026-04-07T17:46:24.096;114;1,8
2026-04-07T17:46:25.055;113;1,7
2026-04-07T17:46:26.015;113;1,7
2026-04-07T17:46:27.026;113;1,7
2026-04-07T17:46:27.987;113;1,9
2026-04-07T17:46:29.426;113;2,1
2026-04-07T17:46:30.381;114;2,1
2026-04-07T17:46:31.345;115;2,1
2026-04-07T17:46:32.777;114;2,5
2026-04-07T17:46:33.745;113;2,6
2026-04-07T17:46:34.175;113;2,7
2026-04-07T17:46:35.134;112;2,6
2026-04-07T17:46:36.136;112;2,5
2026-04-07T17:46:37.096;111;2,5
2026-04-07T17:46:38.058;111;2,4
2026-04-07T17:46:39.031;111;2,3
2026-04-07T17:46:39.986;112;2,4
2026-04-07T17:46:41.376;113;2,8
2026-04-07T17:46:42.381;114;2,9
2026-04-07T17:46:43.339;115;2,8
2026-04-07T17:46:44.305;115;2,5
2026-04-07T17:46:45.260;115;2,6
2026-04-07T17:46:46.227;115;2,6
2026-04-07T17:46:47.667;115;2,6
2026-04-07T17:46:48.093;115;2,2
2026-04-07T17:46:49.101;115;1,9
2026-04-07T17:46:50.065;115;1,9
2026-04-07T17:46:51.023;115;1,9
2026-04-07T17:46:52.465;116;2,4
2026-04-07T17:46:53.429;117;2,5
2026-04-07T17:46:54.381;117;2,5
2026-04-07T17:46:55.342;117;2,7
2026-04-07T17:46:56.294;116;2,6
2026-04-07T17:46:57.259;116;2,5
2026-04-07T17:46:58.220;115;2,5
2026-04-07T17:46:59.186;116;2,5
2026-04-07T17:47:00.135;116;2,7
2026-04-07T17:47:01.096;117;2,8
2026-04-07T17:47:02.057;117;2,8
2026-04-07T17:47:03.016;118;2,9
2026-04-07T17:47:04.942;119;3,0
2026-04-07T17:47:05.425;120;3,2
2026-04-07T17:47:06.868;121;2,9
2026-04-07T17:47:07.293;122;2,8
2026-04-07T17:47:08.295;123;2,8
2026-04-07T17:47:09.265;124;3,0
2026-04-07T17:47:10.224;125;2,7
2026-04-07T17:47:11.177;125;2,5
2026-04-07T17:47:13.101;126;2,5
2026-04-07T17:47:13.102;126;2,5
2026-04-07T17:47:14.059;126;2,5
2026-04-07T17:47:15.026;126;2,4
2026-04-07T17:47:16.461;126;2,3
2026-04-07T17:47:17.441;126;2,3
2026-04-07T17:47:18.385;126;2,2
2026-04-07T17:47:19.339;127;1,9
2026-04-07T17:47:21.740;126;1,8
2026-04-07T17:47:21.741;126;1,8
2026-04-07T17:47:22.225;125;1,8
2026-04-07T17:47:24.141;124;1,5
2026-04-07T17:47:24.142;124;2,1
2026-04-07T17:47:26.068;123;2,1
2026-04-07T17:47:26.069;123;2,3
2026-04-07T17:47:27.511;123;2,3
2026-04-07T17:47:28.939;124;2,2
2026-04-07T17:47:29.373;125;2,2
2026-04-07T17:47:30.383;125;2,3
2026-04-07T17:47:31.347;126;2,3
2026-04-07T17:47:32.256;126;2,6
2026-04-07T17:47:33.266;124;3,6
2026-04-07T17:47:34.220;120;5,0
2026-04-07T17:47:35.186;119;5,0
2026-04-07T17:47:36.084;118;5,2
2026-04-07T17:47:37.095;119;5,4
2026-04-07T17:47:38.059;120;5,3
2026-04-07T17:47:38.958;121;5,3
2026-04-07T17:47:40.415;122;5,3
2026-04-07T17:47:41.365;123;5,3
2026-04-07T17:47:44.724;123;5,3
2026-04-07T17:47:44.726;124;5,3
2026-04-07T17:47:44.728;124;5,2
2026-04-07T17:47:45.266;126;5,3
2026-04-07T17:47:47.603;127;5,2
2026-04-07T17:47:47.605;128;4,6
2026-04-07T17:47:48.095;128;3,0
2026-04-07T17:47:49.069;129;3,0
2026-04-07T17:47:50.006;129;2,7
2026-04-07T17:47:50.976;128;2,3
2026-04-07T17:47:53.904;128;1,9
2026-04-07T17:47:53.904;128;1,8
2026-04-07T17:47:54.334;128;1,7
2026-04-07T17:47:55.822;128;1,8
2026-04-07T17:47:56.301;128;1,7
2026-04-07T17:47:57.259;128;1,6
2026-04-07T17:47:58.222;128;1,6
2026-04-07T17:48:00.146;128;1,2
2026-04-07T17:48:00.576;128;1,1
2026-04-07T17:48:01.100;127;1,3
2026-04-07T17:48:02.063;127;1,3
2026-04-07T17:48:03.029;126;1,5
2026-04-07T17:48:03.983;125;1,4
2026-04-07T17:48:05.422;125;1,3
2026-04-07T17:48:06.869;125;1,3
2026-04-07T17:48:07.837;125;1,4
2026-04-07T17:48:08.786;125;1,4
2026-04-07T17:48:09.744;125;1,3
2026-04-07T17:48:10.176;124;1,5
2026-04-07T17:48:11.183;124;1,6
2026-04-07T17:48:12.145;123;1,6
2026-04-07T17:48:14.061;123;1,9
2026-04-07T17:48:14.062;122;2,1
2026-04-07T17:48:15.500;122;2,0
2026-04-07T17:48:16.460;123;2,0
2026-04-07T17:48:17.900;123;2,0
2026-04-07T17:48:19.776;123;2,0
2026-04-07T17:48:19.778;123;2,1
2026-04-07T17:48:20.775;122;2,8
2026-04-07T17:48:21.215;120;3,0
2026-04-07T17:48:22.227;119;3,0
2026-04-07T17:48:23.184;119;3,0
2026-04-07T17:48:24.618;118;3,0
2026-04-07T17:48:25.058;118;2,9
2026-04-07T17:48:26.540;118;3,2
2026-04-07T17:48:26.976;119;3,0
2026-04-07T17:48:27.983;120;3,1
2026-04-07T17:48:29.423;120;3,0
2026-04-07T17:48:30.860;120;3,4
2026-04-07T17:48:31.822;118;3,8
2026-04-07T17:48:32.254;117;3,9
2026-04-07T17:48:33.742;116;3,9
2026-04-07T17:48:34.220;115;3,9
2026-04-07T17:48:35.661;116;3,9
2026-04-07T17:48:36.093;116;3,8
2026-04-07T17:48:37.098;117;4,0
2026-04-07T17:48:38.062;118;4,0
2026-04-07T17:48:40.462;118;3,9
2026-04-07T17:48:40.463;119;4,0
2026-04-07T17:48:41.376;119;3,7
2026-04-07T17:48:42.860;119;3,8
2026-04-07T17:48:43.297;118;3,7
2026-04-07T17:48:44.300;118;3,7
2026-04-07T17:48:45.265;119;2,9
2026-04-07T17:48:46.220;120;3,0
2026-04-07T17:48:47.176;121;3,0
2026-04-07T17:48:48.138;121;3,1
2026-04-07T17:48:49.096;121;3,2
2026-04-07T17:48:50.052;120;2,7
2026-04-07T17:48:51.015;120;2,7
2026-04-07T17:48:52.467;120;2,5
2026-04-07T17:48:53.416;120;3,1
2026-04-07T17:48:54.392;121;3,1
2026-04-07T17:48:55.826;122;3,2
2026-04-07T17:48:56.255;123;3,3
2026-04-07T17:48:57.260;125;3,3
2026-04-07T17:48:58.701;127;3,7
2026-04-07T17:48:59.180;129;3,8
2026-04-07T17:49:00.144;131;3,6
2026-04-07T17:49:01.104;133;3,6
2026-04-07T17:49:02.542;135;3,6
2026-04-07T17:49:03.499;136;3,8
2026-04-07T17:49:03.935;138;3,7
2026-04-07T17:49:05.427;139;3,7
2026-04-07T17:49:07.286;140;4,8
2026-04-07T17:49:07.289;140;4,8
2026-04-07T17:49:09.735;140;4,6
2026-04-07T17:49:09.736;143;4,8
2026-04-07T17:49:10.646;144;4,6
2026-04-07T17:49:11.598;146;4,5
2026-04-07T17:49:13.517;147;4,4
2026-04-07T17:49:13.519;148;4,3
2026-04-07T17:49:13.998;148;4,3
2026-04-07T17:49:14.963;149;4,1
2026-04-07T17:49:15.970;150;4,1
2026-04-07T17:49:17.424;151;4,1
2026-04-07T17:49:18.801;151;4,0
2026-04-07T17:49:19.282;152;2,0
2026-04-07T17:49:20.238;153;2,0
2026-04-07T17:49:21.200;153;1,2
2026-04-07T17:49:22.166;154;1,2
2026-04-07T17:49:23.118;154;1,2
2026-04-07T17:49:24.082;155;1,1
2026-04-07T17:49:25.519;155;1,4
2026-04-07T17:49:26.003;156;1,5
2026-04-07T17:49:26.960;156;1,4
2026-04-07T17:49:28.399;156;1,4
2026-04-07T17:49:29.366;157;1,7
2026-04-07T17:49:30.336;157;1,9
2026-04-07T17:49:31.299;158;1,9
2026-04-07T17:49:32.258;157;1,9
2026-04-07T17:49:33.686;157;2,0
2026-04-07T17:49:34.173;158;1,9
2026-04-07T17:49:35.121;158;2,0
2026-04-07T17:49:36.085;158;1,7
2026-04-07T17:49:37.098;158;1,7
2026-04-07T17:49:37.998;157;1,7
2026-04-07T17:49:38.968;158;1,8
2026-04-07T17:49:39.924;158;1,5
2026-04-07T17:49:41.358;158;1,6
2026-04-07T17:49:42.325;158;1,5
2026-04-07T17:49:43.280;158;1,5
2026-04-07T17:49:44.238;159;1,6
2026-04-07T17:49:45.202;159;1,6
2026-04-07T17:49:46.702;159;1,6
2026-04-07T17:49:48.079;159;1,6
2026-04-07T17:49:48.083;159;1,6
2026-04-07T17:49:49.038;159;1,6
2026-04-07T17:49:50.007;159;1,5
2026-04-07T17:49:51.441;159;1,6
2026-04-07T17:49:52.406;160;1,2
2026-04-07T17:49:53.359;160;1,2
2026-04-07T17:49:54.806;160;1,2
2026-04-07T17:49:55.279;160;0,9
2026-04-07T17:49:56.737;160;0,9
2026-04-07T17:49:57.218;160;0,9
2026-04-07T17:49:59.118;161;0,9
2026-04-07T17:49:59.120;161;1,2
2026-04-07T17:50:00.566;161;1,1
2026-04-07T17:50:01.039;161;1,4
2026-04-07T17:50:02.000;161;1,4
2026-04-07T17:50:02.959;161;1,3
2026-04-07T17:50:03.919;161;1,3
2026-04-07T17:50:05.358;162;1,3
2026-04-07T17:50:06.863;161;1,3
2026-04-07T17:50:07.283;161;1,4
2026-04-07T17:50:08.239;162;1,4
2026-04-07T17:50:09.197;162;1,4
2026-04-07T17:50:10.162;163;1,7
2026-04-07T17:50:11.138;162;1,9
2026-04-07T17:50:12.095;162;13,3
2026-04-07T17:50:14.498;162;19,1
2026-04-07T17:50:14.501;162;19,1
2026-04-07T17:50:15.458;162;19,1
2026-04-07T17:50:15.937;162;19,1
2026-04-07T17:50:17.858;162;19,1
2026-04-07T17:50:18.338;162;19,1
2026-04-07T17:50:19.297;162;19,1
2026-04-07T17:50:20.260;162;19,1
2026-04-07T17:50:21.216;162;19,1
2026-04-07T17:50:22.176;162;19,1
2026-04-07T17:50:23.619;162;13,8
2026-04-07T17:50:24.098;162;0,7
2026-04-07T17:50:25.059;162;0,7
2026-04-07T17:50:26.054;162;0,6
2026-04-07T17:50:27.022;162;0,6
2026-04-07T17:50:28.455;162;0,7
2026-04-07T17:50:29.420;163;0,7
2026-04-07T17:50:30.382;163;0,7
2026-04-07T17:50:31.350;163;0,9
2026-04-07T17:50:32.307;163;0,9
2026-04-07T17:50:33.254;163;0,9
2026-04-07T17:50:34.700;163;1,0
2026-04-07T17:50:35.180;164;1,8
2026-04-07T17:50:36.142;164;21,6
2026-04-07T17:50:37.104;164;30,5
2026-04-07T17:50:38.569;164;30,5
2026-04-07T17:50:38.977;164;30,5
2026-04-07T17:50:39.937;163;30,5
2026-04-07T17:50:41.399;163;30,5
2026-04-07T17:50:42.339;163;30,5
2026-04-07T17:50:44.791;163;30,5
2026-04-07T17:50:44.792;163;30,5
2026-04-07T17:50:46.227;162;30,5
2026-04-07T17:50:46.228;162;30,5
2026-04-07T17:50:47.633;163;21,6
2026-04-07T17:50:49.102;163;1,3
2026-04-07T17:50:49.103;163;0,7
2026-04-07T17:50:50.065;163;1,5
2026-04-07T17:50:51.028;163;1,5
2026-04-07T17:50:51.988;163;1,7
2026-04-07T17:50:53.908;163;1,8
2026-04-07T17:50:55.340;163;1,8
2026-04-07T17:50:55.341;163;1,8
2026-04-07T17:50:56.297;163;2,1
2026-04-07T17:50:57.252;163;2,3
2026-04-07T17:50:59.186;163;2,2
2026-04-07T17:50:59.187;163;2,2
2026-04-07T17:51:01.592;163;2,2
2026-04-07T17:51:01.593;163;2,2
2026-04-07T17:51:02.018;163;1,7
2026-04-07T17:51:03.026;163;1,7
2026-04-07T17:51:04.001;163;1,6
2026-04-07T17:51:05.430;163;1,4
2026-04-07T17:51:06.387;163;1,4
2026-04-07T17:51:07.345;163;0,5
2026-04-07T17:51:08.308;163;0,5
2026-04-07T17:51:09.257;163;0,5
2026-04-07T17:51:10.222;163;0,6
2026-04-07T17:51:11.138;163;0,7
2026-04-07T17:51:12.147;164;0,7
2026-04-07T17:51:13.527;163;0,8
2026-04-07T17:51:14.053;164;0,8
2026-04-07T17:51:14.966;163;0,8
2026-04-07T17:51:15.978;163;0,9
2026-04-07T17:51:17.423;164;1,0
2026-04-07T17:51:18.345;162;1,1
2026-04-07T17:51:19.335;163;1,2
2026-04-07T17:51:20.240;164;1,6
2026-04-07T17:51:21.218;164;1,6
2026-04-07T17:51:22.215;165;1,6
2026-04-07T17:51:23.180;165;1,7
2026-04-07T17:51:24.619;166;1,7
2026-04-07T17:51:25.057;165;1,9
2026-04-07T17:51:26.019;165;3,7
2026-04-07T17:51:27.022;165;3,7
2026-04-07T17:51:27.984;165;3,7
2026-04-07T17:51:29.419;165;3,7
2026-04-07T17:51:30.857;165;3,6
2026-04-07T17:51:32.302;165;3,5
2026-04-07T17:51:32.303;165;3,5
2026-04-07T17:51:33.270;165;3,5
2026-04-07T17:51:34.220;165;3,4
2026-04-07T17:51:35.186;164;3,4
2026-04-07T17:51:36.151;164;3,3
2026-04-07T17:51:37.059;164;1,2
2026-04-07T17:51:39.016;164;1,3
2026-04-07T17:51:39.017;164;1,2
2026-04-07T17:51:39.989;164;1,5
2026-04-07T17:51:41.427;164;1,9
2026-04-07T17:51:42.388;164;1,9
2026-04-07T17:51:43.333;164;1,9
2026-04-07T17:51:44.256;164;1,9
2026-04-07T17:51:45.219;164;1,9
2026-04-07T17:51:46.230;165;2,9
2026-04-07T17:51:47.669;164;3,3
2026-04-07T17:51:48.154;164;3,3
2026-04-07T17:51:49.108;164;3,2
2026-04-07T17:51:50.065;164;3,2
2026-04-07T17:51:51.031;165;3,2
2026-04-07T17:51:51.977;165;3,2
2026-04-07T17:51:53.428;165;3,1
2026-04-07T17:51:54.387;165;3,1
2026-04-07T17:51:55.346;165;3,1
2026-04-07T17:51:56.310;165;3,1
2026-04-07T17:51:57.268;165;2,3
2026-04-07T17:51:58.699;165;1,9
2026-04-07T17:51:59.137;166;1,5
2026-04-07T17:52:00.080;165;1,5
2026-04-07T17:52:01.522;165;1,5
2026-04-07T17:52:02.528;165;1,4
2026-04-07T17:52:03.499;165;1,2
2026-04-07T17:52:04.401;165;0,9
2026-04-07T17:52:05.364;166;0,9
2026-04-07T17:52:06.339;166;0,9
2026-04-07T17:52:07.351;166;0,9
2026-04-07T17:52:08.305;165;0,9
2026-04-07T17:52:09.287;165;0,8
2026-04-07T17:52:10.267;165;0,8
2026-04-07T17:52:11.124;165;0,8
2026-04-07T17:52:12.138;165;0,7
2026-04-07T17:52:13.102;164;1,0
2026-04-07T17:52:14.063;164;1,3
2026-04-07T17:52:15.508;164;1,5
2026-04-07T17:52:15.936;164;1,5
2026-04-07T17:52:17.430;163;1,4
2026-04-07T17:52:18.396;163;1,5
2026-04-07T17:52:19.342;163;1,4
2026-04-07T17:52:20.307;162;1,4
2026-04-07T17:52:21.261;162;1,5
2026-04-07T17:52:22.226;162;1,5
2026-04-07T17:52:23.187;162;1,5
2026-04-07T17:52:24.148;161;1,3
2026-04-07T17:52:26.061;161;0,7
2026-04-07T17:52:26.061;161;0,7
2026-04-07T17:52:27.022;160;0,8
2026-04-07T17:52:28.936;159;0,9
2026-04-07T17:52:29.377;159;1,0
2026-04-07T17:52:30.859;156;1,6
2026-04-07T17:52:31.296;153;2,4
2026-04-07T17:52:32.301;149;2,7
2026-04-07T17:52:34.220;148;2,7
2026-04-07T17:52:34.222;147;2,8
2026-04-07T17:52:35.138;147;2,8
2026-04-07T17:52:36.099;147;2,8
2026-04-07T17:52:37.060;147;2,8
2026-04-07T17:52:39.030;147;2,8
2026-04-07T17:52:39.031;148;2,8
2026-04-07T17:52:39.985;148;2,8
2026-04-07T17:52:41.421;148;2,8
2026-04-07T17:52:42.404;148;2,5
2026-04-07T17:52:43.325;149;1,3
2026-04-07T17:52:44.269;149;1,1
2026-04-07T17:52:45.744;150;0,8
2026-04-07T17:52:46.705;150;0,8
2026-04-07T17:52:47.137;150;0,8
2026-04-07T17:52:49.099;150;0,8
2026-04-07T17:52:49.580;149;0,8
2026-04-07T17:52:50.016;149;0,8
2026-04-07T17:52:51.496;149;0,7
2026-04-07T17:52:51.979;148;0,9
2026-04-07T17:52:53.421;148;0,9
2026-04-07T17:52:54.389;147;0,9
2026-04-07T17:52:55.348;146;1,0
2026-04-07T17:52:56.310;146;1,0
2026-04-07T17:52:57.263;145;1,0
2026-04-07T17:52:58.221;145;1,0
2026-04-07T17:52:59.183;145;1,0
2026-04-07T17:53:00.145;144;1,0
2026-04-07T17:53:01.102;143;1,3
2026-04-07T17:53:02.063;142;1,4
2026-04-07T17:53:03.983;141;1,5
2026-04-07T17:53:03.983;140;1,5
2026-04-07T17:53:05.421;139;1,5
2026-04-07T17:53:06.378;139;1,5
2026-04-07T17:53:07.345;138;1,5
2026-04-07T17:53:08.259;137;1,7
2026-04-07T17:53:09.261;136;1,8
2026-04-07T17:53:10.220;136;1,8
2026-04-07T17:53:11.180;135;2,0
2026-04-07T17:53:13.102;134;2,0
2026-04-07T17:53:13.103;134;1,9
2026-04-07T17:53:15.025;134;1,9
2026-04-07T17:53:15.026;134;1,8
2026-04-07T17:53:15.977;135;1,8
2026-04-07T17:53:17.421;135;1,7
2026-04-07T17:53:18.385;135;1,7
2026-04-07T17:53:19.339;134;1,7
2026-04-07T17:53:20.298;134;1,7
2026-04-07T17:53:21.260;133;1,5
2026-04-07T17:53:22.219;133;1,5
2026-04-07T17:53:23.182;133;1,6
2026-04-07T17:53:24.150;133;1,4
2026-04-07T17:53:25.105;133;1,4
2026-04-07T17:53:26.072;132;1,5
2026-04-07T17:53:27.035;131;1,5
2026-04-07T17:53:27.985;130;1,6
2026-04-07T17:53:29.899;129;1,6
2026-04-07T17:53:30.390;128;1,7
2026-04-07T17:53:31.346;127;1,8
2026-04-07T17:53:32.304;127;1,8
2026-04-07T17:53:33.266;126;1,8
2026-04-07T17:53:34.218;126;1,8
2026-04-07T17:53:35.186;125;1,7
2026-04-07T17:53:37.107;125;1,8
2026-04-07T17:53:37.537;124;1,6
2026-04-07T17:53:38.069;124;1,6
2026-04-07T17:53:39.020;123;1,6
2026-04-07T17:53:39.983;123;1,5
2026-04-07T17:53:41.427;123;1,5
2026-04-07T17:53:42.387;123;1,4
2026-04-07T17:53:43.347;123;1,3
2026-04-07T17:53:44.301;124;1,1
2026-04-07T17:53:45.741;124;0,9
2026-04-07T17:53:46.177;124;0,9
2026-04-07T17:53:47.183;124;0,9
2026-04-07T17:53:48.150;124;1,0
2026-04-07T17:53:49.100;124;1,1
2026-04-07T17:53:51.018;124;1,1
2026-04-07T17:53:51.020;124;1,1
2026-04-07T17:53:51.981;124;1,1
2026-04-07T17:53:53.429;124;1,0
2026-04-07T17:53:54.866;124;1,0
2026-04-07T17:53:55.298;124;1,1
2026-04-07T17:53:56.785;124;1,0
2026-04-07T17:53:57.741;124;1,0
2026-04-07T17:53:58.224;124;1,0
2026-04-07T17:54:00.145;124;1,0
2026-04-07T17:54:00.146;124;1,0
2026-04-07T17:54:01.056;124;1,0
2026-04-07T17:54:02.019;124;0,9
2026-04-07T17:54:02.979;124;0,9
2026-04-07T17:54:03.990;123;0,9
2026-04-07T17:54:05.423;123;1,0
2026-04-07T17:54:06.385;122;1,0
2026-04-07T17:54:07.351;123;1,1
2026-04-07T17:54:08.294;123;1,1
2026-04-07T17:54:09.258;123;1,1
2026-04-07T17:54:10.223;123;1,3
2026-04-07T17:54:11.183;123;1,3
2026-04-07T17:54:12.145;123;1,3
2026-04-07T17:54:13.113;123;1,5
2026-04-07T17:54:14.067;122;1,6
2026-04-07T17:54:15.031;121;1,7
2026-04-07T17:54:15.987;121;1,7
2026-04-07T17:54:17.435;121;1,7
2026-04-07T17:54:18.386;121;1,7
2026-04-07T17:54:19.348;121;1,6
2026-04-07T17:54:20.299;121;1,6
2026-04-07T17:54:21.740;121;1,8
2026-04-07T17:54:22.226;120;1,9
2026-04-07T17:54:23.178;120;1,9
2026-04-07T17:54:24.620;120;1,8
2026-04-07T17:54:25.108;120;1,9
2026-04-07T17:54:26.065;120;1,9
2026-04-07T17:54:27.034;120;1,9
2026-04-07T17:54:27.991;120;1,9
2026-04-07T17:54:29.431;119;2,4
2026-04-07T17:54:30.382;118;2,3
2026-04-07T17:54:31.340;117;2,3
2026-04-07T17:54:32.298;117;2,3
2026-04-07T17:54:33.261;117;2,3
2026-04-07T17:54:34.226;118;2,3
2026-04-07T17:54:35.181;118;2,9
2026-04-07T17:54:36.145;118;2,7
2026-04-07T17:54:38.065;118;2,9
2026-04-07T17:54:38.066;117;3,0
2026-04-07T17:54:38.979;117;3,1
2026-04-07T17:54:40.940;116;3,0
2026-04-07T17:54:42.869;116;3,0
2026-04-07T17:54:42.870;116;3,1
2026-04-07T17:54:43.346;117;3,1
2026-04-07T17:54:44.260;117;2,7
2026-04-07T17:54:45.742;118;2,7
2026-04-07T17:54:48.142;118;2,7
2026-04-07T17:54:48.143;117;2,9
2026-04-07T17:54:48.578;117;2,8
2026-04-07T17:54:49.060;117;2,8
2026-04-07T17:54:50.062;116;2,3
2026-04-07T17:54:51.026;116;2,3
2026-04-07T17:54:51.977;116;2,1
2026-04-07T17:54:53.420;117;2,0
2026-04-07T17:54:54.382;117;2,0
2026-04-07T17:54:55.838;118;2,0
2026-04-07T17:54:56.310;118;2,0
2026-04-07T17:54:57.277;117;1,8
2026-04-07T17:54:58.228;117;1,8
2026-04-07T17:54:59.198;117;1,8
2026-04-07T17:55:00.167;116;1,8
2026-04-07T17:55:01.583;116;1,8
2026-04-07T17:55:02.063;116;1,4
2026-04-07T17:55:03.031;116;1,4
2026-04-07T17:55:03.994;116;1,4
2026-04-07T17:55:05.424;117;1,4
2026-04-07T17:55:06.385;117;1,4
2026-04-07T17:55:07.285;117;1,4
2026-04-07T17:55:08.299;117;1,5
2026-04-07T17:55:09.263;117;1,6
2026-04-07T17:55:10.225;118;1,6
2026-04-07T17:55:11.179;118;1,7
2026-04-07T17:55:12.146;117;2,0
2026-04-07T17:55:13.100;117;1,9
2026-04-07T17:55:14.538;117;2,0
2026-04-07T17:55:15.026;117;2,0
2026-04-07T17:55:15.989;117;2,0
2026-04-07T17:55:17.425;117;2,0
2026-04-07T17:55:18.392;117;2,4
2026-04-07T17:55:19.351;116;2,5
2026-04-07T17:55:20.305;115;2,5
2026-04-07T17:55:21.749;115;2,5
2026-04-07T17:55:22.177;115;2,3
2026-04-07T17:55:23.182;116;2,5
2026-04-07T17:55:25.099;117;2,5
2026-04-07T17:55:25.099;117;2,5
2026-04-07T17:55:26.072;118;2,5
2026-04-07T17:55:27.031;118;2,3
2026-04-07T17:55:27.979;118;2,4
2026-04-07T17:55:29.362;117;2,3
2026-04-07T17:55:30.367;117;2,3
2026-04-07T17:55:31.344;117;2,3
2026-04-07T17:55:32.307;117;2,3
2026-04-07T17:55:33.748;118;2,0
2026-04-07T17:55:34.235;118;1,9
2026-04-07T17:55:35.195;118;1,9
2026-04-07T17:55:36.149;118;2,0
2026-04-07T17:55:37.101;118;1,9
2026-04-07T17:55:38.062;118;1,6
2026-04-07T17:55:39.024;118;1,5
2026-04-07T17:55:39.982;118;1,4
2026-04-07T17:55:41.423;118;1,5
2026-04-07T17:55:42.380;119;1,5
2026-04-07T17:55:43.299;119;1,4
2026-04-07T17:55:44.259;119;1,7
2026-04-07T17:55:45.222;118;1,8
2026-04-07T17:55:46.235;118;1,7
2026-04-07T17:55:47.189;118;1,6
2026-04-07T17:55:48.145;118;1,8
2026-04-07T17:55:49.107;118;1,9
2026-04-07T17:55:50.068;119;1,9
2026-04-07T17:55:51.027;119;1,9
2026-04-07T17:55:51.984;119;1,9
2026-04-07T17:55:53.379;119;1,9
2026-04-07T17:55:54.335;119;1,9
2026-04-07T17:55:55.825;119;1,9
2026-04-07T17:55:56.259;120;1,9
2026-04-07T17:55:57.265;120;2,1
2026-04-07T17:55:58.701;120;2,1
2026-04-07T17:55:59.663;120;2,4
2026-04-07T17:56:00.099;118;2,5
2026-04-07T17:56:01.113;118;2,5
2026-04-07T17:56:03.506;117;2,5
2026-04-07T17:56:03.506;117;2,3
2026-04-07T17:56:03.991;117;2,3
2026-04-07T17:56:05.430;117;2,5
2026-04-07T17:56:06.377;118;2,4
2026-04-07T17:56:07.342;118;2,4
2026-04-07T17:56:08.301;118;2,4
2026-04-07T17:56:09.261;118;2,4
2026-04-07T17:56:10.224;117;2,5
2026-04-07T17:56:12.149;117;2,4
2026-04-07T17:56:12.149;117;2,2
2026-04-07T17:56:13.109;117;2,2
2026-04-07T17:56:14.068;117;1,4
2026-04-07T17:56:15.026;118;1,4
2026-04-07T17:56:15.984;118;1,4
2026-04-07T17:56:17.418;117;1,4
2026-04-07T17:56:19.343;117;1,9
2026-04-07T17:56:19.344;115;2,6
2026-04-07T17:56:20.314;114;2,6
2026-04-07T17:56:21.268;113;2,6
2026-04-07T17:56:22.223;113;2,6
2026-04-07T17:56:23.664;113;2,8
2026-04-07T17:56:24.099;114;2,9
2026-04-07T17:56:25.103;114;2,9
2026-04-07T17:56:26.544;115;2,9
2026-04-07T17:56:27.500;115;2,9
2026-04-07T17:56:28.899;115;2,9
2026-04-07T17:56:29.899;115;2,9
2026-04-07T17:56:30.340;115;2,9
2026-04-07T17:56:31.336;114;2,9
2026-04-07T17:56:32.302;114;2,9
2026-04-07T17:56:33.265;114;2,6
2026-04-07T17:56:34.228;114;2,0
2026-04-07T17:56:35.176;115;2,2
2026-04-07T17:56:36.150;116;2,2
2026-04-07T17:56:37.108;115;2,3
2026-04-07T17:56:38.072;115;2,5
2026-04-07T17:56:39.022;114;2,5
2026-04-07T17:56:39.978;113;2,5
2026-04-07T17:56:41.429;113;2,4
2026-04-07T17:56:42.387;113;2,5
2026-04-07T17:56:43.341;113;2,5
2026-04-07T17:56:44.310;114;2,9
2026-04-07T17:56:45.265;115;2,8
2026-04-07T17:56:46.228;116;3,4
2026-04-07T17:56:47.188;117;3,4
2026-04-07T17:56:48.147;116;4,2
2026-04-07T17:56:50.063;115;4,3
2026-04-07T17:56:50.064;113;4,6
2026-04-07T17:56:51.029;112;4,6
2026-04-07T17:56:52.471;111;4,6
2026-04-07T17:56:54.393;111;4,5
2026-04-07T17:56:54.394;111;4,4
2026-04-07T17:56:55.348;112;4,5
2026-04-07T17:56:56.302;113;4,7
2026-04-07T17:56:57.266;114;4,7
2026-04-07T17:56:58.230;115;4,6
2026-04-07T17:56:59.193;115;4,5
2026-04-07T17:57:00.143;115;4,5
2026-04-07T17:57:01.099;115;4,1
2026-04-07T17:57:02.063;116;4,1
2026-04-07T17:57:03.019;116;3,7
2026-04-07T17:57:03.993;116;3,0
2026-04-07T17:57:05.428;116;2,2
2026-04-07T17:57:06.873;116;2,3
2026-04-07T17:57:07.345;116;2,3
2026-04-07T17:57:08.300;115;2,3
2026-04-07T17:57:09.744;115;2,1
2026-04-07T17:57:10.227;114;1,8
2026-04-07T17:57:11.187;114;1,2
2026-04-07T17:57:12.140;115;1,4
2026-04-07T17:57:13.103;115;1,4
2026-04-07T17:57:14.063;115;1,3
2026-04-07T17:57:15.021;116;1,8
2026-04-07T17:57:15.984;116;2,1
2026-04-07T17:57:17.423;116;2,1
2026-04-07T17:57:18.387;114;3,0
2026-04-07T17:57:19.346;113;4,6
2026-04-07T17:57:20.309;110;5,0
2026-04-07T17:57:21.279;109;5,2
2026-04-07T17:57:22.231;109;5,5
2026-04-07T17:57:23.192;110;5,5
2026-04-07T17:57:24.144;111;5,7
2026-04-07T17:57:25.101;112;5,7
2026-04-07T17:57:26.068;113;5,8
2026-04-07T17:57:27.024;114;5,9
2026-04-07T17:57:28.464;115;5,8
2026-04-07T17:57:29.421;115;5,9
2026-04-07T17:57:30.379;114;6,3
2026-04-07T17:57:31.342;113;6,4
2026-04-07T17:57:32.776;112;6,3
2026-04-07T17:57:33.220;111;6,0
2026-04-07T17:57:34.223;111;5,9
2026-04-07T17:57:35.182;111;4,3
2026-04-07T17:57:37.114;112;4,4
2026-04-07T17:57:37.114;112;3,7
2026-04-07T17:57:38.060;112;3,7
2026-04-07T17:57:39.024;111;3,7
2026-04-07T17:57:39.984;110;3,7
2026-04-07T17:57:41.421;110;3,6
2026-04-07T17:57:42.390;109;3,5
2026-04-07T17:57:43.343;109;3,4
2026-04-07T17:57:44.303;110;3,5
2026-04-07T17:57:45.272;111;3,5
2026-04-07T17:57:47.186;112;2,5
2026-04-07T17:57:47.187;113;2,7
2026-04-07T17:57:49.110;114;2,7
2026-04-07T17:57:49.111;114;2,7
2026-04-07T17:57:50.065;115;2,8
2026-04-07T17:57:51.505;115;2,8
2026-04-07T17:57:52.467;115;2,8
2026-04-07T17:57:53.426;115;2,8
2026-04-07T17:57:54.382;116;2,4
2026-04-07T17:57:55.301;116;2,4
2026-04-07T17:57:56.790;116;2,6
2026-04-07T17:57:57.220;117;2,7
2026-04-07T17:57:58.225;117;2,7
2026-04-07T17:57:59.186;118;2,6
2026-04-07T17:58:00.142;118;2,5
2026-04-07T17:58:01.105;118;2,4
2026-04-07T17:58:02.069;117;2,0
2026-04-07T17:58:03.981;117;2,0
2026-04-07T17:58:03.982;117;2,1
2026-04-07T17:58:05.380;117;1,9
2026-04-07T17:58:06.386;118;1,9
2026-04-07T17:58:07.325;118;1,9
2026-04-07T17:58:08.308;117;2,1
2026-04-07T17:58:09.262;117;2,1
2026-04-07T17:58:10.222;116;2,3
2026-04-07T17:58:11.193;115;2,0
2026-04-07T17:58:12.150;115;1,9
2026-04-07T17:58:14.072;116;2,1
2026-04-07T17:58:14.073;116;2,1
2026-04-07T17:58:15.027;117;2,2
2026-04-07T17:58:16.467;118;2,2
2026-04-07T17:58:17.424;118;2,1
2026-04-07T17:58:19.342;117;2,4
2026-04-07T17:58:19.343;116;2,8
2026-04-07T17:58:20.261;115;3,1
2026-04-07T17:58:21.260;114;3,1
2026-04-07T17:58:22.696;114;3,2
2026-04-07T17:58:23.184;113;3,2
2026-04-07T17:58:24.158;113;3,0
2026-04-07T17:58:25.581;113;3,0
2026-04-07T17:58:26.072;115;3,6
2026-04-07T17:58:27.509;116;3,6
2026-04-07T17:58:27.938;117;3,7
2026-04-07T17:58:29.417;118;3,6
2026-04-07T17:58:30.865;118;3,8
2026-04-07T17:58:31.299;116;4,5
2026-04-07T17:58:32.301;116;4,5
2026-04-07T17:58:33.261;116;4,4
2026-04-07T17:58:34.228;116;4,1
2026-04-07T17:58:35.184;116;4,2
2026-04-07T17:58:36.099;117;4,1
2026-04-07T17:58:37.113;118;4,2
2026-04-07T17:58:38.553;118;4,2
2026-04-07T17:58:39.500;119;4,2
2026-04-07T17:58:39.980;119;3,8
2026-04-07T17:58:41.426;119;3,6
2026-04-07T17:58:43.348;119;3,5
2026-04-07T17:58:43.349;119;3,5
2026-04-07T17:58:44.309;119;3,5
2026-04-07T17:58:45.275;119;2,3
2026-04-07T17:58:46.227;119;2,7
2026-04-07T17:58:47.186;120;2,7
2026-04-07T17:58:48.150;121;2,7
2026-04-07T17:58:49.101;121;2,7
2026-04-07T17:58:50.543;122;2,3
2026-04-07T17:58:50.980;122;2,3
2026-04-07T17:58:51.981;122;2,3
2026-04-07T17:58:54.383;121;2,6
2026-04-07T17:58:54.383;120;2,8
2026-04-07T17:58:55.346;119;2,8
2026-04-07T17:58:56.308;119;2,8
2026-04-07T17:58:57.262;120;2,8
2026-04-07T17:58:58.222;120;2,8
2026-04-07T17:58:59.188;120;2,7
2026-04-07T17:59:00.628;120;2,8
2026-04-07T17:59:01.594;119;2,3
2026-04-07T17:59:02.545;119;2,2
2026-04-07T17:59:04.470;119;2,4
2026-04-07T17:59:04.471;119;2,4
2026-04-07T17:59:05.914;120;2,8
2026-04-07T17:59:06.341;121;2,7
2026-04-07T17:59:07.361;122;2,3
2026-04-07T17:59:08.305;122;2,3
2026-04-07T17:59:09.267;123;2,3
2026-04-07T17:59:10.712;123;2,2
2026-04-07T17:59:12.150;124;2,2
2026-04-07T17:59:12.152;126;2,5
2026-04-07T17:59:14.063;127;2,7
2026-04-07T17:59:14.063;128;2,7
2026-04-07T17:59:15.022;130;3,0
2026-04-07T17:59:15.985;131;3,0
2026-04-07T17:59:18.870;133;3,3
2026-04-07T17:59:19.300;135;3,3
2026-04-07T17:59:20.310;137;3,0
2026-04-07T17:59:20.311;138;3,0
2026-04-07T17:59:21.272;138;2,9
2026-04-07T17:59:24.636;139;3,0
2026-04-07T17:59:24.637;140;3,0
2026-04-07T17:59:24.638;140;2,9
2026-04-07T17:59:25.061;141;2,7
2026-04-07T17:59:27.984;141
2026-04-07T17:59:27.985;142;2,4
2026-04-07T17:59:28.420;143;2,3
2026-04-07T17:59:29.427;143;2,3
2026-04-07T17:59:32.782;144;1,9
2026-04-07T17:59:32.782;144;1,9
2026-04-07T17:59:32.783;144;1,9
2026-04-07T17:59:33.744;145;2,0
2026-04-07T17:59:34.181;145;2,0
2026-04-07T17:59:35.668;146;1,9
2026-04-07T17:59:36.097;146;1,9
2026-04-07T17:59:37.100;147;1,9
2026-04-07T17:59:38.543;147;1,9
2026-04-07T17:59:39.508;147;1,9
2026-04-07T17:59:39.941;148;1,8
2026-04-07T17:59:41.917;148;1,3
2026-04-07T17:59:42.340;148;1,1
2026-04-07T17:59:45.264;148;1,1
2026-04-07T17:59:45.264;148;0,9
2026-04-07T17:59:45.265;148;0,7
2026-04-07T17:59:46.224;148;0,8
2026-04-07T17:59:47.185;148;0,7
2026-04-07T17:59:48.628;148;0,7
2026-04-07T17:59:49.058;148;0,6
2026-04-07T17:59:50.020;148;0,8
2026-04-07T17:59:51.027;148;0,9
2026-04-07T17:59:54.379;148;1,0
2026-04-07T17:59:55.345;148;1,0
2026-04-07T17:59:55.345;148;1,2
2026-04-07T17:59:55.346;148;1,2
2026-04-07T17:59:56.780;148;1,2
2026-04-07T17:59:58.710;148;1,2
2026-04-07T17:59:58.711;149;1,2
2026-04-07T18:00:01.582;149;1,2
2026-04-07T18:00:01.583;149;1,4
2026-04-07T18:00:02.541;149;1,3
2026-04-07T18:00:02.541;150;1,5
2026-04-07T18:00:03.502;150;1,5
2026-04-07T18:00:05.902;150;1,4
2026-04-07T18:00:05.903;150;1,4
2026-04-07T18:00:07.343;151;1,6
2026-04-07T18:00:07.778;151;1,7
2026-04-07T18:00:09.259;151;1,7
2026-04-07T18:00:09.260;152;1,8
