Phone timestamp;HR [bpm];HRV [ms];Breathing interval [rpm];
2026-04-02T11:28:57.621;173;29,7
2026-04-02T11:28:58.580;173;29,7
2026-04-02T11:28:59.558;173;29,7
2026-04-02T11:29:00.980;173;29,7
2026-04-02T11:29:01.941;173;29,7
2026-04-02T11:29:02.900;173;13,2
2026-04-02T11:29:03.861;173;1,1
2026-04-02T11:29:04.822;174;1,2
2026-04-02T11:29:05.778;173;1,2
2026-04-02T11:29:06.742;172;1,6
2026-04-02T11:29:07.699;173;1,9
2026-04-02T11:29:08.662;173;1,9
2026-04-02T11:29:10.580;173;1,9
2026-04-02T11:29:10.583;173;1,9
2026-04-02T11:29:14.421;173;2,3
2026-04-02T11:29:14.424;173;2,8
2026-04-02T11:29:17.300;173;2,7
2026-04-02T11:29:17.302;173;2,7
2026-04-02T11:29:17.303;173;2,7
2026-04-02T11:29:17.781;173;2,5
2026-04-02T11:29:17.784;173;2,5
2026-04-02T11:29:18.743;172;2,3
2026-04-02T11:29:19.701;173;2,3
2026-04-02T11:29:21.621;172;2,3
2026-04-02T11:29:21.625;172;2,0
2026-04-02T11:29:22.580;172;1,3
2026-04-02T11:29:23.541;172;1,3
2026-04-02T11:29:24.982;172;1,5
2026-04-02T11:29:25.980;172;1,5
2026-04-02T11:29:26.937;172;1,5
2026-04-02T11:29:27.860;172;1,5
2026-04-02T11:29:28.822;171;1,3
2026-04-02T11:29:29.801;171;1,4
2026-04-02T11:29:30.740;172;1,4
2026-04-02T11:29:31.702;172;1,2
2026-04-02T11:29:33.176;172;1,1
2026-04-02T11:29:34.142;171;1,1
2026-04-02T11:29:34.568;172;1,3
2026-04-02T11:29:35.538;172;1,4
2026-04-02T11:29:36.969;172;1,5
2026-04-02T11:29:37.930;171;1,7
2026-04-02T11:29:39.368;172;2,3
2026-04-02T11:29:39.842;171;2,2
2026-04-02T11:29:41.299;171;2,2
2026-04-02T11:29:42.743;171;2,4
2026-04-02T11:29:42.746;171;2,5
2026-04-02T11:29:44.183;172;2,9
2026-04-02T11:29:46.084;172;2,8
2026-04-02T11:29:46.088;172;2,7
2026-04-02T11:29:47.061;172;2,7
2026-04-02T11:29:47.541;172;2,5
2026-04-02T11:29:48.965;172;2,1
2026-04-02T11:29:49.928;173;2,0
2026-04-02T11:29:51.368;172;2,1
2026-04-02T11:29:51.861;172;2,0
2026-04-02T11:29:52.856;173;1,8
2026-04-02T11:29:53.815;172;1,2
2026-04-02T11:29:54.795;172;1,2
2026-04-02T11:29:55.793;172;1,2
2026-04-02T11:29:58.150;172;1,2
2026-04-02T11:29:58.151;172;1,2
2026-04-02T11:29:59.577;173;1,5
2026-04-02T11:29:59.579;173;1,4
2026-04-02T11:30:01.015;173;1,4
2026-04-02T11:30:02.454;172;1,5
2026-04-02T11:30:02.900;172;1,5
2026-04-02T11:30:03.898;173;1,9
2026-04-02T11:30:04.858;173;1,8
2026-04-02T11:30:05.831;173;1,8
2026-04-02T11:30:07.270;173;1,8
2026-04-02T11:30:07.701;173;1,8
2026-04-02T11:30:08.700;173;1,7
2026-04-02T11:30:09.654;173;1,6
2026-04-02T11:30:10.624;173;1,5
2026-04-02T11:30:12.055;173;1,4
2026-04-02T11:30:13.024;173;1,2
2026-04-02T11:30:13.980;173;0,4
2026-04-02T11:30:15.902;173;0,4
2026-04-02T11:30:15.903;173;0,7
2026-04-02T11:30:16.866;174;0,7
2026-04-02T11:30:17.823;173;0,6
2026-04-02T11:30:18.780;174;0,6
2026-04-02T11:30:19.741;174;0,7
2026-04-02T11:30:20.661;174;0,8
2026-04-02T11:30:22.621;174;0,8
2026-04-02T11:30:22.621;174
2026-04-02T11:30:24.061;173;57,6
2026-04-02T11:30:27.419;173;57,6
2026-04-02T11:30:27.419;173;62,4
2026-04-02T11:30:27.902;173;67,4
2026-04-02T11:30:27.903;173;67,4
2026-04-02T11:30:29.825;170;87,7
2026-04-02T11:30:29.826;169;103,9
2026-04-02T11:30:35.117;170;103,9
2026-04-02T11:30:35.118;171;104,0
2026-04-02T11:30:35.119;171;104,1
2026-04-02T11:30:35.120;172;104,1
2026-04-02T11:30:35.121;172;104,1
2026-04-02T11:30:36.074;172;104,1
2026-04-02T11:30:37.497;172;86,8
2026-04-02T11:30:37.940;172;84,1
2026-04-02T11:30:38.944;172;79,4
2026-04-02T11:30:40.376;172;56,2
2026-04-02T11:30:40.867;172;56,2
2026-04-02T11:30:41.819;171;7,1
2026-04-02T11:30:42.781;171;6,1
2026-04-02T11:30:44.702;171;2,4
2026-04-02T11:30:44.703;171;1,7
2026-04-02T11:30:46.139;171;1,1
2026-04-02T11:30:46.582;171;1,1
2026-04-02T11:30:47.578;171;1,1
2026-04-02T11:30:49.018;171;1,1
2026-04-02T11:30:49.979;171;1,1
2026-04-02T11:30:50.936;171;1,4
2026-04-02T11:30:51.915;171;1,9
2026-04-02T11:30:52.868;171;2,0
2026-04-02T11:30:53.767;171;2,5
2026-04-02T11:30:54.784;171;2,6
2026-04-02T11:30:55.690;172;2,6
2026-04-02T11:30:57.132;171;2,7
2026-04-02T11:31:00.491;172;2,7
2026-04-02T11:31:00.495;172;2,7
2026-04-02T11:31:00.497;172;2,7
2026-04-02T11:31:01.453;172;2,6
2026-04-02T11:31:03.427;173;2,5
2026-04-02T11:31:03.428;173;2,6
2026-04-02T11:31:03.848;173;2,6
2026-04-02T11:31:04.804;172;2,3
2026-04-02T11:31:05.767;173;2,2
2026-04-02T11:31:06.792;173;2,2
2026-04-02T11:31:08.182;173;2,3
2026-04-02T11:31:08.691;172;2,6
2026-04-02T11:31:10.143;171;3,5
2026-04-02T11:31:11.095;172;3,5
2026-04-02T11:31:12.999;173;3,6
2026-04-02T11:31:13.000;173;3,5
2026-04-02T11:31:13.982;173;3,3
2026-04-02T11:31:14.941;173;3,0
2026-04-02T11:31:16.382;173;3,0
2026-04-02T11:31:16.821;173;3,0
2026-04-02T11:31:17.818;173;2,9
2026-04-02T11:31:18.775;172;2,5
2026-04-02T11:31:19.748;172;1,0
2026-04-02T11:31:21.171;172;1,1
2026-04-02T11:31:21.618;172;1,0
2026-04-02T11:31:23.100;172;1,0
2026-04-02T11:31:24.544;172;1,0
2026-04-02T11:31:24.980;171;1,0
2026-04-02T11:31:25.978;171;1,0
2026-04-02T11:31:27.421;171;1,1
2026-04-02T11:31:27.847;172;1,2
2026-04-02T11:31:28.805;171;1,2
2026-04-02T11:31:29.821;171;1,2
2026-04-02T11:31:30.728;171
2026-04-02T11:31:33.173;171;1,1
2026-04-02T11:31:33.173;171
2026-04-02T11:31:34.103;170;2,4
2026-04-02T11:31:35.048;170;3,0
2026-04-02T11:31:35.561;170;2,9
2026-04-02T11:31:37.022;170;2,9
2026-04-02T11:31:38.464;171;3,0
2026-04-02T11:31:38.947;171;3,1
2026-04-02T11:31:40.857;170;3,2
2026-04-02T11:31:40.858;170;3,2
2026-04-02T11:31:41.787;170;3,2
2026-04-02T11:31:42.809;170;3,2
2026-04-02T11:31:43.725;169;3,2
2026-04-02T11:31:45.141;169;2,3
2026-04-02T11:31:45.622;169;1,6
2026-04-02T11:31:46.621;169;1,6
2026-04-02T11:31:47.593;168;1,5
2026-04-02T11:31:49.022;168;1,4
2026-04-02T11:31:49.984;168;1,0
2026-04-02T11:31:51.902;167;1,2
2026-04-02T11:31:51.903;167;1,3
2026-04-02T11:31:52.857;167;1,4
2026-04-02T11:31:54.781;166;1,4
2026-04-02T11:31:54.782;166;1,3
2026-04-02T11:31:56.229;165;1,3
2026-04-02T11:31:57.662;165;1,3
2026-04-02T11:31:57.663;165;1,3
2026-04-02T11:31:58.616;165;1,3
2026-04-02T11:31:59.588;165;1,3
2026-04-02T11:32:01.020;164;1,4
2026-04-02T11:32:01.983;164;1,3
2026-04-02T11:32:02.938;164;1,2
2026-04-02T11:32:03.862;164;1,1
2026-04-02T11:32:04.823;163;1,3
2026-04-02T11:32:05.791;163;1,4
2026-04-02T11:32:06.787;163;1,5
2026-04-02T11:32:07.741;163;1,5
2026-04-02T11:32:08.698;163;1,6
2026-04-02T11:32:09.658;163;1,6
2026-04-02T11:32:10.619;163;1,7
2026-04-02T11:32:11.581;162;1,4
2026-04-02T11:32:13.025;162;1,4
2026-04-02T11:32:13.980;162;1,4
2026-04-02T11:32:14.941;162;1,7
2026-04-02T11:32:15.860;161;1,5
2026-04-02T11:32:16.822;161;1,5
2026-04-02T11:32:17.783;161;1,4
2026-04-02T11:32:19.265;161;1,4
2026-04-02T11:32:20.220;161;1,3
2026-04-02T11:32:20.663;160;1,3
2026-04-02T11:32:21.622;159;1,5
2026-04-02T11:32:22.582;159;1,7
2026-04-02T11:32:23.589;158;1,7
2026-04-02T11:32:25.027;158;1,6
2026-04-02T11:32:25.989;157;1,4
2026-04-02T11:32:26.943;157;1,6
2026-04-02T11:32:27.890;157;1,7
2026-04-02T11:32:28.858;156;1,7
2026-04-02T11:32:29.821;156;1,7
2026-04-02T11:32:30.783;155;1,7
2026-04-02T11:32:31.728;155;1,7
2026-04-02T11:32:32.705;155;1,6
2026-04-02T11:32:33.663;154;1,2
2026-04-02T11:32:34.621;154;1,2
2026-04-02T11:32:35.581;154;1,2
2026-04-02T11:32:37.026;154;1,2
2026-04-02T11:32:37.985;153;1,3
2026-04-02T11:32:38.940;153;1,0
2026-04-02T11:32:39.902;153;1,0
2026-04-02T11:32:40.876;153;0,9
2026-04-02T11:32:41.820;153;0,8
2026-04-02T11:32:42.773;152;1,0
2026-04-02T11:32:43.739;152;0,9
2026-04-02T11:32:44.697;152;0,9
2026-04-02T11:32:45.664;147;3,5
2026-04-02T11:32:47.541;143;4,6
2026-04-02T11:32:47.544;139;4,6
2026-04-02T11:32:49.026;139;5,0
2026-04-02T11:32:50.942;140;5,1
2026-04-02T11:32:50.943;141;5,3
2026-04-02T11:32:51.909;143;5,2
2026-04-02T11:32:52.867;144;5,3
2026-04-02T11:32:53.823;144;5,3
2026-04-02T11:32:54.785;144;5,2
2026-04-02T11:32:55.741;144;5,3
2026-04-02T11:32:56.708;145;5,3
2026-04-02T11:32:57.661;145;4,8
2026-04-02T11:32:58.622;146;2,8
2026-04-02T11:32:59.581;146;3,0
2026-04-02T11:33:01.025;147;2,2
2026-04-02T11:33:01.982;147;1,8
2026-04-02T11:33:02.938;147;1,5
2026-04-02T11:33:03.899;147;1,5
2026-04-02T11:33:04.853;146;1,5
2026-04-02T11:33:06.309;146;2,0
2026-04-02T11:33:06.741;146;2,3
2026-04-02T11:33:07.741;145;2,2
2026-04-02T11:33:08.701;145;2,2
2026-04-02T11:33:09.662;144;2,2
2026-04-02T11:33:10.633;143;2,2
2026-04-02T11:33:11.541;143;2,2
2026-04-02T11:33:13.020;142;2,2
2026-04-02T11:33:13.998;142;2,4
2026-04-02T11:33:14.946;141;2,3
2026-04-02T11:33:15.904;141;2,4
2026-04-02T11:33:17.304;141;2,3
2026-04-02T11:33:17.781;141;2,1
2026-04-02T11:33:18.792;141;1,6
2026-04-02T11:33:20.230;141;1,6
2026-04-02T11:33:20.702;141;1,6
2026-04-02T11:33:21.656;141;1,5
2026-04-02T11:33:22.623;141;1,5
2026-04-02T11:33:24.062;140;1,2
2026-04-02T11:33:26.034;140;1,3
2026-04-02T11:33:26.035;140;1,3
2026-04-02T11:33:26.987;140;0,9
2026-04-02T11:33:27.874;140;0,9
2026-04-02T11:33:29.303;140;0,9
2026-04-02T11:33:29.781;140;0,9
2026-04-02T11:33:30.744;139;1,0
2026-04-02T11:33:31.702;139;1,0
2026-04-02T11:33:32.662;139;1,0
2026-04-02T11:33:34.616;138;1,0
2026-04-02T11:33:35.101;137;1,1
2026-04-02T11:33:35.540;137;1,2
2026-04-02T11:33:37.020;137;1,3
2026-04-02T11:33:38.410;137;1,2
2026-04-02T11:33:38.890;137;1,1
2026-04-02T11:33:40.805;137;1,1
2026-04-02T11:33:40.807;136;1,1
2026-04-02T11:33:41.763;136;1,5
2026-04-02T11:33:42.744;135;1,5
2026-04-02T11:33:43.745;135;1,4
2026-04-02T11:33:44.698;135;1,4
2026-04-02T11:33:45.674;135;1,4
2026-04-02T11:33:46.623;136;1,5
2026-04-02T11:33:47.536;136;1,5
2026-04-02T11:33:49.020;136;1,5
2026-04-02T11:33:50.459;136;1,4
2026-04-02T11:33:50.901;136;1,4
2026-04-02T11:33:51.901;136;1,3
2026-04-02T11:33:52.864;136;1,3
2026-04-02T11:33:53.828;137;1,1
2026-04-02T11:33:54.785;137;1,1
2026-04-02T11:33:55.741;137;1,4
2026-04-02T11:33:56.705;137;1,5
2026-04-02T11:33:57.668;137;1,5
2026-04-02T11:33:58.625;137;1,3
2026-04-02T11:33:59.581;136;1,2
2026-04-02T11:34:01.017;137;1,3
2026-04-02T11:34:01.976;137;1,3
2026-04-02T11:34:02.948;138;1,7
2026-04-02T11:34:03.902;138;1,9
2026-04-02T11:34:04.859;138;1,9
2026-04-02T11:34:05.834;137;1,9
2026-04-02T11:34:06.787;137;1,9
2026-04-02T11:34:07.757;136;1,8
2026-04-02T11:34:08.708;136;1,8
2026-04-02T11:34:10.628;135;1,8
2026-04-02T11:34:10.629;135;1,8
2026-04-02T11:34:12.503;134;1,9
2026-04-02T11:34:12.982;134;1,9
2026-04-02T11:34:13.991;134;1,8
2026-04-02T11:34:15.901;134;1,9
2026-04-02T11:34:15.902;133;1,6
2026-04-02T11:34:16.862;133;1,5
2026-04-02T11:34:17.823;132;1,5
2026-04-02T11:34:18.779;133;1,5
2026-04-02T11:34:19.742;133;1,7
2026-04-02T11:34:20.704;133;1,7
2026-04-02T11:34:21.668;134;1,7
2026-04-02T11:34:22.619;134;1,8
2026-04-02T11:34:23.577;134;1,9
2026-04-02T11:34:25.022;134;1,9
2026-04-02T11:34:25.989;134;2,4
2026-04-02T11:34:26.903;134;2,6
2026-04-02T11:34:27.901;135;2,5
2026-04-02T11:34:29.341;135;2,6
2026-04-02T11:34:29.783;135;2,6
2026-04-02T11:34:30.781;136;2,5
2026-04-02T11:34:31.753;135;2,5
2026-04-02T11:34:33.177;136;2,3
2026-04-02T11:34:33.665;135;2,3
2026-04-02T11:34:34.620;135;2,2
2026-04-02T11:34:35.581;135;2,3
2026-04-02T11:34:37.503;135;2,2
2026-04-02T11:34:37.942;134;2,2
2026-04-02T11:34:38.947;134;1,6
2026-04-02T11:34:40.863;134;1,4
2026-04-02T11:34:40.864;134;1,4
2026-04-02T11:34:41.806;133;1,2
2026-04-02T11:34:42.829;132;1,3
2026-04-02T11:34:43.706;132;1,3
2026-04-02T11:34:44.663;132;1,3
2026-04-02T11:34:45.623;132;1,4
2026-04-02T11:34:46.622;132;1,4
2026-04-02T11:34:47.582;132;1,4
2026-04-02T11:34:50.463;132;1,1
2026-04-02T11:34:50.464;131;1,2
2026-04-02T11:34:50.903;131;1,1
2026-04-02T11:34:52.384;131;1,2
2026-04-02T11:34:52.822;131;1,0
2026-04-02T11:34:53.822;131;1,1
2026-04-02T11:34:54.785;131;1,1
2026-04-02T11:34:55.746;131;1,0
2026-04-02T11:34:56.721;131;1,1
2026-04-02T11:34:57.670;131;1,1
2026-04-02T11:34:59.595;131;1,3
2026-04-02T11:34:59.596;131;1,4
2026-04-02T11:35:01.023;131;1,4
2026-04-02T11:35:01.930;131;1,3
2026-04-02T11:35:02.945;131;1,4
2026-04-02T11:35:03.919;131;1,5
2026-04-02T11:35:04.864;131;1,5
2026-04-02T11:35:05.830;132;1,5
2026-04-02T11:35:06.784;132;1,5
2026-04-02T11:35:07.745;131;1,5
2026-04-02T11:35:08.705;132;1,5
2026-04-02T11:35:09.664;132;1,4
2026-04-02T11:35:10.623;131;1,4
2026-04-02T11:35:11.587;131;1,1
2026-04-02T11:35:13.022;131;1,4
2026-04-02T11:35:13.986;131;1,5
2026-04-02T11:35:14.942;131;1,5
2026-04-02T11:35:15.901;131;1,8
2026-04-02T11:35:16.861;131;1,6
2026-04-02T11:35:17.823;131;1,7
2026-04-02T11:35:18.789;131;1,9
2026-04-02T11:35:19.744;131;2,0
2026-04-02T11:35:20.710;131;2,1
2026-04-02T11:35:21.660;130;2,3
2026-04-02T11:35:22.584;131;2,3
2026-04-02T11:35:23.587;131;2,4
2026-04-02T11:35:25.019;131;2,4
2026-04-02T11:35:25.986;131;2,4
2026-04-02T11:35:26.939;131;2,4
2026-04-02T11:35:27.899;131;2,3
2026-04-02T11:35:28.824;131;2,1
2026-04-02T11:35:29.784;131;2,1
2026-04-02T11:35:30.745;132;2,1
2026-04-02T11:35:31.703;131;1,9
2026-04-02T11:35:32.660;132;1,7
2026-04-02T11:35:33.624;132;1,6
2026-04-02T11:35:34.583;132;1,4
2026-04-02T11:35:35.585;132;1,4
2026-04-02T11:35:37.020;132;1,5
2026-04-02T11:35:37.982;133;1,7
2026-04-02T11:35:38.942;133;1,6
2026-04-02T11:35:39.904;133;1,6
2026-04-02T11:35:40.866;133;1,6
2026-04-02T11:35:42.785;133;1,6
2026-04-02T11:35:42.786;133;1,7
2026-04-02T11:35:43.746;132;1,7
2026-04-02T11:35:44.701;132;1,8
2026-04-02T11:35:46.632;132;1,8
2026-04-02T11:35:46.633;133;1,8
2026-04-02T11:35:47.595;133;1,9
2026-04-02T11:35:49.036;133;2,0
2026-04-02T11:35:50.947;133;1,9
2026-04-02T11:35:50.947;132;1,6
2026-04-02T11:35:51.904;132;1,6
2026-04-02T11:35:52.860;132;1,5
2026-04-02T11:35:53.823;132;1,5
2026-04-02T11:35:54.794;132;1,6
2026-04-02T11:35:55.746;132;1,5
2026-04-02T11:35:56.664;132;1,5
2026-04-02T11:35:57.633;132;1,5
2026-04-02T11:35:58.584;132;1,5
2026-04-02T11:36:00.505;131;1,5
2026-04-02T11:36:00.984;131;1,4
2026-04-02T11:36:01.944;131;1,1
2026-04-02T11:36:02.886;131;1,2
2026-04-02T11:36:03.864;131;1,1
2026-04-02T11:36:04.824;130;1,3
2026-04-02T11:36:05.784;129;1,7
2026-04-02T11:36:06.774;128;1,6
2026-04-02T11:36:07.704;128;1,6
2026-04-02T11:36:08.664;128;1,7
2026-04-02T11:36:09.624;127;1,7
2026-04-02T11:36:10.585;128;1,7
2026-04-02T11:36:11.543;128;1,6
2026-04-02T11:36:12.985;128;1,6
2026-04-02T11:36:13.985;127;1,6
2026-04-02T11:36:14.946;127;1,6
2026-04-02T11:36:15.902;126;1,6
2026-04-02T11:36:16.862;126;1,6
2026-04-02T11:36:18.303;127;1,5
2026-04-02T11:36:18.742;127;1,5
2026-04-02T11:36:19.740;127;1,2
2026-04-02T11:36:20.707;128;1,2
2026-04-02T11:36:21.666;128;1,2
2026-04-02T11:36:22.624;128;1,2
2026-04-02T11:36:24.544;128;1,2
2026-04-02T11:36:25.984;127;1,3
2026-04-02T11:36:25.985;127;1,3
2026-04-02T11:36:26.948;127;1,3
2026-04-02T11:36:27.907;127;1,3
2026-04-02T11:36:28.862;127;1,3
2026-04-02T11:36:30.312;128;1,4
2026-04-02T11:36:30.745;128;1,3
2026-04-02T11:36:31.751;129;1,3
2026-04-02T11:36:33.665;128;1,3
2026-04-02T11:36:33.666;128;1,7
2026-04-02T11:36:34.623;127;1,7
2026-04-02T11:36:36.066;126;1,8
2026-04-02T11:36:37.022;125;1,8
2026-04-02T11:36:37.986;125;1,7
2026-04-02T11:36:38.943;125;1,7
2026-04-02T11:36:39.847;125;1,9
2026-04-02T11:36:41.290;126;1,9
2026-04-02T11:36:41.773;126;1,9
2026-04-02T11:36:42.729;126;1,9
2026-04-02T11:36:43.687;126;1,9
2026-04-02T11:36:44.665;125;1,9
2026-04-02T11:36:45.667;125;1,9
2026-04-02T11:36:46.617;125;1,9
2026-04-02T11:36:47.586;125;1,6
2026-04-02T11:36:48.974;126;1,5
2026-04-02T11:36:50.935;126;1,6
2026-04-02T11:36:50.936;126;1,6
2026-04-02T11:36:51.898;126;1,6
2026-04-02T11:36:52.858;126;1,5
2026-04-02T11:36:53.823;126;1,4
2026-04-02T11:36:54.783;126;1,4
2026-04-02T11:36:55.742;127;1,6
2026-04-02T11:36:56.666;127;1,7
2026-04-02T11:36:57.663;128;1,9
2026-04-02T11:36:58.630;128;1,9
2026-04-02T11:36:59.603;128;1,8
2026-04-02T11:37:01.027;128;1,8
2026-04-02T11:37:01.994;128;1,8
2026-04-02T11:37:02.949;128;1,7
2026-04-02T11:37:04.388;127;1,7
2026-04-02T11:37:04.874;128;1,9
2026-04-02T11:37:05.825;128;2,0
2026-04-02T11:37:06.787;128;2,0
2026-04-02T11:37:07.741;128;2,1
2026-04-02T11:37:08.705;127;2,0
2026-04-02T11:37:10.141;127;2,0
2026-04-02T11:37:10.624;127;1,9
2026-04-02T11:37:11.583;126;1,8
2026-04-02T11:37:12.968;126;1,8
2026-04-02T11:37:13.926;127;1,8
2026-04-02T11:37:14.939;127;2,0
2026-04-02T11:37:15.901;127;2,0
2026-04-02T11:37:16.865;127;2,0
2026-04-02T11:37:17.819;127;1,9
2026-04-02T11:37:18.788;127;1,7
2026-04-02T11:37:19.742;127;1,7
2026-04-02T11:37:20.704;127;1,7
2026-04-02T11:37:21.666;126;1,7
2026-04-02T11:37:22.623;126;1,5
2026-04-02T11:37:23.588;126;1,5
2026-04-02T11:37:25.026;127;2,0
2026-04-02T11:37:25.981;128;1,9
2026-04-02T11:37:26.939;128;1,9
2026-04-02T11:37:27.901;128;1,8
2026-04-02T11:37:28.861;127;2,1
2026-04-02T11:37:29.826;126;2,2
2026-04-02T11:37:30.785;125;2,2
2026-04-02T11:37:31.746;125;2,2
2026-04-02T11:37:33.185;125;2,2
2026-04-02T11:37:33.624;125;2,6
2026-04-02T11:37:34.621;125;2,5
2026-04-02T11:37:35.580;126;2,6
2026-04-02T11:37:37.025;127;2,6
2026-04-02T11:37:37.994;127;2,2
2026-04-02T11:37:39.423;128;2,3
2026-04-02T11:37:39.907;129;2,5
2026-04-02T11:37:40.865;131;2,5
2026-04-02T11:37:41.827;131;2,2
2026-04-02T11:37:42.774;131;2,1
2026-04-02T11:37:44.230;131;2,1
2026-04-02T11:37:44.699;131;2,1
2026-04-02T11:37:45.659;131;2,1
2026-04-02T11:37:46.630;131;1,8
2026-04-02T11:37:47.582;131;1,9
2026-04-02T11:37:49.027;131;1,9
2026-04-02T11:37:50.943;131;1,8
2026-04-02T11:37:50.943;132;1,8
2026-04-02T11:37:51.901;132;1,8
2026-04-02T11:37:52.864;131;1,6
2026-04-02T11:37:53.826;131;1,6
2026-04-02T11:37:54.787;130;1,7
2026-04-02T11:37:55.746;130;1,7
2026-04-02T11:37:56.704;130;1,9
2026-04-02T11:37:58.624;130;1,9
2026-04-02T11:37:58.625;131;2,0
2026-04-02T11:37:59.580;132;2,0
2026-04-02T11:38:01.023;132;1,9
2026-04-02T11:38:01.982;132;2,0
2026-04-02T11:38:02.946;132;2,0
2026-04-02T11:38:03.903;132;1,9
2026-04-02T11:38:04.865;132;1,9
2026-04-02T11:38:05.818;132;1,8
2026-04-02T11:38:06.784;132;2,0
2026-04-02T11:38:07.743;132;1,9
2026-04-02T11:38:08.710;133;2,2
2026-04-02T11:38:09.665;133;2,0
2026-04-02T11:38:10.625;134;2,1
2026-04-02T11:38:11.581;135;2,1
2026-04-02T11:38:13.499;135;2,0
2026-04-02T11:38:13.990;135;1,9
2026-04-02T11:38:14.945;136;1,9
2026-04-02T11:38:15.907;136;1,9
2026-04-02T11:38:17.345;136;2,1
2026-04-02T11:38:17.783;136;2,1
2026-04-02T11:38:19.262;136;2,0
2026-04-02T11:38:19.742;136;1,8
2026-04-02T11:38:20.705;136;1,8
2026-04-02T11:38:22.146;135;1,5
2026-04-02T11:38:22.623;134;1,7
2026-04-02T11:38:23.585;134;1,5
2026-04-02T11:38:25.022;133;1,5
2026-04-02T11:38:25.983;133;1,8
2026-04-02T11:38:27.424;133;1,9
2026-04-02T11:38:27.907;133;2,0
2026-04-02T11:38:28.862;133;2,0
2026-04-02T11:38:29.822;133;1,9
2026-04-02T11:38:30.783;133;2,0
2026-04-02T11:38:31.742;133;1,9
2026-04-02T11:38:33.669;132;2,0
2026-04-02T11:38:34.641;131;1,9
2026-04-02T11:38:34.643;131;1,9
2026-04-02T11:38:36.560;131;1,8
2026-04-02T11:38:36.983;131;1,9
2026-04-02T11:38:37.989;132;2,0
2026-04-02T11:38:39.426;132;1,7
2026-04-02T11:38:39.903;132;1,6
2026-04-02T11:38:40.861;132;1,5
2026-04-02T11:38:41.825;132;1,7
2026-04-02T11:38:42.782;132;1,9
2026-04-02T11:38:43.765;132;1,9
2026-04-02T11:38:46.148;132;1,9
2026-04-02T11:38:46.148;132;1,9
2026-04-02T11:38:46.626;133;2,3
2026-04-02T11:38:47.583;133;2,3
2026-04-02T11:38:49.024;133;2,2
2026-04-02T11:38:49.984;133;2,2
2026-04-02T11:38:50.938;133;2,1
2026-04-02T11:38:51.906;132;2,2
2026-04-02T11:38:52.875;132;2,4
2026-04-02T11:38:53.821;132;2,4
2026-04-02T11:38:54.782;132;2,2
2026-04-02T11:38:56.224;132;1,9
2026-04-02T11:38:57.186;132;2,0
2026-04-02T11:38:58.620;133;1,9
2026-04-02T11:38:58.621;133;1,9
2026-04-02T11:39:00.547;133;1,7
2026-04-02T11:39:00.548;133;1,6
2026-04-02T11:39:01.984;133;1,9
2026-04-02T11:39:02.956;133;1,9
2026-04-02T11:39:03.915;132;2,0
2026-04-02T11:39:04.867;132;2,0
2026-04-02T11:39:05.830;133;1,9
2026-04-02T11:39:06.786;133;1,9
2026-04-02T11:39:07.743;133;1,9
2026-04-02T11:39:08.710;133;1,9
2026-04-02T11:39:09.665;133;2,0
2026-04-02T11:39:10.621;132;2,0
2026-04-02T11:39:11.588;133;2,0
2026-04-02T11:39:13.509;133;2,0
2026-04-02T11:39:13.942;133;2,0
2026-04-02T11:39:15.909;133;1,7
2026-04-02T11:39:15.909;133;1,7
2026-04-02T11:39:16.866;132;1,9
2026-04-02T11:39:17.824;131;1,9
2026-04-02T11:39:18.781;130;2,0
2026-04-02T11:39:19.750;130;2,0
2026-04-02T11:39:20.709;130;2,0
2026-04-02T11:39:21.676;129;2,1
2026-04-02T11:39:23.583;130;2,0
2026-04-02T11:39:23.584;130;2,0
2026-04-02T11:39:25.026;130;2,0
2026-04-02T11:39:25.986;131;1,9
2026-04-02T11:39:26.943;131;2,0
2026-04-02T11:39:27.907;130;2,0
2026-04-02T11:39:28.865;130;2,1
2026-04-02T11:39:29.826;129;1,7
2026-04-02T11:39:31.268;129;1,6
2026-04-02T11:39:32.229;129;1,3
2026-04-02T11:39:32.662;130;1,3
2026-04-02T11:39:34.636;131;1,8
2026-04-02T11:39:35.110;132;1,7
2026-04-02T11:39:35.544;133;1,8
2026-04-02T11:39:36.553;134;1,9
2026-04-02T11:39:37.995;134;1,9
2026-04-02T11:39:38.953;135;1,8
2026-04-02T11:39:40.873;135;1,8
2026-04-02T11:39:40.875;135;1,7
2026-04-02T11:39:41.829;136;1,7
2026-04-02T11:39:43.270;137;2,2
2026-04-02T11:39:43.695;138;2,2
2026-04-02T11:39:44.701;139;2,2
2026-04-02T11:39:46.147;139
2026-04-02T11:39:46.584;140;2,0
2026-04-02T11:39:47.587;141;2,3
2026-04-02T11:39:48.505;143;2,3
2026-04-02T11:39:50.906;144;2,5
2026-04-02T11:39:50.910;146;2,5
2026-04-02T11:39:52.348;147;2,6
2026-04-02T11:39:53.787;147;2,9
2026-04-02T11:39:54.264;147;3,9
2026-04-02T11:39:55.224;147;8,4
2026-04-02T11:39:56.185;147;11,1
2026-04-02T11:39:56.665;149;11,1
2026-04-02T11:39:58.585;151;11,1
2026-04-02T11:39:58.588;152;11,1
2026-04-02T11:39:59.545;153;11,1
2026-04-02T11:40:00.507;153;11,0
2026-04-02T11:40:02.906;153;11,0
2026-04-02T11:40:02.909;153;11,0
2026-04-02T11:40:04.347;153;11,0
2026-04-02T11:40:04.821;152;11,0
2026-04-02T11:40:06.300;152;10,5
2026-04-02T11:40:06.793;152;7,5
2026-04-02T11:40:07.752;152;1,0
2026-04-02T11:40:08.700;151;0,8
2026-04-02T11:40:10.627;151;0,8
2026-04-02T11:40:11.063;151;0,7
2026-04-02T11:40:11.588;151;0,6
2026-04-02T11:40:12.546;151;0,6
2026-04-02T11:40:13.990;151;0,6
2026-04-02T11:40:15.903;151;0,6
2026-04-02T11:40:15.904;152;0,5
2026-04-02T11:40:17.347;151;0,5
2026-04-02T11:40:17.827;152;0,5
2026-04-02T11:40:18.796;152;0,5
2026-04-02T11:40:20.224;153;0,9
2026-04-02T11:40:20.711;154;1,5
2026-04-02T11:40:21.672;155;10,1
2026-04-02T11:40:22.630;156;14,5
2026-04-02T11:40:23.589;155;14,5
2026-04-02T11:40:25.504;156;14,5
2026-04-02T11:40:25.943;155;14,5
2026-04-02T11:40:26.944;155
2026-04-02T11:40:28.873;155;14,5
2026-04-02T11:40:28.874;155;14,5
2026-04-02T11:40:29.821;155;14,5
2026-04-02T11:40:30.787;156;14,6
2026-04-02T11:40:31.743;157;14,6
2026-04-02T11:40:32.703;158;14,6
2026-04-02T11:40:35.581;159;14,6
2026-04-02T11:40:35.582;160;14,5
2026-04-02T11:40:37.025;160;10,5
2026-04-02T11:40:37.026;161;1,7
2026-04-02T11:40:37.947;161;1,7
2026-04-02T11:40:39.905;161;1,8
2026-04-02T11:40:39.906;162;1,9
2026-04-02T11:40:40.867;162;5,4
2026-04-02T11:40:42.781;163;7,2
2026-04-02T11:40:42.782;163;7,3
2026-04-02T11:40:43.752;163;7,3
2026-04-02T11:40:44.709;163;23,6
2026-04-02T11:40:46.135;163;37,5
2026-04-02T11:40:46.584;163;53,2
2026-04-02T11:40:48.545;163;61,0
2026-04-02T11:40:48.546;164;61,0
2026-04-02T11:40:49.983;165;61,0
2026-04-02T11:40:50.942;165;61,0
2026-04-02T11:40:51.907;166;61,0
2026-04-02T11:40:53.838;166;60,8
2026-04-02T11:40:53.839;167;60,6
2026-04-02T11:40:55.268;167;60,6
2026-04-02T11:40:55.751;167;52,4
2026-04-02T11:40:57.662;167;48,2
2026-04-02T11:40:57.662;167;42,3
2026-04-02T11:40:58.624;168;2,1
2026-04-02T11:40:59.583;168;2,2
2026-04-02T11:41:00.550;167;1,9
2026-04-02T11:41:02.468;167;2,1
2026-04-02T11:41:02.907;167;2,3
2026-04-02T11:41:04.388;167;2,3
2026-04-02T11:41:04.825;167;2,2
2026-04-02T11:41:05.829;167;2,1
2026-04-02T11:41:06.784;167;2,1
2026-04-02T11:41:07.744;167;2,0
2026-04-02T11:41:09.665;167;1,7
2026-04-02T11:41:09.666;167;1,7
2026-04-02T11:41:11.582;167;1,6
2026-04-02T11:41:11.583;166;1,5
2026-04-02T11:41:12.543;166;1,3
2026-04-02T11:41:13.982;166;1,1
2026-04-02T11:41:15.905;166;1,2
2026-04-02T11:41:15.906;166;1,2
2026-04-02T11:41:16.863;166;1,3
2026-04-02T11:41:18.303;165;1,2
2026-04-02T11:41:18.785;166;1,2
2026-04-02T11:41:19.747;166;1,2
2026-04-02T11:41:21.668;166;1,3
2026-04-02T11:41:21.669;165;1,3
2026-04-02T11:41:22.630;165;1,3
2026-04-02T11:41:23.591;165;2,2
2026-04-02T11:41:25.506;165;8,4
2026-04-02T11:41:26.471;165;8,6
2026-04-02T11:41:26.905;165;8,6
2026-04-02T11:41:27.902;166;8,6
2026-04-02T11:41:30.300;166;8,6
2026-04-02T11:41:30.300;166
2026-04-02T11:41:30.744;166;12,7
2026-04-02T11:41:31.747;167;12,7
2026-04-02T11:41:32.707;167;58,0
2026-04-02T11:41:33.617;167;88,3
2026-04-02T11:41:35.589;167;88,3
2026-04-02T11:41:35.591;167;88,3
2026-04-02T11:41:36.552;167;88,1
2026-04-02T11:41:37.986;167;87,9
2026-04-02T11:41:38.951;167;87,9
2026-04-02T11:41:39.904;167;87,9
2026-04-02T11:41:41.350;168;87,9
2026-04-02T11:41:41.786;168;87,9
2026-04-02T11:41:42.783;170;87,4
2026-04-02T11:41:44.710;170;2,3
2026-04-02T11:41:45.190;169;2,1
2026-04-02T11:41:45.627;169;2,1
2026-04-02T11:41:46.630;169;1,7
2026-04-02T11:41:47.584;169;1,2
2026-04-02T11:41:49.031;169;1,3
2026-04-02T11:41:50.952;169;1,3
2026-04-02T11:41:50.954;169;15,0
2026-04-02T11:41:51.904;169;15,0
2026-04-02T11:41:53.353;170;15,1
2026-04-02T11:41:53.784;170;15,1
2026-04-02T11:41:54.787;169;15,1
2026-04-02T11:41:56.222;169;15,0
2026-04-02T11:41:57.185;169;15,0
2026-04-02T11:41:57.624;169;15,0
2026-04-02T11:41:58.623;169;15,1
2026-04-02T11:41:59.588;169;15,1
2026-04-02T11:42:00.557;169;15,1
2026-04-02T11:42:01.982;169;10,8
2026-04-02T11:42:02.944;169;1,7
2026-04-02T11:42:04.385;168;1,4
2026-04-02T11:42:04.825;168;1,4
2026-04-02T11:42:05.824;169;1,3
2026-04-02T11:42:06.792;168;1,5
2026-04-02T11:42:07.748;168;1,5
2026-04-02T11:42:08.711;169;1,5
2026-04-02T11:42:09.678;168;0,9
2026-04-02T11:42:11.109;168;0,9
2026-04-02T11:42:11.545;168;1,0
2026-04-02T11:42:13.989;168;1,0
2026-04-02T11:42:13.991;168;1,0
2026-04-02T11:42:14.943;168;1,2
2026-04-02T11:42:15.866;168;1,2
2026-04-02T11:42:16.865;168;1,0
2026-04-02T11:42:18.310;168;1,0
2026-04-02T11:42:18.743;168;1,0
2026-04-02T11:42:19.748;168;0,9
2026-04-02T11:42:20.705;168;0,9
2026-04-02T11:42:22.623;168;0,8
2026-04-02T11:42:23.535;168;0,9
2026-04-02T11:42:23.538;168;1,1
2026-04-02T11:42:24.548;168;1,1
2026-04-02T11:42:26.009;168;1,1
2026-04-02T11:42:26.952;168;1,0
2026-04-02T11:42:28.383;168;1,1
2026-04-02T11:42:29.345;168;1,1
2026-04-02T11:42:29.787;168;1,1
2026-04-02T11:42:31.747;168;1,2
2026-04-02T11:42:31.748;168;1,3
2026-04-02T11:42:32.707;168;1,4
2026-04-02T11:42:33.665;168;1,4
2026-04-02T11:42:35.103;168;1,5
2026-04-02T11:42:38.459;167;18,2
2026-04-02T11:42:38.460;167;18,2
2026-04-02T11:42:38.461;168;18,2
2026-04-02T11:42:39.419;168;18,2
2026-04-02T11:42:39.865;169;18,2
2026-04-02T11:42:40.829;169;18,2
2026-04-02T11:42:43.745;169;18,2
2026-04-02T11:42:43.746;169;18,2
2026-04-02T11:42:43.747;169;18,2
2026-04-02T11:42:44.704;169;18,2
2026-04-02T11:42:46.143;169;12,9
2026-04-02T11:42:46.586;169;1,5
2026-04-02T11:42:48.066;169;1,4
2026-04-02T11:42:49.030;169;2,0
2026-04-02T11:42:50.411;169;2,5
2026-04-02T11:42:51.372;170;3,2
2026-04-02T11:42:52.381;170;3,3
2026-04-02T11:42:52.868;170;3,4
2026-04-02T11:42:54.255;169;3,5
2026-04-02T11:42:54.732;169;3,5
2026-04-02T11:42:55.691;170;3,5
2026-04-02T11:42:57.129;170;3,4
2026-04-02T11:42:58.090;170;3,4
2026-04-02T11:42:58.570;169;3,3
2026-04-02T11:42:59.530;169;3,3
2026-04-02T11:43:00.492;169;2,6
2026-04-02T11:43:01.948;169;1,9
2026-04-02T11:43:02.940;168;1,6
2026-04-02T11:43:05.775;169;1,1
2026-04-02T11:43:06.785;168;0,7
2026-04-02T11:43:06.786;168;0,8
2026-04-02T11:43:06.787;168;0,8
2026-04-02T11:43:08.227;168;1,1
2026-04-02T11:43:08.668;168;1,5
2026-04-02T11:43:09.663;168;1,6
2026-04-02T11:43:11.101;168;1,6
2026-04-02T11:43:12.544;168;1,6
2026-04-02T11:43:12.545;167;1,6
2026-04-02T11:43:13.987;167;1,6
2026-04-02T11:43:15.909;168;1,8
2026-04-02T11:43:15.910;168;1,9
2026-04-02T11:43:16.875;168;2,1
2026-04-02T11:43:17.826;168;2,1
2026-04-02T11:43:18.784;168;1,8
2026-04-02T11:43:19.749;168;1,5
2026-04-02T11:43:20.704;168;1,5
2026-04-02T11:43:21.661;168;8,7
2026-04-02T11:43:22.625;167;11,2
2026-04-02T11:43:23.585;167;12,8
2026-04-02T11:43:24.551;168;12,8
2026-04-02T11:43:26.951;169;12,8
2026-04-02T11:43:27.906;169;12,8
2026-04-02T11:43:27.907;168;12,7
2026-04-02T11:43:29.307;168;12,7
2026-04-02T11:43:31.267;167;12,7
2026-04-02T11:43:31.269;167;12,7
2026-04-02T11:43:31.710;167;12,7
2026-04-02T11:43:32.718;166;11,8
2026-04-02T11:43:34.144;166;6,2
2026-04-02T11:43:34.632;166;1,1
2026-04-02T11:43:35.585;165;1,1
2026-04-02T11:43:37.027;165;0,8
2026-04-02T11:43:38.475;165;0,8
2026-04-02T11:43:38.908;165;0,7
2026-04-02T11:43:40.865;165;0,7
2026-04-02T11:43:41.305;166;0,7
2026-04-02T11:43:41.825;166;0,7
2026-04-02T11:43:42.749;166;0,7
2026-04-02T11:43:43.742;166;0,6
2026-04-02T11:43:44.667;165;16,4
2026-04-02T11:43:45.673;165;16,4
2026-04-02T11:43:47.585;165;22,4
2026-04-02T11:43:47.587;165;22,4
2026-04-02T11:43:48.550;166;22,4
2026-04-02T11:43:49.995;166;22,4
2026-04-02T11:43:50.947;167;69,3
2026-04-02T11:43:52.869;167;69,3
2026-04-02T11:43:52.870;167;95,0
2026-04-02T11:43:53.812;167;95,0
2026-04-02T11:43:54.790;167;95,0
2026-04-02T11:43:56.710;168;95,0
2026-04-02T11:43:56.711;168;95,0
2026-04-02T11:43:57.671;169;93,6
2026-04-02T11:43:58.628;170;92,4
2026-04-02T11:44:00.547;170;92,4
2026-04-02T11:44:00.548;170;92,4
2026-04-02T11:44:01.997;169;92,4
2026-04-02T11:44:02.947;170;92,4
2026-04-02T11:44:03.900;171;65,1
2026-04-02T11:44:04.877;171;3,0
2026-04-02T11:44:05.831;171;3,0
2026-04-02T11:44:06.786;170;3,0
2026-04-02T11:44:08.707;171;3,0
2026-04-02T11:44:08.709;171;90,1
2026-04-02T11:44:09.673;171;90,1
2026-04-02T11:44:10.640;171;90,1
2026-04-02T11:44:11.584;172;90,1
2026-04-02T11:44:13.987;171;90,1
2026-04-02T11:44:13.989;171;90,1
2026-04-02T11:44:16.392;171;90,1
2026-04-02T11:44:16.392;172;90,1
2026-04-02T11:44:17.349;173;90,1
2026-04-02T11:44:18.303;173;90,1
2026-04-02T11:44:18.745;173;64,1
2026-04-02T11:44:19.749;173;1,7
2026-04-02T11:44:20.719;173;1,8
2026-04-02T11:44:21.667;172;1,8
2026-04-02T11:44:23.107;172;1,6
2026-04-02T11:44:23.549;172;1,3
2026-04-02T11:44:24.551;171;1,1
2026-04-02T11:44:26.470;171;1,1
2026-04-02T11:44:26.956;171;1,0
2026-04-02T11:44:28.392;170;1,3
2026-04-02T11:44:28.829;170;2,0
2026-04-02T11:44:30.791;170;2,0
2026-04-02T11:44:30.792;170;1,9
2026-04-02T11:44:31.750;170;1,9
2026-04-02T11:44:32.715;170;1,9
2026-04-02T11:44:34.628;171;1,8
2026-04-02T11:44:34.628;171;1,8
2026-04-02T11:44:35.585;171;1,8
2026-04-02T11:44:36.550;172;1,8
2026-04-02T11:44:37.985;171;2,2
2026-04-02T11:44:39.427;171;2,1
2026-04-02T11:44:39.867;171;1,5
2026-04-02T11:44:40.866;171;1,5
2026-04-02T11:44:41.829;171;1,5
2026-04-02T11:44:42.788;171;1,6
2026-04-02T11:44:44.703;170;1,6
2026-04-02T11:44:44.704;170;1,7
2026-04-02T11:44:46.148;170;1,7
2026-04-02T11:44:46.588;170;1,6
2026-04-02T11:44:47.593;169;1,5
2026-04-02T11:44:48.544;169;1,0
2026-04-02T11:44:49.991;169;1,0
2026-04-02T11:44:50.954;169;0,9
2026-04-02T11:44:51.918;168;0,9
2026-04-02T11:44:52.871;168;1,0
2026-04-02T11:44:54.790;167;0,8
2026-04-02T11:44:54.791;167;0,8
2026-04-02T11:44:55.739;166;0,8
2026-04-02T11:44:56.709;166;0,9
2026-04-02T11:44:57.670;166;1,1
2026-04-02T11:44:59.109;165;1,4
2026-04-02T11:44:59.545;165;1,6
2026-04-02T11:45:00.553;165;1,6
2026-04-02T11:45:01.994;164;1,7
2026-04-02T11:45:02.908;165;1,7
2026-04-02T11:45:03.906;165;1,8
2026-04-02T11:45:04.859;164;1,8
2026-04-02T11:45:05.832;164;1,8
2026-04-02T11:45:06.799;164;1,8
2026-04-02T11:45:07.757;163;1,9
2026-04-02T11:45:09.673;163;1,9
2026-04-02T11:45:09.675;163;1,6
2026-04-02T11:45:10.629;163;1,5
2026-04-02T11:45:12.560;162;1,5
2026-04-02T11:45:12.561;162;1,5
2026-04-02T11:45:13.991;162;1,5
2026-04-02T11:45:14.948;161;1,6
2026-04-02T11:45:15.906;161;1,5
2026-04-02T11:45:16.868;160;1,5
2026-04-02T11:45:17.826;160;1,5
2026-04-02T11:45:18.787;159;1,3
2026-04-02T11:45:19.748;159;1,2
2026-04-02T11:45:21.626;158;1,4
2026-04-02T11:45:21.629;158;1,4
2026-04-02T11:45:23.108;157;1,4
2026-04-02T11:45:24.071;156;1,4
2026-04-02T11:45:24.505;156;1,4
2026-04-02T11:45:25.989;155;1,2
2026-04-02T11:45:26.957;154;1,1
2026-04-02T11:45:27.922;153;1,4
2026-04-02T11:45:28.874;152;1,4
2026-04-02T11:45:29.829;151;1,5
2026-04-02T11:45:30.788;151;1,5
2026-04-02T11:45:32.225;151;1,3
2026-04-02T11:45:32.664;150;1,3
2026-04-02T11:45:33.667;150;1,2
2026-04-02T11:45:34.628;150;1,2
2026-04-02T11:45:35.590;150;1,1
2026-04-02T11:45:36.548;150;1,1
2026-04-02T11:45:37.990;149;1,2
2026-04-02T11:45:39.435;149;1,3
2026-04-02T11:45:40.395;149;1,3
2026-04-02T11:45:40.881;148;1,3
2026-04-02T11:45:41.833;148;1,3
2026-04-02T11:45:43.278;148;1,3
2026-04-02T11:45:43.708;148;1,3
2026-04-02T11:45:45.668;147;1,4
2026-04-02T11:45:45.669;146;1,5
2026-04-02T11:45:46.627;146;1,5
2026-04-02T11:45:48.549;144;1,7
2026-04-02T11:45:48.550;144;1,7
2026-04-02T11:45:49.984;144;1,6
2026-04-02T11:45:50.944;144;1,2
2026-04-02T11:45:53.288;144;1,2
2026-04-02T11:45:53.788;143;1,7
2026-04-02T11:45:53.791;142;1,8
2026-04-02T11:45:54.799;142;1,9
2026-04-02T11:45:55.755;141;2,0
2026-04-02T11:45:57.190;140;2,0
2026-04-02T11:45:57.628;140;1,9
2026-04-02T11:46:00.556;140;2,8
2026-04-02T11:46:00.557;140;2,7
2026-04-02T11:46:00.558;139;2,7
2026-04-02T11:46:03.435;139;2,8
2026-04-02T11:46:03.435;139;2,8
2026-04-02T11:46:06.306;138;2,8
2026-04-02T11:46:06.308;138;2,8
2026-04-02T11:46:06.309;137;2,5
2026-04-02T11:46:08.226;137;2,5
2026-04-02T11:46:08.227;136;2,4
2026-04-02T11:46:13.521;136;2,3
2026-04-02T11:46:13.522;136;2,3
2026-04-02T11:46:13.523;136;2,2
2026-04-02T11:46:13.524;136;1,1
2026-04-02T11:46:13.525;137;1,1
2026-04-02T11:46:16.385;137;1,1
2026-04-02T11:46:16.386;137;0,9
2026-04-02T11:46:16.387;136;0,9
2026-04-02T11:46:18.310;136;0,9
2026-04-02T11:46:21.667;136;0,9
2026-04-02T11:46:21.668;136;0,8
2026-04-02T11:46:23.549;136;0,8
2026-04-02T11:46:23.553;136;0,7
2026-04-02T11:46:23.555;136;0,7
2026-04-02T11:46:23.557;136;1,0
2026-04-02T11:46:23.559;136;0,9
2026-04-02T11:46:26.430;136;0,9
2026-04-02T11:46:26.432;135;1,0
2026-04-02T11:46:29.309;135;1,1
2026-04-02T11:46:29.312;135;1,1
2026-04-02T11:46:33.630;135;1,1
2026-04-02T11:46:33.632;135;1,1
2026-04-02T11:46:33.634;134;1,1
2026-04-02T11:46:34.108;134;1,3
2026-04-02T11:46:34.111;134;1,5
2026-04-02T11:46:35.068;134;1,8
2026-04-02T11:46:35.070;131;3,6
2026-04-02T11:46:35.548;127;6,1
2026-04-02T11:46:36.507;124;6,2
2026-04-02T11:46:38.413;121;6,3
2026-04-02T11:46:40.832;119;6,3
2026-04-02T11:46:40.834;119;6,5
2026-04-02T11:46:40.837;123;7,4
2026-04-02T11:46:41.789;125;7,5
2026-04-02T11:46:42.749;127;7,5
2026-04-02T11:46:44.189;127;7,5
2026-04-02T11:46:44.667;128;7,5
2026-04-02T11:46:45.629;129;7,5
2026-04-02T11:46:46.589;129;7,6
2026-04-02T11:46:47.549;130;7,7
2026-04-02T11:46:48.509;130;5,0
2026-04-02T11:46:49.949;130;4,8
2026-04-02T11:46:50.908;131;4,7
2026-04-02T11:46:51.861;131;4,8
2026-04-02T11:46:52.830;131;4,8
2026-04-02T11:46:53.787;132;3,2
2026-04-02T11:46:54.748;132;2,8
2026-04-02T11:46:55.708;132;2,8
2026-04-02T11:46:56.667;132;3,0
2026-04-02T11:46:57.630;131;3,0
2026-04-02T11:46:58.587;131;3,0
2026-04-02T11:46:59.548;130;2,9
2026-04-02T11:47:00.509;130;2,4
2026-04-02T11:47:01.948;130;3,1
2026-04-02T11:47:02.909;130;3,2
2026-04-02T11:47:03.867;129;3,4
2026-04-02T11:47:04.831;129;3,4
2026-04-02T11:47:05.789;128;2,8
2026-04-02T11:47:06.730;127;3,2
2026-04-02T11:47:07.710;127;3,4
2026-04-02T11:47:08.658;127;3,4
2026-04-02T11:47:09.628;127;3,4
2026-04-02T11:47:10.632;127;3,3
2026-04-02T11:47:11.589;128;3,3
2026-04-02T11:47:12.548;128;3,4
2026-04-02T11:47:13.989;128;3,4
2026-04-02T11:47:14.943;127;3,2
2026-04-02T11:47:15.866;127;2,7
2026-04-02T11:47:16.828;128;2,7
2026-04-02T11:47:17.786;128;2,5
2026-04-02T11:47:18.738;128;2,5
2026-04-02T11:47:20.244;128;2,6
2026-04-02T11:47:20.669;128;1,7
2026-04-02T11:47:22.591;127;2,3
2026-04-02T11:47:22.593;126;2,5
2026-04-02T11:47:25.030;126;2,4
2026-04-02T11:47:25.031;126;2,3
2026-04-02T11:47:25.991;126;2,3
2026-04-02T11:47:26.941;126;2,2
2026-04-02T11:47:27.906;125;2,2
2026-04-02T11:47:28.875;125;2,2
2026-04-02T11:47:29.828;125;2,4
2026-04-02T11:47:31.268;126;2,4
2026-04-02T11:47:32.706;126;2,4
2026-04-02T11:47:32.708;127;2,4
2026-04-02T11:47:33.664;127;2,3
2026-04-02T11:47:34.625;126;2,5
2026-04-02T11:47:36.548;126;1,9
2026-04-02T11:47:36.549;126;1,6
2026-04-02T11:47:37.986;126;1,6
2026-04-02T11:47:38.910;126;1,6
2026-04-02T11:47:41.351;126;1,8
2026-04-02T11:47:41.352;126;1,8
2026-04-02T11:47:42.789;126;1,8
2026-04-02T11:47:42.790;126;1,8
2026-04-02T11:47:43.750;125;1,4
2026-04-02T11:47:44.715;125;1,7
2026-04-02T11:47:45.669;125;1,7
2026-04-02T11:47:46.590;124;1,7
2026-04-02T11:47:47.549;124;1,7
2026-04-02T11:47:48.512;125;1,7
2026-04-02T11:47:49.997;125;1,7
2026-04-02T11:47:50.952;125;1,6
2026-04-02T11:47:51.911;125;1,6
2026-04-02T11:47:52.867;125;1,6
2026-04-02T11:47:53.831;125;1,5
2026-04-02T11:47:54.803;125;1,5
2026-04-02T11:47:55.748;125;1,7
2026-04-02T11:47:56.706;126;1,7
2026-04-02T11:47:57.665;126;1,9
2026-04-02T11:47:58.631;127;1,7
2026-04-02T11:47:59.591;127;1,7
2026-04-02T11:48:01.032;127;1,7
2026-04-02T11:48:02.952;126;1,6
2026-04-02T11:48:02.953;127;1,5
2026-04-02T11:48:04.860;127;1,7
2026-04-02T11:48:04.861;127;1,7
2026-04-02T11:48:05.830;128;1,7
2026-04-02T11:48:06.790;128;1,8
2026-04-02T11:48:07.747;127;1,8
2026-04-02T11:48:09.188;127;1,9
2026-04-02T11:48:09.629;126;1,7
2026-04-02T11:48:11.589;126;2,4
2026-04-02T11:48:11.590;127;2,3
2026-04-02T11:48:12.545;126;2,2
2026-04-02T11:48:13.988;127;2,2
2026-04-02T11:48:15.919;127;2,3
2026-04-02T11:48:15.920;126;2,3
2026-04-02T11:48:16.826;126;2,3
2026-04-02T11:48:17.789;125;2,2
2026-04-02T11:48:18.750;125;2,5
2026-04-02T11:48:20.713;125;2,5
2026-04-02T11:48:20.714;125;2,4
2026-04-02T11:48:21.667;125;2,4
2026-04-02T11:48:22.628;126;2,3
2026-04-02T11:48:23.590;126;2,1
2026-04-02T11:48:24.544;126;1,6
2026-04-02T11:48:25.987;125;1,7
2026-04-02T11:48:26.950;125;1,9
2026-04-02T11:48:27.905;124;1,9
2026-04-02T11:48:28.870;123;1,9
2026-04-02T11:48:29.839;122;1,9
2026-04-02T11:48:31.273;122;1,9
2026-04-02T11:48:31.749;122;2,0
2026-04-02T11:48:32.725;122;1,7
2026-04-02T11:48:33.675;122;1,7
2026-04-02T11:48:35.108;122;1,9
2026-04-02T11:48:36.075;121;1,9
2026-04-02T11:48:36.508;121;1,9
2026-04-02T11:48:37.996;121;1,9
2026-04-02T11:48:38.950;121;2,0
2026-04-02T11:48:39.908;121;2,3
2026-04-02T11:48:40.870;122;2,1
2026-04-02T11:48:41.789;123;2,3
2026-04-02T11:48:42.797;123;2,3
2026-04-02T11:48:43.748;124;2,1
2026-04-02T11:48:44.714;124;2,1
2026-04-02T11:48:45.671;124;2,0
2026-04-02T11:48:46.630;124;2,1
2026-04-02T11:48:47.600;124;2,1
2026-04-02T11:48:48.547;125;2,0
2026-04-02T11:48:49.991;125;2,2
2026-04-02T11:48:50.957;125;2,2
2026-04-02T11:48:51.917;126;2,2
2026-04-02T11:48:52.872;125;2,1
2026-04-02T11:48:53.832;125;2,5
2026-04-02T11:48:54.780;124;2,5
2026-04-02T11:48:55.745;123;2,3
2026-04-02T11:48:56.707;123;2,3
2026-04-02T11:48:58.625;123;2,3
2026-04-02T11:48:58.626;123;2,6
2026-04-02T11:48:59.591;124;2,6
2026-04-02T11:49:00.549;125;2,6
2026-04-02T11:49:01.996;125;2,5
2026-04-02T11:49:02.911;124;2,6
2026-04-02T11:49:04.386;124;2,6
2026-04-02T11:49:04.827;123;2,6
2026-04-02T11:49:05.827;123;2,5
2026-04-02T11:49:06.792;123;2,5
2026-04-02T11:49:07.745;123;1,9
2026-04-02T11:49:08.712;124;2,4
2026-04-02T11:49:09.666;124;2,5
2026-04-02T11:49:10.629;125;2,4
2026-04-02T11:49:11.550;125;2,5
2026-04-02T11:49:12.609;126;2,2
2026-04-02T11:49:13.994;125;2,3
2026-04-02T11:49:14.952;125;2,3
2026-04-02T11:49:15.913;125;2,3
2026-04-02T11:49:16.862;124;2,2
2026-04-02T11:49:17.829;124;2,0
2026-04-02T11:49:18.790;125;2,1
2026-04-02T11:49:19.750;125;2,1
2026-04-02T11:49:20.710;125;2,1
2026-04-02T11:49:22.151;125;2,1
2026-04-02T11:49:22.589;125;1,5
2026-04-02T11:49:23.586;125;1,4
2026-04-02T11:49:24.568;125;1,4
2026-04-02T11:49:25.989;125;1,4
2026-04-02T11:49:26.950;126;1,3
2026-04-02T11:49:27.909;126;1,4
2026-04-02T11:49:28.871;126;1,3
2026-04-02T11:49:29.830;126;1,5
2026-04-02T11:49:30.782;126;1,4
2026-04-02T11:49:31.752;126;1,4
2026-04-02T11:49:32.717;126;1,4
2026-04-02T11:49:33.679;125;1,4
2026-04-02T11:49:34.627;125;1,3
2026-04-02T11:49:36.548;126;1,3
2026-04-02T11:49:36.549;126;1,2
2026-04-02T11:49:38.475;126;1,1
2026-04-02T11:49:38.908;126;1,1
2026-04-02T11:49:39.913;126;2,3
2026-04-02T11:49:41.312;127;2,3
2026-04-02T11:49:41.777;127;2,3
2026-04-02T11:49:43.268;127;2,3
2026-04-02T11:49:43.708;127;2,2
2026-04-02T11:49:45.669;127;2,2
2026-04-02T11:49:45.670;126;2,2
2026-04-02T11:49:48.072;126;2,2
2026-04-02T11:49:48.072;126;2,2
2026-04-02T11:49:48.508;126;2,7
2026-04-02T11:49:49.983;127;2,7
2026-04-02T11:49:50.948;127;2,8
2026-04-02T11:49:51.905;128;3,3
2026-04-02T11:49:52.873;128;3,3
2026-04-02T11:49:53.832;128;2,6
2026-04-02T11:49:54.788;127;2,7
2026-04-02T11:49:55.751;127;2,7
2026-04-02T11:49:56.711;127;2,6
2026-04-02T11:49:57.672;127;2,6
2026-04-02T11:49:58.631;128;2,9
2026-04-02T11:49:59.536;129;3,3
2026-04-02T11:50:00.552;129;3,3
2026-04-02T11:50:01.985;130;3,0
2026-04-02T11:50:02.946;130;2,9
2026-04-02T11:50:04.396;130;2,9
2026-04-02T11:50:04.830;129;2,4
2026-04-02T11:50:05.829;129;2,3
2026-04-02T11:50:06.793;129;2,3
2026-04-02T11:50:07.751;130;2,3
2026-04-02T11:50:08.710;130;2,3
2026-04-02T11:50:09.668;130;2,3
2026-04-02T11:50:11.111;130;2,3
2026-04-02T11:50:12.067;131;2,0
2026-04-02T11:50:12.509;132;1,2
2026-04-02T11:50:13.987;132;1,3
2026-04-02T11:50:14.950;133;1,3
2026-04-02T11:50:15.912;133;1,3
2026-04-02T11:50:16.873;133;1,3
2026-04-02T11:50:17.835;133;1,2
2026-04-02T11:50:18.791;133;1,2
2026-04-02T11:50:19.753;133;1,2
2026-04-02T11:50:20.716;133;1,1
2026-04-02T11:50:21.672;133;1,2
2026-04-02T11:50:23.602;133;1,2
2026-04-02T11:50:23.603;134;1,2
2026-04-02T11:50:24.558;135;1,1
2026-04-02T11:50:26.475;135;1,3
2026-04-02T11:50:26.910;135;1,1
2026-04-02T11:50:27.910;136;1,1
2026-04-02T11:50:29.352;136;1,1
2026-04-02T11:50:29.833;137;1,2
2026-04-02T11:50:30.789;138;1,3
2026-04-02T11:50:31.745;138;1,3
2026-04-02T11:50:33.190;139;1,2
2026-04-02T11:50:34.162;139;1,3
2026-04-02T11:50:34.590;139;1,7
2026-04-02T11:50:35.577;140;1,9
2026-04-02T11:50:36.553;141;1,8
2026-04-02T11:50:37.989;141;1,8
2026-04-02T11:50:40.870;142;1,7
2026-04-02T11:50:40.871;142;1,7
2026-04-02T11:50:40.872;142;1,7
2026-04-02T11:50:41.791;143;1,7
2026-04-02T11:50:42.787;144;1,8
2026-04-02T11:50:43.743;144;1,7
2026-04-02T11:50:45.661;145;1,8
2026-04-02T11:50:45.661;145;1,7
2026-04-02T11:50:46.629;146;1,8
2026-04-02T11:50:47.592;146;1,4
2026-04-02T11:50:49.033;148;1,3
2026-04-02T11:50:49.986;148;1,4
2026-04-02T11:50:50.943;149;1,5
2026-04-02T11:50:51.941;150;2,4
2026-04-02T11:50:52.842;150;3,1
2026-04-02T11:50:54.307;151;3,1
2026-04-02T11:50:54.789;152;3,1
2026-04-02T11:50:55.747;152;3,1
2026-04-02T11:50:56.712;153;3,1
2026-04-02T11:50:57.679;153;3,0
2026-04-02T11:50:58.635;154;3,2
2026-04-02T11:50:59.586;154;3,1
2026-04-02T11:51:00.511;155;3,1
2026-04-02T11:51:03.907;155;3,1
2026-04-02T11:51:03.908;155;3,1
2026-04-02T11:51:03.909;156;2,8
2026-04-02T11:51:04.870;156;1,5
2026-04-02T11:51:05.829;157;1,4
2026-04-02T11:51:07.269;157;1,4
2026-04-02T11:51:07.706;157;1,5
2026-04-02T11:51:08.711;156;1,5
2026-04-02T11:51:10.646;156;1,3
2026-04-02T11:51:10.647;156;1,0
2026-04-02T11:51:11.596;156;1,0
2026-04-02T11:51:12.553;156;1,0
2026-04-02T11:51:13.986;156;1,1
2026-04-02T11:51:14.954;156;1,1
2026-04-02T11:51:15.904;156;1,1
2026-04-02T11:51:17.836;156;1,0
2026-04-02T11:51:17.837;157;1,1
2026-04-02T11:51:18.787;157;1,5
2026-04-02T11:51:19.748;157;1,4
2026-04-02T11:51:20.716;157;1,4
2026-04-02T11:51:21.683;157;1,5
2026-04-02T11:51:22.630;157;1,5
2026-04-02T11:51:23.590;157;2,0
2026-04-02T11:51:25.515;157;2,0
2026-04-02T11:51:25.950;157;2,3
2026-04-02T11:51:27.434;158;2,3
2026-04-02T11:51:27.917;158;2,2
2026-04-02T11:51:29.313;159;2,3
2026-04-02T11:51:29.790;159;2,2
2026-04-02T11:51:30.787;159;2,3
2026-04-02T11:51:31.762;159;2,4
2026-04-02T11:51:32.711;160;2,5
2026-04-02T11:51:33.670;160;2,5
2026-04-02T11:51:35.107;160;2,2
2026-04-02T11:51:35.599;160;1,9
2026-04-02T11:51:36.548;160;2,1
2026-04-02T11:51:37.989;160;2,1
2026-04-02T11:51:40.874;160;29,9
2026-04-02T11:51:40.875;160;29,9
2026-04-02T11:51:40.876;161;29,9
2026-04-02T11:51:41.831;161;29,9
2026-04-02T11:51:43.276;161;29,9
2026-04-02T11:51:45.194;161;29,9
2026-04-02T11:51:45.196;162;29,8
2026-04-02T11:51:45.628;162;29,8
2026-04-02T11:51:47.119;162;29,8
2026-04-02T11:51:47.550;162;29,8
2026-04-02T11:51:48.545;163;29,8
2026-04-02T11:51:49.985;163;21,4
2026-04-02T11:51:50.946;163;1,2
2026-04-02T11:51:51.910;163
2026-04-02T11:51:52.880;164;1,2
2026-04-02T11:51:54.270;164;1,0
2026-04-02T11:51:55.233;165;0,9
2026-04-02T11:51:55.709;165;1,0
2026-04-02T11:51:57.151;166;1,0
2026-04-02T11:51:58.110;166
2026-04-02T11:51:58.591;166;1,0
2026-04-02T11:52:00.070;166;1,1
2026-04-02T11:52:00.509;166;1,0
2026-04-02T11:52:01.994;166;1,0
2026-04-02T11:52:02.952;166;0,9
2026-04-02T11:52:04.867;166;0,9
2026-04-02T11:52:04.868;165;0,9
2026-04-02T11:52:05.836;165;0,9
2026-04-02T11:52:07.273;165;0,9
2026-04-02T11:52:07.710;165;0,8
2026-04-02T11:52:09.191;164;0,7
2026-04-02T11:52:09.628;164;0,8
2026-04-02T11:52:10.623;164;0,8
2026-04-02T11:52:11.596;164;0,7
2026-04-02T11:52:12.557;164;0,6
2026-04-02T11:52:14.472;163;0,7
2026-04-02T11:52:16.389;163;0,7
2026-04-02T11:52:16.390;163;0,7
2026-04-02T11:52:16.877;163;0,7
2026-04-02T11:52:17.825;163;0,8
2026-04-02T11:52:19.272;162;0,9
2026-04-02T11:52:19.702;163;1,1
2026-04-02T11:52:20.715;163;1,1
2026-04-02T11:52:21.671;163;1,0
2026-04-02T11:52:24.080;163;1,1
2026-04-02T11:52:24.560;163;1,0
2026-04-02T11:52:25.989;163;1,2
2026-04-02T11:52:25.990;163;1,4
2026-04-02T11:52:26.952;163;1,4
2026-04-02T11:52:27.910;163;1,4
2026-04-02T11:52:28.880;163;1,6
2026-04-02T11:52:29.829;163;1,9
2026-04-02T11:52:30.787;162;1,9
2026-04-02T11:52:31.751;162;1,7
2026-04-02T11:52:32.669;162;1,8
2026-04-02T11:52:34.575;162;1,9
2026-04-02T11:52:35.531;162
2026-04-02T11:52:37.938;162;2,1
2026-04-02T11:52:37.941;162;2,4
2026-04-02T11:52:37.942;163;2,4
2026-04-02T11:52:41.308;163;2,5
2026-04-02T11:52:41.310;163;2,6
2026-04-02T11:52:41.311;163;2,6
2026-04-02T11:52:41.789;163;2,5
2026-04-02T11:52:44.674;163;2,3
2026-04-02T11:52:44.677;163;2,3
2026-04-02T11:52:45.151;163;2,3
2026-04-02T11:52:46.116;163;2,3
2026-04-02T11:52:46.587;163;2,3
2026-04-02T11:52:49.951;162;2,2
2026-04-02T11:52:49.955;162;1,7
2026-04-02T11:52:49.958;162;1,3
2026-04-02T11:52:50.913;162;1,0
2026-04-02T11:52:52.337;162;1,0
2026-04-02T11:52:52.826;161;1,0
2026-04-02T11:52:54.268;161;0,9
2026-04-02T11:52:56.651;161;1,0
2026-04-02T11:52:56.653;161;1,0
2026-04-02T11:52:57.136;161;0,8
2026-04-02T11:52:57.626;161;0,7
2026-04-02T11:52:58.574;161;0,7
2026-04-02T11:52:59.590;161;0,7
2026-04-02T11:53:00.514;161;0,8
2026-04-02T11:53:01.991;161;0,8
2026-04-02T11:53:03.426;161;0,9
2026-04-02T11:53:03.908;161;0,9
2026-04-02T11:53:04.869;162;1,1
2026-04-02T11:53:05.830;162;1,3
2026-04-02T11:53:06.791;163;1,4
2026-04-02T11:53:07.761;163;1,4
2026-04-02T11:53:09.191;163;1,4
2026-04-02T11:53:10.156;163;1,4
2026-04-02T11:53:10.630;164;1,5
2026-04-02T11:53:11.593;163;1,6
2026-04-02T11:53:12.553;164;1,6
2026-04-02T11:53:13.989;164;1,8
2026-04-02T11:53:14.948;164;1,9
2026-04-02T11:53:15.912;164;1,9
2026-04-02T11:53:16.871;164;1,7
2026-04-02T11:53:17.828;165;1,6
2026-04-02T11:53:18.795;164;1,6
2026-04-02T11:53:20.179;165;1,6
2026-04-02T11:53:20.672;165;1,6
2026-04-02T11:53:23.089;165;1,8
2026-04-02T11:53:23.091;166;1,8
2026-04-02T11:53:23.599;166
2026-04-02T11:53:24.501;166;1,8
2026-04-02T11:53:27.392;166;1,7
2026-04-02T11:53:27.871;166;5,4
2026-04-02T11:53:29.294;166;7,5
2026-04-02T11:53:30.263;167;7,5
2026-04-02T11:53:30.267;167;7,5
2026-04-02T11:53:30.787;166;7,5
2026-04-02T11:53:31.743;166;7,5
2026-04-02T11:53:32.654;166;7,5
2026-04-02T11:53:33.617;166;7,5
2026-04-02T11:53:34.576;166;7,4
2026-04-02T11:53:35.535;166;7,4
2026-04-02T11:53:36.511;166;7,4
2026-04-02T11:53:37.934;166;1,1
2026-04-02T11:53:39.374;166;1,1
2026-04-02T11:53:39.855;166;1,3
2026-04-02T11:53:40.818;166;1,1
2026-04-02T11:53:41.774;166;1,1
2026-04-02T11:53:42.735;166;1,1
2026-04-02T11:53:43.730;165;1,1
2026-04-02T11:53:44.673;166;1,2
2026-04-02T11:53:45.711;166;1,3
2026-04-02T11:53:46.575;166;1,2
2026-04-02T11:53:47.533;165;1,2
2026-04-02T11:53:48.513;166;1,1
2026-04-02T11:53:49.954;165;0,9
2026-04-02T11:53:50.914;165;1,1
2026-04-02T11:53:51.873;165;1,1
2026-04-02T11:53:52.833;165;1,1
2026-04-02T11:53:54.753;166;1,1
2026-04-02T11:53:54.757;166;1,0
2026-04-02T11:53:55.736;166;0,8
2026-04-02T11:53:59.074;166;0,8
2026-04-02T11:54:00.513;165;0,8
2026-04-02T11:54:00.517;165;0,8
2026-04-02T11:54:00.992;165;0,9
2026-04-02T11:54:00.995;165;1,1
2026-04-02T11:54:03.873;165;1,1
2026-04-02T11:54:03.877;165;1,0
2026-04-02T11:54:03.880;165;1,1
2026-04-02T11:54:05.793;165;1,2
2026-04-02T11:54:05.796;165;1,2
2026-04-02T11:54:07.229;165;1,2
2026-04-02T11:54:08.193;165;1,2
2026-04-02T11:54:08.716;165;1,2
2026-04-02T11:54:10.112;165;1,2
2026-04-02T11:54:10.592;165;1,1
2026-04-02T11:54:11.553;165;0,8
2026-04-02T11:54:13.472;166;0,8
2026-04-02T11:54:13.946;165;0,8
2026-04-02T11:54:14.899;165;0,9
2026-04-02T11:54:15.873;166;0,8
2026-04-02T11:54:16.834;166;2,7
2026-04-02T11:54:17.792;166;2,8
2026-04-02T11:54:18.738;166;2,8
2026-04-02T11:54:19.714;168;2,8
2026-04-02T11:54:21.153;168;2,8
2026-04-02T11:54:22.113;168;2,8
2026-04-02T11:54:22.593;168;2,9
2026-04-02T11:54:23.554;168;2,9
2026-04-02T11:54:24.514;168;2,9
2026-04-02T11:54:25.938;168;2,9
2026-04-02T11:54:26.913;168;2,9
2026-04-02T11:54:27.872;168;1,3
2026-04-02T11:54:29.794;168;1,1
2026-04-02T11:54:29.798;167;1,1
2026-04-02T11:54:30.753;167;1,1
2026-04-02T11:54:31.714;167;1,1
2026-04-02T11:54:32.673;167;0,6
2026-04-02T11:54:33.634;167;0,6
2026-04-02T11:54:34.605;167;0,6
2026-04-02T11:54:35.554;166;0,5
2026-04-02T11:54:36.993;166;0,5
2026-04-02T11:54:37.952;167;0,6
2026-04-02T11:54:38.898;167;0,7
2026-04-02T11:54:39.857;167;0,9
2026-04-02T11:54:41.310;167;1,0
2026-04-02T11:54:42.753;167;1,0
2026-04-02T11:54:42.757;167;1,0
2026-04-02T11:54:43.714;167;1,1
2026-04-02T11:54:45.631;167;1,1
2026-04-02T11:54:45.635;167;1,2
2026-04-02T11:54:46.594;168;1,2
2026-04-02T11:54:47.552;169;26,6
2026-04-02T11:54:48.512;170;37,3
2026-04-02T11:54:49.954;168;37,3
2026-04-02T11:54:50.913;168;37,3
2026-04-02T11:54:51.873;168;37,3
2026-04-02T11:54:52.826;168;37,3
2026-04-02T11:54:53.778;169;37,3
2026-04-02T11:54:54.754;169;37,3
2026-04-02T11:54:56.672;169;37,3
2026-04-02T11:54:56.676;168;37,3
2026-04-02T11:54:57.635;169;37,3
2026-04-02T11:55:00.036;169;26,2
2026-04-02T11:55:00.992;169;1,7
2026-04-02T11:55:00.994;169;1,7
2026-04-02T11:55:02.914;168;1,5
2026-04-02T11:55:04.833;168;1,4
2026-04-02T11:55:04.836;169;1,3
2026-04-02T11:55:07.219;168;1,4
2026-04-02T11:55:07.223;169;1,4
2026-04-02T11:55:07.225;169;1,4
2026-04-02T11:55:09.141;168;1,5
2026-04-02T11:55:09.145;168;1,0
2026-04-02T11:55:10.099;168;1,1
2026-04-02T11:55:10.578;168;1,0
2026-04-02T11:55:14.418;168;1,0
2026-04-02T11:55:14.422;168;0,9
2026-04-02T11:55:14.898;168;1,0
2026-04-02T11:55:15.384;167;1,0
2026-04-02T11:55:15.858;167;0,9
2026-04-02T11:55:16.820;167;0,9
2026-04-02T11:55:17.782;167;0,9
2026-04-02T11:55:18.755;167;0,9
2026-04-02T11:55:19.713;167;0,8
2026-04-02T11:55:21.154;167;0,9
2026-04-02T11:55:21.617;168;0,9
2026-04-02T11:55:22.591;168
2026-04-02T11:55:24.035;167;1,0
2026-04-02T11:55:25.980;167;1,4
2026-04-02T11:55:25.982;167;19,5
2026-04-02T11:55:26.900;166;19,5
2026-04-02T11:55:27.870;166;19,5
2026-04-02T11:55:28.833;166;22,6
2026-04-02T11:55:29.792;167;25,5
2026-04-02T11:55:30.754;167;25,5
2026-04-02T11:55:31.712;167;25,5
2026-04-02T11:55:33.154;168;25,5
2026-04-02T11:55:33.634;168;25,5
2026-04-02T11:55:34.581;168;25,5
2026-04-02T11:55:35.534;168;25,5
2026-04-02T11:55:36.514;168;25,5
2026-04-02T11:55:37.954;169;16,5
2026-04-02T11:55:39.874;169;11,9
2026-04-02T11:55:39.878;169;11,9
2026-04-02T11:55:40.832;169;1,1
2026-04-02T11:55:42.272;170;1,1
2026-04-02T11:55:42.755;169;1,6
2026-04-02T11:55:43.714;169;1,8
2026-04-02T11:55:44.674;170;1,8
2026-04-02T11:55:45.633;170;1,8
2026-04-02T11:55:46.594;170;1,9
2026-04-02T11:55:48.026;170;1,9
2026-04-02T11:55:48.994;170;1,9
2026-04-02T11:55:50.434;170;1,8
2026-04-02T11:55:51.874;170;1,8
2026-04-02T11:55:54.754;170;1,7
2026-04-02T11:55:54.757;169;1,1
2026-04-02T11:55:54.760;169;0,9
2026-04-02T11:55:54.763;169;0,9
2026-04-02T11:55:57.154;169;0,9
2026-04-02T11:55:57.158;168;0,6
2026-04-02T11:55:58.114;167;0,6
2026-04-02T11:55:59.073;167;0,5
2026-04-02T11:56:00.514;166;0,6
2026-04-02T11:56:00.517;165;0,7
2026-04-02T11:56:01.954;165;0,7
2026-04-02T11:56:03.394;164;0,7
2026-04-02T11:56:05.795;164;0,7
2026-04-02T11:56:05.798;163;0,7
2026-04-02T11:56:06.270;162;0,8
2026-04-02T11:56:07.234;162;0,9
2026-04-02T11:56:08.673;161;0,9
2026-04-02T11:56:08.678;161;0,8
2026-04-02T11:56:10.113;160;0,9
2026-04-02T11:56:10.594;159;0,9
2026-04-02T11:56:12.033;159;0,8
2026-04-02T11:56:12.514;159;0,9
2026-04-02T11:56:14.434;158;0,9
2026-04-02T11:56:14.912;158;0,9
2026-04-02T11:56:15.874;157;0,9
2026-04-02T11:56:16.834;157;0,9
2026-04-02T11:56:18.273;156;0,8
2026-04-02T11:56:18.753;155;0,9
2026-04-02T11:56:20.195;155;0,9
2026-04-02T11:56:20.673;154;0,9
2026-04-02T11:56:21.634;154;0,9
2026-04-02T11:56:22.594;154;0,9
2026-04-02T11:56:24.035;153;1,4
2026-04-02T11:56:24.513;154;1,9
2026-04-02T11:56:25.953;153;1,9
2026-04-02T11:56:26.914;153;1,9
2026-04-02T11:56:27.873;153;1,9
2026-04-02T11:56:28.834;153;1,8
2026-04-02T11:56:29.793;152;1,8
2026-04-02T11:56:30.755;153;2,1
2026-04-02T11:56:31.713;153;2,2
2026-04-02T11:56:32.674;153;2,2
2026-04-02T11:56:33.672;153;2,3
2026-04-02T11:56:34.633;152;2,2
2026-04-02T11:56:36.072;152;1,6
2026-04-02T11:56:36.555;152;1,4
2026-04-02T11:56:37.996;151;1,4
2026-04-02T11:56:38.952;151;1,4
2026-04-02T11:56:40.874;150;1,5
2026-04-02T11:56:40.876;150;1,6
2026-04-02T11:56:41.778;149;1,5
2026-04-02T11:56:43.220;148;1,0
2026-04-02T11:56:43.734;148;1,1
2026-04-02T11:56:45.634;146;1,2
2026-04-02T11:56:46.113;146;1,2
2026-04-02T11:56:46.593;145;1,2
2026-04-02T11:56:47.582;144;1,2
2026-04-02T11:56:48.575;143;1,3
2026-04-02T11:56:49.944;143;1,3
2026-04-02T11:56:50.941;142;1,3
2026-04-02T11:56:51.915;141;1,3
2026-04-02T11:56:52.870;141;1,3
2026-04-02T11:56:53.829;141;1,2
2026-04-02T11:56:55.233;140;1,2
2026-04-02T11:56:55.751;140;1,1
2026-04-02T11:56:56.718;140;1,3
2026-04-02T11:56:57.634;139;1,2
2026-04-02T11:56:59.591;138;1,3
2026-04-02T11:56:59.592;135;4,0
2026-04-02T11:57:00.551;131;4,5
2026-04-02T11:57:01.986;128;4,8
2026-04-02T11:57:02.955;125;4,9
2026-04-02T11:57:03.917;124;4,9
2026-04-02T11:57:04.865;123;4,9
2026-04-02T11:57:06.789;125;5,2
2026-04-02T11:57:06.790;127;6,1
2026-04-02T11:57:08.717;130;6,4
2026-04-02T11:57:08.718;132;6,4
2026-04-02T11:57:10.152;134;6,3
2026-04-02T11:57:10.636;135;6,3
2026-04-02T11:57:11.597;135;6,4
2026-04-02T11:57:12.556;136;6,1
2026-04-02T11:57:13.955;136;4,7
2026-04-02T11:57:14.914;137;4,4
2026-04-02T11:57:15.915;137;4,3
2026-04-02T11:57:16.866;137;4,3
2026-04-02T11:57:17.829;136;4,1
2026-04-02T11:57:18.767;136;3,9
2026-04-02T11:57:20.684;135;2,3
2026-04-02T11:57:20.685;134;1,7
2026-04-02T11:57:22.114;133;1,6
2026-04-02T11:57:22.634;132;1,7
2026-04-02T11:57:23.595;132;1,8
2026-04-02T11:57:25.031;131;1,7
2026-04-02T11:57:25.985;130;1,6
2026-04-02T11:57:26.951;129;2,0
2026-04-02T11:57:27.912;128;2,0
2026-04-02T11:57:28.865;128;2,0
2026-04-02T11:57:29.834;127;2,1
2026-04-02T11:57:30.788;127;2,1
2026-04-02T11:57:31.747;127;2,0
2026-04-02T11:57:32.695;127;2,0
2026-04-02T11:57:33.675;128;1,9
2026-04-02T11:57:34.634;127;1,9
2026-04-02T11:57:35.595;127;1,8
2026-04-02T11:57:36.546;127;1,8
2026-04-02T11:57:37.991;127;1,7
2026-04-02T11:57:38.949;127;2,1
2026-04-02T11:57:39.906;128;2,2
2026-04-02T11:57:40.877;128;1,9
2026-04-02T11:57:41.832;129;2,0
2026-04-02T11:57:42.791;130;2,1
2026-04-02T11:57:43.757;131;2,2
2026-04-02T11:57:44.674;131;2,1
2026-04-02T11:57:46.634;130;2,2
2026-04-02T11:57:46.635;130;2,2
2026-04-02T11:57:47.593;129;2,2
2026-04-02T11:57:48.551;129;2,3
2026-04-02T11:57:49.995;130;2,3
2026-04-02T11:57:50.950;130;2,3
2026-04-02T11:57:51.906;130;2,4
2026-04-02T11:57:52.871;129;1,8
2026-04-02T11:57:54.308;129;1,8
2026-04-02T11:57:54.801;130;1,8
2026-04-02T11:57:55.753;130;1,8
2026-04-02T11:57:56.709;129;1,8
2026-04-02T11:57:57.680;129;1,8
2026-04-02T11:57:58.630;128;1,7
2026-04-02T11:58:00.557;128;1,7
2026-04-02T11:58:00.557;128;1,6
2026-04-02T11:58:01.994;127;1,7
2026-04-02T11:58:02.953;126;1,8
2026-04-02T11:58:03.915;126;1,7
2026-04-02T11:58:04.864;125;1,7
2026-04-02T11:58:06.794;125;1,8
2026-04-02T11:58:06.795;125;1,8
2026-04-02T11:58:07.754;125;1,6
2026-04-02T11:58:08.720;125;1,6
2026-04-02T11:58:09.633;125;1,6
2026-04-02T11:58:10.629;125;1,4
2026-04-02T11:58:11.596;124;1,5
2026-04-02T11:58:12.554;124;1,5
2026-04-02T11:58:13.991;124;1,4
2026-04-02T11:58:14.952;124;1,4
2026-04-02T11:58:15.923;124;1,3
2026-04-02T11:58:16.870;123;1,1
2026-04-02T11:58:17.832;123;1,1
2026-04-02T11:58:18.785;123;1,1
2026-04-02T11:58:19.743;123;0,8
2026-04-02T11:58:20.718;123;0,8
2026-04-02T11:58:21.680;123;0,8
2026-04-02T11:58:22.637;123;0,9
2026-04-02T11:58:24.550;123;0,9
2026-04-02T11:58:24.551;123;0,9
2026-04-02T11:58:25.996;123;0,9
2026-04-02T11:58:26.956;123;0,9
2026-04-02T11:58:27.909;123;0,9
2026-04-02T11:58:28.869;123;1,2
2026-04-02T11:58:29.836;123;1,3
2026-04-02T11:58:30.790;122;1,3
2026-04-02T11:58:31.751;122;1,3
2026-04-02T11:58:33.669;121;1,3
2026-04-02T11:58:33.670;122;1,5
2026-04-02T11:58:34.631;122;1,5
2026-04-02T11:58:35.584;123;1,5
2026-04-02T11:58:36.560;123;1,5
2026-04-02T11:58:37.940;123;1,5
2026-04-02T11:58:38.908;122;1,6
2026-04-02T11:58:39.873;122;1,8
2026-04-02T11:58:41.300;123;1,8
2026-04-02T11:58:41.794;123;1,6
2026-04-02T11:58:42.742;123;1,5
2026-04-02T11:58:43.747;124;1,9
2026-04-02T11:58:44.713;124;1,9
2026-04-02T11:58:45.663;124;1,9
2026-04-02T11:58:46.631;124;2,0
2026-04-02T11:58:47.538;124;1,9
2026-04-02T11:58:48.562;123;1,9
2026-04-02T11:58:49.995;123;1,9
2026-04-02T11:58:50.951;123;1,9
2026-04-02T11:58:51.904;123;1,9
2026-04-02T11:58:52.881;124;1,9
2026-04-02T11:58:53.792;125;1,8
2026-04-02T11:58:54.789;125;1,8
2026-04-02T11:58:55.714;125;1,8
2026-04-02T11:58:56.674;125;1,8
2026-04-02T11:58:57.670;124;1,3
2026-04-02T11:58:58.633;124;1,4
2026-04-02T11:58:59.590;124;1,4
2026-04-02T11:59:01.511;123;1,4
2026-04-02T11:59:01.935;123;1,3
2026-04-02T11:59:02.955;123;1,3
2026-04-02T11:59:03.917;122;1,3
2026-04-02T11:59:04.876;122;1,4
2026-04-02T11:59:06.798;121;1,2
2026-04-02T11:59:06.800;121;1,1
2026-04-02T11:59:07.769;121;1,1
2026-04-02T11:59:08.724;121;1,2
2026-04-02T11:59:09.632;122;1,2
2026-04-02T11:59:10.595;121;1,4
2026-04-02T11:59:11.562;121;1,3
2026-04-02T11:59:12.555;121;1,3
2026-04-02T11:59:13.990;121;1,3
2026-04-02T11:59:14.954;122;1,4
2026-04-02T11:59:16.873;122;1,4
2026-04-02T11:59:16.874;123;1,4
2026-04-02T11:59:17.832;123;1,6
2026-04-02T11:59:18.780;123;1,7
2026-04-02T11:59:20.724;123;1,8
2026-04-02T11:59:20.725;123;1,7
2026-04-02T11:59:21.678;123;1,8
2026-04-02T11:59:22.595;122;1,7
2026-04-02T11:59:23.598;122;1,7
2026-04-02T11:59:24.557;122;1,8
2026-04-02T11:59:25.992;122;1,6
2026-04-02T11:59:26.956;122;1,6
2026-04-02T11:59:28.399;123;1,6
2026-04-02T11:59:28.834;122;1,7
2026-04-02T11:59:30.308;122;1,7
2026-04-02T11:59:30.753;121;1,7
2026-04-02T11:59:31.753;121;1,6
2026-04-02T11:59:32.713;120;1,6
2026-04-02T11:59:33.635;120;1,6
2026-04-02T11:59:34.649;120;1,6
2026-04-02T11:59:35.598;120;1,6
2026-04-02T11:59:36.548;120;1,6
2026-04-02T11:59:38.000;120;1,6
2026-04-02T11:59:38.950;119;1,6
2026-04-02T11:59:39.908;119;1,6
2026-04-02T11:59:40.877;118;1,6
2026-04-02T11:59:41.834;118;1,6
2026-04-02T11:59:42.795;118;1,6
2026-04-02T11:59:43.742;118;1,5
2026-04-02T11:59:44.739;119;1,6
2026-04-02T11:59:45.636;119;1,6
2026-04-02T11:59:47.594;120;1,5
2026-04-02T11:59:47.595;120;1,5
2026-04-02T11:59:48.555;120;1,3
2026-04-02T11:59:50.479;120;1,3
2026-04-02T11:59:50.913;121;1,4
2026-04-02T11:59:51.910;121;1,5
2026-04-02T11:59:52.871;122;1,6
2026-04-02T11:59:53.838;123;1,6
2026-04-02T11:59:55.276;124;1,6
2026-04-02T11:59:55.756;124;1,7
2026-04-02T11:59:56.718;125;1,6
2026-04-02T11:59:58.629;125;1,6
2026-04-02T11:59:58.630;124;1,5
2026-04-02T11:59:59.538;124;1,5
2026-04-02T12:00:01.481;124;1,6
2026-04-02T12:00:02.029;123;1,6
2026-04-02T12:00:02.992;123;1,6
2026-04-02T12:00:03.871;123;1,6
2026-04-02T12:00:04.871;123;1,5
2026-04-02T12:00:07.272;123;1,5
2026-04-02T12:00:07.273;123;1,3
2026-04-02T12:00:07.756;122;1,2
2026-04-02T12:00:08.705;122;1,1
2026-04-02T12:00:09.676;122;1,1
2026-04-02T12:00:11.112;122;1,2
2026-04-02T12:00:11.555;122;1,4
2026-04-02T12:00:12.550;121;1,7
2026-04-02T12:00:14.007;120;1,7
2026-04-02T12:00:14.954;120;1,8
2026-04-02T12:00:16.871;120;1,8
2026-04-02T12:00:16.872;121;1,9
2026-04-02T12:00:17.832;121;2,0
2026-04-02T12:00:18.797;121;2,0
2026-04-02T12:00:19.750;121;2,0
2026-04-02T12:00:20.719;121;1,9
2026-04-02T12:00:21.676;121;2,0
2026-04-02T12:00:22.631;120;2,0
2026-04-02T12:00:23.593;120;2,0
2026-04-02T12:00:24.567;120;2,0
2026-04-02T12:00:25.994;119;2,0
2026-04-02T12:00:26.955;119;1,6
2026-04-02T12:00:27.904;119;1,5
2026-04-02T12:00:28.875;119;1,6
2026-04-02T12:00:29.831;118;1,7
2026-04-02T12:00:30.795;118;1,6
2026-04-02T12:00:31.753;117;1,4
2026-04-02T12:00:32.711;117;1,4
2026-04-02T12:00:33.671;117;1,4
2026-04-02T12:00:34.631;117;1,4
2026-04-02T12:00:35.595;118;1,4
2026-04-02T12:00:36.555;118;1,5
2026-04-02T12:00:37.995;118;1,5
2026-04-02T12:00:38.953;118;1,6
2026-04-02T12:00:39.917;118;1,6
2026-04-02T12:00:41.832;118;1,6
2026-04-02T12:00:41.833;118;1,6
2026-04-02T12:00:42.797;118;1,6
2026-04-02T12:00:43.754;118;1,9
2026-04-02T12:00:45.684;119;1,6
2026-04-02T12:00:45.685;119;1,7
2026-04-02T12:00:47.118;120;1,7
2026-04-02T12:00:47.552;120;1,7
2026-04-02T12:00:49.036;121;1,8
2026-04-02T12:00:49.991;122;1,8
2026-04-02T12:00:51.923;122;1,9
2026-04-02T12:00:51.924;123;1,9
2026-04-02T12:00:52.875;124;1,9
2026-04-02T12:00:53.837;124;1,9
2026-04-02T12:00:54.795;125;1,8
2026-04-02T12:00:55.752;125;1,8
2026-04-02T12:00:56.711;126;1,8
2026-04-02T12:00:57.673;126;1,6
2026-04-02T12:00:58.641;127;1,6
2026-04-02T12:00:59.585;127;1,7
2026-04-02T12:01:01.515;128;1,7
2026-04-02T12:01:01.956;129;1,7
2026-04-02T12:01:02.956;129;1,5
2026-04-02T12:01:03.917;129;1,4
2026-04-02T12:01:04.878;129;1,4
2026-04-02T12:01:05.836;128;1,5
2026-04-02T12:01:06.809;127;1,5
2026-04-02T12:01:07.748;127;1,5
2026-04-02T12:01:08.719;128;1,5
2026-04-02T12:01:10.154;128;1,5
2026-04-02T12:01:11.117;128;1,5
2026-04-02T12:01:11.554;128;1,5
2026-04-02T12:01:12.561;127;1,7
2026-04-02T12:01:13.992;126;1,8
2026-04-02T12:01:15.913;125;1,8
2026-04-02T12:01:15.914;124;1,8
2026-04-02T12:01:16.881;124;1,8
2026-04-02T12:01:17.839;124;1,7
2026-04-02T12:01:19.280;123;1,6
2026-04-02T12:01:20.239;123;1,6
2026-04-02T12:01:20.718;123;1,5
2026-04-02T12:01:21.676;123;1,7
2026-04-02T12:01:23.076;122;2,1
2026-04-02T12:01:23.625;121;2,2
2026-04-02T12:01:24.549;120;2,2
2026-04-02T12:01:25.990;120;2,2
2026-04-02T12:01:26.938;120;2,2
2026-04-02T12:01:27.913;121;2,3
2026-04-02T12:01:29.353;122;2,2
2026-04-02T12:01:29.831;123;2,3
2026-04-02T12:01:30.793;123;2,3
2026-04-02T12:01:32.721;123;2,5
2026-04-02T12:01:34.637;123;2,5
2026-04-02T12:01:34.638;122;2,5
2026-04-02T12:01:34.639;122;2,4
2026-04-02T12:01:35.597;122;2,4
2026-04-02T12:01:36.555;122;2,2
2026-04-02T12:01:37.994;123;1,8
2026-04-02T12:01:38.958;123;2,1
2026-04-02T12:01:39.917;124;2,1
2026-04-02T12:01:40.874;125;2,1
2026-04-02T12:01:41.799;125;1,7
2026-04-02T12:01:43.755;126;1,7
2026-04-02T12:01:43.756;126;1,5
2026-04-02T12:01:44.719;126;1,6
2026-04-02T12:01:45.683;126;1,3
2026-04-02T12:01:46.636;126;1,5
2026-04-02T12:01:47.595;125;1,4
2026-04-02T12:01:48.556;125;1,4
2026-04-02T12:01:49.997;125;1,5
2026-04-02T12:01:50.954;126;1,5
2026-04-02T12:01:51.911;126;1,9
2026-04-02T12:01:52.882;127;1,6
2026-04-02T12:01:53.837;127;1,6
2026-04-02T12:01:54.797;127;1,6
2026-04-02T12:01:55.764;126;1,6
2026-04-02T12:01:56.717;125;1,8
2026-04-02T12:01:57.675;125;1,8
2026-04-02T12:01:58.622;124;1,8
2026-04-02T12:01:59.594;124;1,8
2026-04-02T12:02:00.557;124;1,8
2026-04-02T12:02:01.995;124;1,8
2026-04-02T12:02:02.956;125;1,8
2026-04-02T12:02:03.919;125;1,8
2026-04-02T12:02:05.365;125;1,7
2026-04-02T12:02:05.794;126;1,4
2026-04-02T12:02:06.799;126;1,4
2026-04-02T12:02:07.753;126;1,4
2026-04-02T12:02:08.722;126;1,3
2026-04-02T12:02:09.676;126;1,4
2026-04-02T12:02:10.634;125;1,1
2026-04-02T12:02:11.594;125;1,1
2026-04-02T12:02:12.555;125;1,3
2026-04-02T12:02:13.991;125;1,3
2026-04-02T12:02:14.954;126;1,1
2026-04-02T12:02:15.917;126;1,3
2026-04-02T12:02:16.836;127;1,4
2026-04-02T12:02:17.797;127;1,4
2026-04-02T12:02:18.799;127;1,5
2026-04-02T12:02:19.754;125;3,7
2026-04-02T12:02:20.720;123;3,8
2026-04-02T12:02:21.637;122;3,8
2026-04-02T12:02:22.596;121;3,9
2026-04-02T12:02:23.579;122;3,9
2026-04-02T12:02:24.558;122;4,0
2026-04-02T12:02:25.990;123;4,1
2026-04-02T12:02:26.952;123;4,0
2026-04-02T12:02:27.921;122;4,3
2026-04-02T12:02:28.878;122;4,5
2026-04-02T12:02:30.314;121;4,5
2026-04-02T12:02:31.275;120;4,4
2026-04-02T12:02:31.715;120;4,4
2026-04-02T12:02:32.712;120;4,4
2026-04-02T12:02:33.674;120;2,8
2026-04-02T12:02:34.636;121;2,7
2026-04-02T12:02:35.608;121;2,7
2026-04-02T12:02:36.551;121;2,6
2026-04-02T12:02:37.996;122;2,5
2026-04-02T12:02:39.435;122;2,6
2026-04-02T12:02:39.873;121;2,4
2026-04-02T12:02:42.314;121;2,4
2026-04-02T12:02:42.315;121;2,2
2026-04-02T12:02:42.802;122;1,5
2026-04-02T12:02:43.752;122;1,5
2026-04-02T12:02:44.716;122;1,7
2026-04-02T12:02:46.159;121;1,7
2026-04-02T12:02:46.595;120;1,8
2026-04-02T12:02:47.557;120;1,6
2026-04-02T12:02:49.033;120;1,7
2026-04-02T12:02:49.997;121;1,7
2026-04-02T12:02:50.969;121;1,8
2026-04-02T12:02:51.917;122;1,8
2026-04-02T12:02:52.876;122;1,8
2026-04-02T12:02:53.833;122;1,7
2026-04-02T12:02:54.793;121;2,0
2026-04-02T12:02:55.716;120;2,0
2026-04-02T12:02:58.160;120;1,9
2026-04-02T12:02:58.161;120;1,9
2026-04-02T12:02:58.596;121;2,0
2026-04-02T12:02:59.596;121;2,0
2026-04-02T12:03:00.562;122;2,0
2026-04-02T12:03:01.997;123;2,0
2026-04-02T12:03:02.956;123;1,9
2026-04-02T12:03:03.915;123;2,2
2026-04-02T12:03:04.876;123;2,1
2026-04-02T12:03:06.792;122;2,1
2026-04-02T12:03:06.793;122;2,1
2026-04-02T12:03:07.753;122;2,1
2026-04-02T12:03:09.204;122;2,0
2026-04-02T12:03:09.679;123;2,0
2026-04-02T12:03:10.635;123;1,9
2026-04-02T12:03:12.074;123;1,9
2026-04-02T12:03:12.564;122;2,0
2026-04-02T12:03:13.999;121;2,4
2026-04-02T12:03:14.957;120;2,2
2026-04-02T12:03:15.912;120;2,3
2026-04-02T12:03:16.838;119;2,4
2026-04-02T12:03:17.791;120;2,4
2026-04-02T12:03:18.797;121;2,3
2026-04-02T12:03:19.754;122;2,6
2026-04-02T12:03:20.713;122;2,7
2026-04-02T12:03:21.675;122;2,7
2026-04-02T12:03:22.638;121;2,8
2026-04-02T12:03:23.600;121;2,7
2026-04-02T12:03:25.504;121;2,7
2026-04-02T12:03:25.954;121;2,8
2026-04-02T12:03:27.434;121;2,7
2026-04-02T12:03:27.916;122;2,4
2026-04-02T12:03:28.880;123;2,6
2026-04-02T12:03:29.835;124;2,6
2026-04-02T12:03:30.795;124;2,6
2026-04-02T12:03:31.762;124;2,7
2026-04-02T12:03:32.715;123;2,7
2026-04-02T12:03:33.676;123;2,4
2026-04-02T12:03:34.635;122;2,3
2026-04-02T12:03:35.606;121;2,2
2026-04-02T12:03:36.557;121;2,1
2026-04-02T12:03:38.010;121;2,2
2026-04-02T12:03:38.917;122;2,3
2026-04-02T12:03:39.916;123;2,4
2026-04-02T12:03:40.836;123;2,3
2026-04-02T12:03:41.834;123;2,2
2026-04-02T12:03:42.798;123;2,1
2026-04-02T12:03:44.715;122;2,1
2026-04-02T12:03:44.716;121;2,2
2026-04-02T12:03:45.678;121;2,2
2026-04-02T12:03:46.639;121;1,9
2026-04-02T12:03:47.598;122;2,3
2026-04-02T12:03:48.553;123;2,3
2026-04-02T12:03:50.953;123;2,4
2026-04-02T12:03:50.954;124;2,4
2026-04-02T12:03:51.905;124;2,4
2026-04-02T12:03:52.876;124;2,3
2026-04-02T12:03:54.315;125;2,3
2026-04-02T12:03:55.750;125
2026-04-02T12:03:55.751;126;2,6
2026-04-02T12:03:57.196;129;3,2
2026-04-02T12:03:58.637;129;3,2
2026-04-02T12:03:58.638;130;3,8
2026-04-02T12:04:00.078;133;3,8
2026-04-02T12:04:00.516;135;4,1
2026-04-02T12:04:01.995;138;3,9
2026-04-02T12:04:02.959;139;4,0
2026-04-02T12:04:03.915;141;4,0
2026-04-02T12:04:05.358;142;4,0
2026-04-02T12:04:06.315;143;4,2
2026-04-02T12:04:06.757;145;4,3
2026-04-02T12:04:07.757;146;4,3
2026-04-02T12:04:08.712;148;4,1
2026-04-02T12:04:09.682;149;4,1
2026-04-02T12:04:10.634;149;3,6
2026-04-02T12:04:11.598;149;3,0
2026-04-02T12:04:13.037;149;2,9
2026-04-02T12:04:13.995;149
2026-04-02T12:04:14.965;150;2,8
2026-04-02T12:04:15.923;151;2,8
2026-04-02T12:04:17.375;152;3,2
2026-04-02T12:04:18.793;153;3,0
2026-04-02T12:04:18.795;153;2,9
2026-04-02T12:04:19.702;153;2,9
2026-04-02T12:04:20.660;153;2,8
2026-04-02T12:04:21.677;153;2,8
2026-04-02T12:04:22.641;153;2,7
2026-04-02T12:04:23.539;153;2,6
2026-04-02T12:04:24.499;152;2,6
2026-04-02T12:04:25.939;152;2,1
2026-04-02T12:04:27.378;152;1,9
2026-04-02T12:04:27.859;152;1,8
2026-04-02T12:04:28.822;152;0,8
2026-04-02T12:04:29.798;153;0,9
2026-04-02T12:04:31.274;153;1,1
2026-04-02T12:04:31.698;153;1,1
2026-04-02T12:04:32.664;153;1,3
2026-04-02T12:04:33.669;154;1,3
2026-04-02T12:04:34.587;154;1,5
2026-04-02T12:04:35.549;155;1,5
2026-04-02T12:04:36.525;155;1,6
2026-04-02T12:04:37.994;156;1,6
2026-04-02T12:04:38.919;156;1,5
2026-04-02T12:04:39.914;157;1,5
2026-04-02T12:04:40.823;157;1,6
2026-04-02T12:04:41.782;158;1,6
2026-04-02T12:04:42.798;158;1,4
2026-04-02T12:04:43.749;159;1,6
2026-04-02T12:04:45.190;159;1,6
2026-04-02T12:04:45.631;160;1,5
2026-04-02T12:04:46.632;161;1,5
2026-04-02T12:04:48.083;161;1,4
2026-04-02T12:04:48.517;161;1,4
2026-04-02T12:04:50.472;161;1,4
2026-04-02T12:04:51.435;161;1,4
2026-04-02T12:04:51.877;161;1,4
2026-04-02T12:04:54.262;161;19,4
2026-04-02T12:04:54.264;161;19,4
2026-04-02T12:04:56.237;161;24,1
2026-04-02T12:04:56.238;161;38,1
2026-04-02T12:04:59.065;161;38,4
2026-04-02T12:04:59.068;161;38,4
2026-04-02T12:04:59.071;161;38,4
2026-04-02T12:05:00.552;161;38,4
2026-04-02T12:05:00.554;162;38,4
