Phone timestamp;HR [bpm];HRV [ms];Breathing interval [rpm];
2026-04-02T12:06:23.656;167;38,4
2026-04-02T12:06:24.570;168;38,4
2026-04-02T12:06:26.986;168;38,4
2026-04-02T12:06:27.947;168;33,2
2026-04-02T12:06:27.948;168;30,0
2026-04-02T12:06:29.387;168;5,1
2026-04-02T12:06:30.349;168;1,5
2026-04-02T12:06:30.787;166;1,6
2026-04-02T12:06:31.785;165;1,6
2026-04-02T12:06:33.228;167;1,6
2026-04-02T12:06:34.666;167;1,6
2026-04-02T12:06:34.667;168;1,5
2026-04-02T12:06:35.620;168;1,4
2026-04-02T12:06:37.066;169;1,2
2026-04-02T12:06:37.506;169;1,3
2026-04-02T12:06:38.985;169;1,3
2026-04-02T12:06:41.390;169;1,3
2026-04-02T12:06:41.392;169;1,4
2026-04-02T12:06:42.350;169;1,3
2026-04-02T12:06:42.786;169;1,3
2026-04-02T12:06:44.745;169;1,2
2026-04-02T12:06:45.228;170;1,2
2026-04-02T12:06:45.667;170;1,1
2026-04-02T12:06:47.147;170;1,0
2026-04-02T12:06:47.588;169;0,9
2026-04-02T12:06:48.586;169;0,9
2026-04-02T12:06:49.550;168;0,9
2026-04-02T12:06:50.993;168;0,7
2026-04-02T12:06:51.952;167;0,6
2026-04-02T12:06:55.789;167;0,6
2026-04-02T12:06:55.790;167;0,7
2026-04-02T12:06:55.790;167;0,7
2026-04-02T12:06:55.791;166;0,7
2026-04-02T12:06:58.638;166;0,7
2026-04-02T12:06:58.639;166;0,7
2026-04-02T12:06:58.640;165;0,6
2026-04-02T12:07:01.029;165;0,7
2026-04-02T12:07:01.490;165;0,7
2026-04-02T12:07:01.493;165;0,7
2026-04-02T12:07:02.930;164;0,9
2026-04-02T12:07:04.388;164;0,9
2026-04-02T12:07:04.850;164;0,9
2026-04-02T12:07:05.810;164;0,8
2026-04-02T12:07:07.748;164;0,8
2026-04-02T12:07:07.752;165;1,1
2026-04-02T12:07:08.756;165;1,1
2026-04-02T12:07:09.711;164;1,1
2026-04-02T12:07:10.664;164;1,1
2026-04-02T12:07:11.627;165;1,1
2026-04-02T12:07:12.533;165;0,9
2026-04-02T12:07:13.546;166;0,9
2026-04-02T12:07:14.949;165;0,9
2026-04-02T12:07:16.420;166;0,9
2026-04-02T12:07:16.905;166;0,9
2026-04-02T12:07:17.867;166;0,9
2026-04-02T12:07:18.821;165;0,6
2026-04-02T12:07:19.778;165;1,0
2026-04-02T12:07:20.709;165;1,0
2026-04-02T12:07:23.588;166;1,2
2026-04-02T12:07:24.069;166;1,2
2026-04-02T12:07:24.073;166;1,2
2026-04-02T12:07:25.028;166;1,2
2026-04-02T12:07:25.985;166;1,2
2026-04-02T12:07:27.411;166;1,3
2026-04-02T12:07:27.906;166;1,3
2026-04-02T12:07:29.821;166;1,3
2026-04-02T12:07:30.304;166
2026-04-02T12:07:30.787;165;1,3
2026-04-02T12:07:32.734;165;1,3
2026-04-02T12:07:32.736;166;1,4
2026-04-02T12:07:36.531;166;1,5
2026-04-02T12:07:36.535;166;1,3
2026-04-02T12:07:36.537;167;1,4
2026-04-02T12:07:36.540;167;1,4
2026-04-02T12:07:37.487;168;14,6
2026-04-02T12:07:38.946;168;21,1
2026-04-02T12:07:40.902;168;35,7
2026-04-02T12:07:40.904;167;35,7
2026-04-02T12:07:42.350;167;35,7
2026-04-02T12:07:42.826;167;35,7
2026-04-02T12:07:43.793;167;35,7
2026-04-02T12:07:44.797;166;35,7
2026-04-02T12:07:46.184;166;35,7
2026-04-02T12:07:47.147;166;35,7
2026-04-02T12:07:47.584;165;35,7
2026-04-02T12:07:49.064;165;32,6
2026-04-02T12:07:49.508;165;1,7
2026-04-02T12:07:50.984;165;0,7
2026-04-02T12:07:53.391;165;0,6
2026-04-02T12:07:53.392;165;0,6
2026-04-02T12:07:54.358;165;0,7
2026-04-02T12:07:55.309;165;0,7
2026-04-02T12:07:55.746;164;0,7
2026-04-02T12:07:56.745;165;0,7
2026-04-02T12:07:58.190;165;0,8
2026-04-02T12:07:59.105;165;1,0
2026-04-02T12:08:00.103;165;1,4
2026-04-02T12:08:00.592;165;1,4
2026-04-02T12:08:01.546;165;1,8
2026-04-02T12:08:03.510;166;42,6
2026-04-02T12:08:03.943;165;44,0
2026-04-02T12:08:05.344;162;44,0
2026-04-02T12:08:05.861;161;49,3
2026-04-02T12:08:07.735;161
2026-04-02T12:08:07.738;159;49,3
2026-04-02T12:08:09.705;158;67,3
2026-04-02T12:08:09.706;161;69,8
2026-04-02T12:08:10.672;164;69,8
2026-04-02T12:08:11.626;166;69,8
2026-04-02T12:08:12.535;167;69,8
2026-04-02T12:08:13.548;168;69,8
2026-04-02T12:08:14.998;168;68,5
2026-04-02T12:08:15.919;168;54,3
2026-04-02T12:08:17.395;168;54,3
2026-04-02T12:08:17.861;168;49,5
2026-04-02T12:08:19.762;168;43,9
2026-04-02T12:08:19.763;169;13,7
2026-04-02T12:08:20.746;169;1,9
2026-04-02T12:08:21.670;168;2,0
2026-04-02T12:08:22.615;169;2,7
2026-04-02T12:08:24.052;169;2,5
2026-04-02T12:08:24.534;169;2,5
2026-04-02T12:08:25.551;170;2,7
2026-04-02T12:08:26.987;171;2,8
2026-04-02T12:08:28.372;171;2,7
2026-04-02T12:08:29.381;171;2,6
2026-04-02T12:08:29.874;171;2,6
2026-04-02T12:08:30.830;171;2,6
2026-04-02T12:08:31.779;171;2,6
2026-04-02T12:08:33.652;171;2,6
2026-04-02T12:08:34.185;171;2,4
2026-04-02T12:08:36.590;171;1,6
2026-04-02T12:08:36.591;171;1,5
2026-04-02T12:08:36.592;171;1,4
2026-04-02T12:08:39.946;171;1,3
2026-04-02T12:08:39.947;171;1,1
2026-04-02T12:08:40.425;171;16,9
2026-04-02T12:08:40.868;171;16,9
2026-04-02T12:08:41.829;171;23,8
2026-04-02T12:08:42.789;171;23,8
2026-04-02T12:08:43.793;170;23,8
2026-04-02T12:08:44.753;171;23,8
2026-04-02T12:08:45.712;170;23,8
2026-04-02T12:08:46.679;170;23,8
2026-04-02T12:08:47.632;170;23,8
2026-04-02T12:08:48.589;170;23,8
2026-04-02T12:08:51.485;169;23,8
2026-04-02T12:08:51.486;169;16,7
2026-04-02T12:08:53.870;168;1,0
2026-04-02T12:08:53.871;168;0,8
2026-04-02T12:08:53.872;167;0,8
2026-04-02T12:08:54.831;167;0,9
2026-04-02T12:08:57.710;166;0,9
2026-04-02T12:08:57.712;166;1,1
2026-04-02T12:08:57.712;165;1,0
2026-04-02T12:08:58.664;165;1,1
2026-04-02T12:09:00.589;164;1,2
2026-04-02T12:09:00.590;163;1,1
2026-04-02T12:09:01.550;163;1,1
2026-04-02T12:09:02.982;162;1,0
2026-04-02T12:09:04.434;162;1,0
2026-04-02T12:09:04.911;161;1,5
2026-04-02T12:09:05.867;160;1,5
2026-04-02T12:09:07.310;160;1,5
2026-04-02T12:09:07.787;159;1,4
2026-04-02T12:09:08.758;159;1,4
2026-04-02T12:09:09.702;159;1,5
2026-04-02T12:09:11.579;159;1,4
2026-04-02T12:09:11.583;159;1,4
2026-04-02T12:09:14.028;158;1,4
2026-04-02T12:09:14.029;158;1,6
2026-04-02T12:09:14.978;158;1,7
2026-04-02T12:09:15.956;158;1,2
2026-04-02T12:09:16.921;158;1,3
2026-04-02T12:09:17.867;157;1,3
2026-04-02T12:09:21.225;157;1,3
2026-04-02T12:09:21.226;157;1,4
2026-04-02T12:09:21.227;157;1,3
2026-04-02T12:09:21.668;156;1,4
2026-04-02T12:09:22.668;156;1,4
2026-04-02T12:09:23.624;154;1,5
2026-04-02T12:09:25.071;153;1,5
2026-04-02T12:09:25.509;151;1,6
2026-04-02T12:09:26.984;149;1,8
2026-04-02T12:09:27.942;148;1,9
2026-04-02T12:09:28.916;146;2,0
2026-04-02T12:09:29.868;144;2,0
2026-04-02T12:09:30.823;143;2,0
2026-04-02T12:09:31.785;142;2,0
2026-04-02T12:09:33.236;142;2,0
2026-04-02T12:09:33.666;141;2,0
2026-04-02T12:09:34.674;141;2,0
2026-04-02T12:09:35.633;141;1,9
2026-04-02T12:09:36.588;141;1,8
2026-04-02T12:09:37.554;141;1,5
2026-04-02T12:09:38.998;140;1,2
2026-04-02T12:09:39.947;140;1,2
2026-04-02T12:09:40.913;138;1,3
2026-04-02T12:09:41.904;137;1,5
2026-04-02T12:09:42.854;137;1,5
2026-04-02T12:09:43.748;136;1,5
2026-04-02T12:09:44.709;136;1,5
2026-04-02T12:09:45.668;135;1,5
2026-04-02T12:09:46.666;134;1,6
2026-04-02T12:09:47.656;133;1,8
2026-04-02T12:09:48.593;132;1,8
2026-04-02T12:09:49.548;131;1,8
2026-04-02T12:09:50.988;131;1,8
2026-04-02T12:09:51.952;131;1,8
2026-04-02T12:09:52.905;131;1,7
2026-04-02T12:09:53.871;130;1,7
2026-04-02T12:09:54.824;129;1,8
2026-04-02T12:09:55.789;128;1,8
2026-04-02T12:09:56.756;127;2,0
2026-04-02T12:09:57.713;126;1,9
2026-04-02T12:09:58.668;126;1,9
2026-04-02T12:10:00.588;126;1,9
2026-04-02T12:10:00.589;126;1,7
2026-04-02T12:10:02.508;126;1,7
2026-04-02T12:10:02.988;126;1,7
2026-04-02T12:10:03.948;125;2,0
2026-04-02T12:10:04.905;124;2,0
2026-04-02T12:10:05.868;124;2,0
2026-04-02T12:10:06.826;124;2,0
2026-04-02T12:10:07.786;124;1,9
2026-04-02T12:10:08.755;124;2,0
2026-04-02T12:10:10.671;124;1,8
2026-04-02T12:10:10.672;123;1,7
2026-04-02T12:10:11.624;123;1,9
2026-04-02T12:10:12.588;122;1,9
2026-04-02T12:10:13.990;121;1,8
2026-04-02T12:10:14.995;121;1,8
2026-04-02T12:10:15.941;121;1,8
2026-04-02T12:10:16.909;121;1,9
2026-04-02T12:10:17.866;120;1,9
2026-04-02T12:10:18.828;119;1,7
2026-04-02T12:10:19.789;119;1,8
2026-04-02T12:10:21.702;118;1,8
2026-04-02T12:10:21.703;118;1,8
2026-04-02T12:10:22.675;118;1,8
2026-04-02T12:10:23.589;118;1,6
2026-04-02T12:10:24.592;118;1,7
2026-04-02T12:10:25.551;117;1,6
2026-04-02T12:10:26.987;117;1,6
2026-04-02T12:10:27.948;116;1,6
2026-04-02T12:10:28.914;116;1,6
2026-04-02T12:10:31.300;116;1,7
2026-04-02T12:10:31.300;116;1,7
2026-04-02T12:10:31.792;117;1,6
2026-04-02T12:10:32.764;117;1,6
2026-04-02T12:10:33.709;116;1,9
2026-04-02T12:10:35.637;115;2,0
2026-04-02T12:10:35.638;114;2,0
2026-04-02T12:10:36.590;114;2,0
2026-04-02T12:10:37.552;114;2,0
2026-04-02T12:10:39.469;114;2,0
2026-04-02T12:10:40.432;113;2,0
2026-04-02T12:10:40.869;113;2,0
2026-04-02T12:10:41.872;113;2,0
2026-04-02T12:10:42.789;113;1,9
2026-04-02T12:10:43.749;113;1,9
2026-04-02T12:10:44.755;113;1,9
2026-04-02T12:10:45.706;113;1,9
2026-04-02T12:10:47.097;113;1,9
2026-04-02T12:10:49.063;113;1,9
2026-04-02T12:10:49.064;112;1,7
2026-04-02T12:10:49.499;112;1,5
2026-04-02T12:10:50.985;112;1,2
2026-04-02T12:10:51.892;111;1,2
2026-04-02T12:10:52.905;111;1,2
2026-04-02T12:10:53.816;111;1,2
2026-04-02T12:10:54.828;111;1,2
2026-04-02T12:10:55.734;112;1,1
2026-04-02T12:10:56.746;111;1,0
2026-04-02T12:10:57.670;111;1,1
2026-04-02T12:10:58.630;111;1,1
2026-04-02T12:10:59.595;111;1,1
2026-04-02T12:11:01.020;111;1,1
2026-04-02T12:11:01.507;111;1,1
2026-04-02T12:11:02.996;111;1,2
2026-04-02T12:11:03.951;112;1,5
2026-04-02T12:11:04.915;113;1,7
2026-04-02T12:11:06.346;114;1,8
2026-04-02T12:11:06.829;115;1,9
2026-04-02T12:11:08.276;116;2,0
2026-04-02T12:11:09.232;117;2,1
2026-04-02T12:11:10.191;118;2,2
2026-04-02T12:11:10.627;119;2,2
2026-04-02T12:11:12.109;119;2,2
2026-04-02T12:11:12.547;119;2,1
2026-04-02T12:11:13.547;119;2,1
2026-04-02T12:11:14.989;119;2,2
2026-04-02T12:11:15.950;119;2,2
2026-04-02T12:11:17.386;119;2,2
2026-04-02T12:11:17.826;119;2,1
2026-04-02T12:11:19.306;119;1,8
2026-04-02T12:11:21.227;119;1,7
2026-04-02T12:11:21.228;120;1,7
2026-04-02T12:11:21.669;120;1,5
2026-04-02T12:11:22.673;120;1,3
2026-04-02T12:11:23.634;120;1,2
2026-04-02T12:11:24.585;119;1,1
2026-04-02T12:11:25.556;119;1,1
2026-04-02T12:11:26.994;119;1,2
2026-04-02T12:11:27.954;119;1,2
2026-04-02T12:11:28.905;119;1,2
2026-04-02T12:11:30.350;119;1,2
2026-04-02T12:11:30.832;119;1,2
2026-04-02T12:11:33.238;119;1,2
2026-04-02T12:11:33.239;119;1,2
2026-04-02T12:11:34.196;119;1,2
2026-04-02T12:11:34.671;120;1,0
2026-04-02T12:11:35.634;120;1,0
2026-04-02T12:11:36.588;120;1,1
2026-04-02T12:11:38.037;120;1,0
2026-04-02T12:11:39.462;120;0,9
2026-04-02T12:11:39.899;120;0,9
2026-04-02T12:11:40.912;120;0,9
2026-04-02T12:11:41.880;121;0,8
2026-04-02T12:11:42.773;120;0,8
2026-04-02T12:11:43.795;121;0,8
2026-04-02T12:11:45.709;120;1,0
2026-04-02T12:11:45.710;120;0,9
2026-04-02T12:11:46.670;120;0,9
2026-04-02T12:11:48.590;120;0,8
2026-04-02T12:11:48.591;120;0,8
2026-04-02T12:11:49.548;120;0,9
2026-04-02T12:11:50.989;120;1,0
2026-04-02T12:11:51.910;120;0,9
2026-04-02T12:11:53.387;119;1,5
2026-04-02T12:11:53.864;119;1,5
2026-04-02T12:11:55.785;118;1,7
2026-04-02T12:11:56.230;117;1,8
2026-04-02T12:11:56.737;117;1,8
2026-04-02T12:11:57.708;116;1,8
2026-04-02T12:11:58.668;115;1,9
2026-04-02T12:11:59.622;115;1,9
2026-04-02T12:12:00.589;114;1,9
2026-04-02T12:12:01.553;113;2,0
2026-04-02T12:12:03.471;113;2,0
2026-04-02T12:12:03.908;112;2,0
2026-04-02T12:12:04.918;112;2,0
2026-04-02T12:12:05.870;112;1,9
2026-04-02T12:12:06.789;112;2,0
2026-04-02T12:12:07.796;111;2,0
2026-04-02T12:12:08.750;111;1,7
2026-04-02T12:12:10.664;111;1,5
2026-04-02T12:12:10.665;111;1,4
2026-04-02T12:12:11.630;112;1,5
2026-04-02T12:12:12.592;112;1,5
2026-04-02T12:12:14.515;111;1,5
2026-04-02T12:12:14.951;111;1,2
2026-04-02T12:12:16.918;111;1,2
2026-04-02T12:12:16.919;111;1,4
2026-04-02T12:12:17.869;111;1,7
2026-04-02T12:12:18.841;112;1,7
2026-04-02T12:12:19.791;112;1,7
2026-04-02T12:12:20.748;113;1,8
2026-04-02T12:12:21.707;113;1,8
2026-04-02T12:12:22.664;114;1,8
2026-04-02T12:12:23.631;114;1,8
2026-04-02T12:12:24.587;114;1,8
2026-04-02T12:12:25.547;114;1,9
2026-04-02T12:12:26.998;113;2,0
2026-04-02T12:12:27.951;113;2,0
2026-04-02T12:12:28.916;113;2,0
2026-04-02T12:12:29.879;112;2,0
2026-04-02T12:12:30.828;112;2,0
2026-04-02T12:12:31.788;112;2,0
2026-04-02T12:12:32.758;112;1,8
2026-04-02T12:12:33.712;112;1,6
2026-04-02T12:12:34.671;112;1,5
2026-04-02T12:12:35.634;112;1,5
2026-04-02T12:12:36.587;112;1,4
2026-04-02T12:12:37.508;111;1,5
2026-04-02T12:12:38.989;111;1,4
2026-04-02T12:12:39.945;111;1,4
2026-04-02T12:12:40.909;111;1,4
2026-04-02T12:12:41.877;110;1,4
2026-04-02T12:12:42.830;110;1,1
2026-04-02T12:12:43.800;109;1,3
2026-04-02T12:12:44.751;108;1,3
2026-04-02T12:12:45.715;108;1,3
2026-04-02T12:12:46.666;108;1,3
2026-04-02T12:12:47.629;108;1,4
2026-04-02T12:12:48.587;108;1,4
2026-04-02T12:12:49.556;109;1,5
2026-04-02T12:12:50.993;109;1,6
2026-04-02T12:12:51.948;110;1,7
2026-04-02T12:12:52.909;110;1,7
2026-04-02T12:12:54.832;110;1,8
2026-04-02T12:12:54.833;110;1,9
2026-04-02T12:12:55.788;109;1,9
2026-04-02T12:12:56.746;109;1,9
2026-04-02T12:12:57.705;109;2,2
2026-04-02T12:12:58.666;110;2,2
2026-04-02T12:12:59.632;110;2,2
2026-04-02T12:13:01.072;111;2,2
2026-04-02T12:13:01.510;111;2,2
2026-04-02T12:13:02.987;111;2,1
2026-04-02T12:13:03.947;111;2,1
2026-04-02T12:13:04.906;111;2,1
2026-04-02T12:13:05.868;111;2,0
2026-04-02T12:13:06.825;110;1,9
2026-04-02T12:13:07.789;110;1,9
2026-04-02T12:13:08.750;110;1,8
2026-04-02T12:13:09.714;111;1,7
2026-04-02T12:13:10.668;111;1,7
2026-04-02T12:13:11.629;110;1,7
2026-04-02T12:13:13.072;109;2,2
2026-04-02T12:13:13.555;108;2,2
2026-04-02T12:13:15.000;108;2,2
2026-04-02T12:13:15.949;107;2,2
2026-04-02T12:13:16.910;106;2,2
2026-04-02T12:13:17.895;106;2,3
2026-04-02T12:13:18.831;106;2,3
2026-04-02T12:13:19.793;106;2,4
2026-04-02T12:13:20.756;107;2,3
2026-04-02T12:13:21.708;106;3,0
2026-04-02T12:13:22.670;106;3,0
2026-04-02T12:13:23.638;105;3,0
2026-04-02T12:13:24.589;105;3,0
2026-04-02T12:13:25.550;106;3,3
2026-04-02T12:13:26.988;107;3,4
2026-04-02T12:13:27.948;107;3,4
2026-04-02T12:13:28.910;107;3,1
2026-04-02T12:13:30.341;107;3,0
2026-04-02T12:13:30.791;107;3,0
2026-04-02T12:13:31.789;106;3,0
2026-04-02T12:13:32.745;106;3,1
2026-04-02T12:13:33.740;105;3,1
2026-04-02T12:13:34.710;105;3,0
2026-04-02T12:13:35.595;105;3,0
2026-04-02T12:13:36.551;105;3,0
2026-04-02T12:13:37.511;105;3,2
2026-04-02T12:13:38.987;104;2,6
2026-04-02T12:13:40.001;103;2,7
2026-04-02T12:13:40.931;103;2,7
2026-04-02T12:13:41.837;103;2,5
2026-04-02T12:13:42.835;103;2,4
2026-04-02T12:13:43.846;103;2,4
2026-04-02T12:13:46.193;104;2,4
2026-04-02T12:13:46.194;104;2,4
2026-04-02T12:13:46.681;104;3,1
2026-04-02T12:13:47.642;103;3,2
2026-04-02T12:13:48.592;102;3,1
2026-04-02T12:13:50.512;102;3,1
2026-04-02T12:13:50.948;102;3,4
2026-04-02T12:13:51.953;103;3,4
2026-04-02T12:13:52.917;104;3,6
2026-04-02T12:13:54.830;104;3,6
2026-04-02T12:13:54.831;105;3,5
2026-04-02T12:13:55.789;105;3,5
2026-04-02T12:13:56.752;104;3,5
2026-04-02T12:13:57.709;104;3,5
2026-04-02T12:13:58.671;104;3,4
2026-04-02T12:14:00.591;104;3,5
2026-04-02T12:14:00.592;105;3,5
2026-04-02T12:14:01.555;105;3,4
2026-04-02T12:14:02.995;106;3,6
2026-04-02T12:14:03.945;106;2,6
2026-04-02T12:14:04.907;106;2,6
2026-04-02T12:14:05.872;106;2,7
2026-04-02T12:14:06.831;106;2,7
2026-04-02T12:14:07.804;106;2,7
2026-04-02T12:14:09.245;107;2,6
2026-04-02T12:14:09.670;107;2,3
2026-04-02T12:14:10.679;107;2,3
2026-04-02T12:14:11.634;107;2,3
2026-04-02T12:14:12.591;107;2,2
2026-04-02T12:14:14.028;107;2,2
2026-04-02T12:14:14.987;107;2,2
2026-04-02T12:14:15.947;107;2,1
2026-04-02T12:14:16.912;107;2,1
2026-04-02T12:14:17.868;108;2,1
2026-04-02T12:14:18.853;107;1,9
2026-04-02T12:14:19.792;107;2,1
2026-04-02T12:14:20.759;107;2,3
2026-04-02T12:14:21.711;106;2,3
2026-04-02T12:14:22.669;105;2,3
2026-04-02T12:14:23.628;105;2,3
2026-04-02T12:14:24.592;104;1,9
2026-04-02T12:14:26.509;104;2,1
2026-04-02T12:14:26.993;105;2,1
2026-04-02T12:14:27.952;105;2,2
2026-04-02T12:14:28.916;105;2,2
2026-04-02T12:14:29.871;105;2,2
2026-04-02T12:14:30.828;105;2,2
2026-04-02T12:14:31.794;105;2,2
2026-04-02T12:14:32.752;105;2,1
2026-04-02T12:14:33.715;104;2,2
2026-04-02T12:14:35.630;104;2,3
2026-04-02T12:14:36.070;104;2,3
2026-04-02T12:14:37.071;104;2,5
2026-04-02T12:14:37.509;105;2,6
2026-04-02T12:14:39.469;106;2,6
2026-04-02T12:14:39.908;106;2,5
2026-04-02T12:14:40.909;106;2,5
2026-04-02T12:14:42.354;106;2,5
2026-04-02T12:14:42.843;106;2,5
2026-04-02T12:14:43.786;106;2,4
2026-04-02T12:14:44.749;106;2,4
2026-04-02T12:14:45.710;106;2,4
2026-04-02T12:14:46.668;106;2,4
2026-04-02T12:14:47.628;106;2,4
2026-04-02T12:14:48.594;105;2,6
2026-04-02T12:14:49.555;105;2,5
2026-04-02T12:14:50.992;104;2,4
2026-04-02T12:14:51.957;104;2,4
2026-04-02T12:14:52.912;104;2,1
2026-04-02T12:14:53.859;104;1,4
2026-04-02T12:14:54.835;104;1,4
2026-04-02T12:14:55.788;103;1,4
2026-04-02T12:14:56.749;103;1,3
2026-04-02T12:14:57.709;103;1,5
2026-04-02T12:14:58.671;103;1,5
2026-04-02T12:14:59.632;103;1,5
2026-04-02T12:15:00.589;103;1,6
2026-04-02T12:15:01.548;103;1,6
2026-04-02T12:15:02.996;103;1,7
2026-04-02T12:15:03.932;104;1,7
2026-04-02T12:15:04.905;104;1,8
2026-04-02T12:15:05.863;104;1,7
2026-04-02T12:15:06.840;104;1,6
2026-04-02T12:15:07.791;104;1,7
2026-04-02T12:15:08.755;104;1,7
2026-04-02T12:15:10.152;104;1,7
2026-04-02T12:15:10.676;104;1,8
2026-04-02T12:15:11.588;104;1,8
2026-04-02T12:15:13.550;104;1,8
2026-04-02T12:15:13.990;104;1,8
2026-04-02T12:15:14.934;104;1,8
2026-04-02T12:15:15.893;105;2,4
2026-04-02T12:15:16.902;107;2,7
2026-04-02T12:15:17.866;108;2,7
2026-04-02T12:15:18.820;108;2,7
2026-04-02T12:15:19.784;109;2,7
2026-04-02T12:15:20.754;108;3,2
2026-04-02T12:15:21.718;107;3,6
2026-04-02T12:15:22.666;107;3,6
2026-04-02T12:15:23.632;106;3,5
2026-04-02T12:15:24.589;106;3,6
2026-04-02T12:15:25.551;107;3,6
2026-04-02T12:15:26.994;107;3,7
2026-04-02T12:15:27.951;108;3,8
2026-04-02T12:15:28.908;109;3,8
2026-04-02T12:15:29.873;109;3,8
2026-04-02T12:15:30.828;110;3,8
2026-04-02T12:15:31.787;110;3,4
2026-04-02T12:15:32.748;110;3,5
2026-04-02T12:15:33.713;109;3,7
2026-04-02T12:15:35.627;108;3,6
2026-04-02T12:15:35.628;108;3,7
2026-04-02T12:15:36.587;109;3,5
2026-04-02T12:15:37.557;109;3,0
2026-04-02T12:15:38.992;110;3,0
2026-04-02T12:15:39.953;110;3,0
2026-04-02T12:15:40.907;109;3,5
2026-04-02T12:15:42.352;108;3,5
2026-04-02T12:15:42.837;107;4,0
2026-04-02T12:15:43.790;106;3,9
2026-04-02T12:15:45.671;106;3,9
2026-04-02T12:15:45.675;105;3,9
2026-04-02T12:15:46.632;105;3,9
2026-04-02T12:15:47.632;105;3,9
2026-04-02T12:15:48.589;105;3,7
2026-04-02T12:15:50.514;105;3,5
2026-04-02T12:15:50.993;106;3,5
2026-04-02T12:15:52.428;106;3,5
2026-04-02T12:15:54.355;106;3,4
2026-04-02T12:15:54.356;105;3,2
2026-04-02T12:15:54.833;105;3,7
2026-04-02T12:15:55.786;105;3,7
2026-04-02T12:15:56.746;106;3,7
2026-04-02T12:15:58.204;106;3,0
2026-04-02T12:15:59.155;106;3,1
2026-04-02T12:15:59.591;107;2,4
2026-04-02T12:16:00.552;107;2,3
2026-04-02T12:16:01.555;107;2,3
2026-04-02T12:16:02.988;107;2,3
2026-04-02T12:16:04.430;107;2,5
2026-04-02T12:16:04.870;108;2,8
2026-04-02T12:16:05.864;108;2,7
2026-04-02T12:16:06.828;109;2,8
2026-04-02T12:16:07.793;110;2,9
2026-04-02T12:16:08.748;110;2,9
2026-04-02T12:16:10.182;110;2,9
2026-04-02T12:16:10.632;109;2,3
2026-04-02T12:16:12.111;109;2,3
2026-04-02T12:16:12.549;109;2,3
2026-04-02T12:16:13.554;109;2,3
2026-04-02T12:16:14.991;109;2,2
2026-04-02T12:16:15.946;109;2,3
2026-04-02T12:16:17.392;108;2,3
2026-04-02T12:16:17.832;108;2,3
2026-04-02T12:16:18.826;108;2,3
2026-04-02T12:16:19.787;108;2,0
2026-04-02T12:16:20.742;107;1,6
2026-04-02T12:16:21.710;107;1,7
2026-04-02T12:16:22.668;107;1,5
2026-04-02T12:16:23.634;107;1,5
2026-04-02T12:16:24.601;106;1,7
2026-04-02T12:16:25.552;106;1,8
2026-04-02T12:16:27.467;105;1,6
2026-04-02T12:16:27.950;105;1,6
2026-04-02T12:16:28.912;105;1,7
2026-04-02T12:16:30.828;105;1,8
2026-04-02T12:16:30.829;106;1,8
2026-04-02T12:16:31.788;105;1,9
2026-04-02T12:16:32.755;105;2,0
2026-04-02T12:16:33.714;105;2,5
2026-04-02T12:16:34.672;104;2,5
2026-04-02T12:16:35.675;103;2,5
2026-04-02T12:16:36.592;103;2,5
2026-04-02T12:16:37.552;103;2,7
2026-04-02T12:16:38.983;104;2,7
2026-04-02T12:16:39.953;104;2,7
2026-04-02T12:16:40.911;103;2,9
2026-04-02T12:16:41.868;103;3,0
2026-04-02T12:16:42.775;102;3,0
2026-04-02T12:16:43.735;102;3,0
2026-04-02T12:16:44.745;102;3,0
2026-04-02T12:16:45.658;102;3,2
2026-04-02T12:16:46.613;103;3,4
2026-04-02T12:16:47.573;104;3,5
2026-04-02T12:16:48.534;105;3,5
2026-04-02T12:16:49.493;105;3,4
2026-04-02T12:16:50.989;105;3,1
2026-04-02T12:16:51.948;106;3,2
2026-04-02T12:16:52.939;106;3,4
2026-04-02T12:16:53.870;106;3,2
2026-04-02T12:16:54.776;106;3,2
2026-04-02T12:16:55.785;106;3,2
2026-04-02T12:16:56.755;106;3,2
2026-04-02T12:16:57.670;107;2,9
2026-04-02T12:16:59.148;107;2,7
2026-04-02T12:16:59.591;107;2,7
2026-04-02T12:17:00.589;107;2,7
2026-04-02T12:17:01.559;107;2,7
2026-04-02T12:17:02.990;107;2,5
2026-04-02T12:17:03.947;107;2,2
2026-04-02T12:17:04.915;108;2,1
2026-04-02T12:17:05.873;108;2,1
2026-04-02T12:17:06.845;108;2,0
2026-04-02T12:17:07.789;108;1,9
2026-04-02T12:17:09.233;109;1,9
2026-04-02T12:17:10.190;109;1,8
2026-04-02T12:17:10.665;110;1,9
2026-04-02T12:17:11.649;110;2,1
2026-04-02T12:17:12.600;111;2,3
2026-04-02T12:17:13.567;112;2,3
2026-04-02T12:17:14.995;112;2,3
2026-04-02T12:17:15.913;112;2,3
2026-04-02T12:17:16.874;112;2,3
2026-04-02T12:17:17.829;112;2,3
2026-04-02T12:17:18.845;113;2,3
2026-04-02T12:17:19.828;113;2,3
2026-04-02T12:17:20.717;114;2,3
2026-04-02T12:17:22.151;113;2,3
2026-04-02T12:17:22.632;113;2,3
2026-04-02T12:17:23.632;113;2,0
2026-04-02T12:17:25.554;112;2,2
2026-04-02T12:17:25.555;112;2,1
2026-04-02T12:17:26.993;113;2,2
2026-04-02T12:17:27.955;114;2,8
2026-04-02T12:17:28.911;114;2,8
2026-04-02T12:17:29.872;114;2,8
2026-04-02T12:17:30.835;114;2,8
2026-04-02T12:17:32.283;114;2,8
2026-04-02T12:17:32.711;113;3,4
2026-04-02T12:17:33.715;112;3,3
2026-04-02T12:17:34.673;112;3,4
2026-04-02T12:17:35.645;112;3,4
2026-04-02T12:17:36.592;113;3,4
2026-04-02T12:17:37.556;112;3,4
2026-04-02T12:17:38.999;112;3,6
2026-04-02T12:17:39.950;111;3,6
2026-04-02T12:17:40.920;110;3,9
2026-04-02T12:17:41.871;110;3,9
2026-04-02T12:17:42.839;109;3,2
2026-04-02T12:17:43.790;109;3,2
2026-04-02T12:17:44.748;110;3,5
2026-04-02T12:17:45.708;110;3,5
2026-04-02T12:17:46.633;110;3,5
2026-04-02T12:17:47.594;111;3,0
2026-04-02T12:17:48.587;110;3,0
2026-04-02T12:17:49.549;110;3,0
2026-04-02T12:17:50.990;110;2,9
2026-04-02T12:17:51.911;110;2,8
2026-04-02T12:17:52.910;111;2,9
2026-04-02T12:17:53.872;111;2,6
2026-04-02T12:17:54.832;111;2,6
2026-04-02T12:17:55.789;111;2,7
2026-04-02T12:17:56.744;110;2,3
2026-04-02T12:17:57.715;110;2,3
2026-04-02T12:17:58.670;110;2,5
2026-04-02T12:17:59.636;111;2,5
2026-04-02T12:18:00.554;112;2,4
2026-04-02T12:18:01.550;112;2,6
2026-04-02T12:18:02.986;113;2,6
2026-04-02T12:18:03.913;113;2,5
2026-04-02T12:18:04.911;113;2,9
2026-04-02T12:18:05.872;112;3,1
2026-04-02T12:18:07.306;111;3,3
2026-04-02T12:18:07.752;110;3,3
2026-04-02T12:18:08.754;110;3,2
2026-04-02T12:18:09.717;110;3,2
2026-04-02T12:18:10.671;110;3,3
2026-04-02T12:18:12.589;111;3,2
2026-04-02T12:18:12.590;111;3,1
2026-04-02T12:18:13.549;111;3,2
2026-04-02T12:18:15.470;111;3,2
2026-04-02T12:18:15.912;111;2,9
2026-04-02T12:18:16.872;111;2,9
2026-04-02T12:18:17.834;111;2,8
2026-04-02T12:18:18.837;110;2,9
2026-04-02T12:18:19.806;111;2,9
2026-04-02T12:18:20.748;111;2,8
2026-04-02T12:18:21.717;112;2,4
2026-04-02T12:18:22.672;112;2,4
2026-04-02T12:18:23.632;112;2,4
2026-04-02T12:18:25.553;112;2,5
2026-04-02T12:18:25.554;112;2,4
2026-04-02T12:18:26.991;112;2,3
2026-04-02T12:18:28.431;111;2,3
2026-04-02T12:18:28.913;111;2,2
2026-04-02T12:18:29.877;112;2,7
2026-04-02T12:18:30.841;112;2,6
2026-04-02T12:18:31.795;113;2,5
2026-04-02T12:18:32.751;113;2,5
2026-04-02T12:18:33.715;113;2,5
2026-04-02T12:18:35.636;112;2,7
2026-04-02T12:18:35.638;111;2,8
2026-04-02T12:18:36.597;111;2,5
2026-04-02T12:18:37.549;111;2,5
2026-04-02T12:18:38.992;111;2,5
2026-04-02T12:18:39.956;111;2,6
2026-04-02T12:18:41.398;112;2,9
2026-04-02T12:18:41.833;113;2,9
2026-04-02T12:18:42.829;113;2,9
2026-04-02T12:18:43.792;112;3,0
2026-04-02T12:18:44.750;112;3,0
2026-04-02T12:18:45.712;111;3,0
2026-04-02T12:18:46.673;110;3,0
2026-04-02T12:18:47.583;110;3,0
2026-04-02T12:18:48.554;109;3,0
2026-04-02T12:18:50.528;109;3,2
2026-04-02T12:18:50.951;110;3,1
2026-04-02T12:18:51.946;110;3,2
2026-04-02T12:18:52.915;111;3,5
2026-04-02T12:18:53.869;112;3,5
2026-04-02T12:18:54.831;113;3,8
2026-04-02T12:18:55.793;112;3,5
2026-04-02T12:18:56.758;112;3,6
2026-04-02T12:18:57.726;112;3,6
2026-04-02T12:18:59.634;111;3,6
2026-04-02T12:18:59.635;110;3,4
2026-04-02T12:19:00.609;111;3,4
2026-04-02T12:19:01.562;111;3,4
2026-04-02T12:19:02.992;112;3,4
2026-04-02T12:19:04.426;112;3,4
2026-04-02T12:19:04.912;112;3,4
2026-04-02T12:19:05.862;112;3,2
2026-04-02T12:19:06.829;112;3,4
2026-04-02T12:19:07.788;111;3,1
2026-04-02T12:19:08.752;110;2,9
2026-04-02T12:19:10.196;110;2,8
2026-04-02T12:19:11.630;110;2,4
2026-04-02T12:19:11.631;110;2,6
2026-04-02T12:19:12.587;111;2,4
2026-04-02T12:19:13.513;110;2,5
2026-04-02T12:19:16.432;110;2,6
2026-04-02T12:19:16.433;110;2,6
2026-04-02T12:19:16.908;110;2,3
2026-04-02T12:19:17.856;110;2,3
2026-04-02T12:19:19.789;110;2,3
2026-04-02T12:19:19.790;110;2,4
2026-04-02T12:19:20.755;110;2,4
2026-04-02T12:19:21.711;110;2,1
2026-04-02T12:19:22.675;110;2,1
2026-04-02T12:19:23.629;110;2,1
2026-04-02T12:19:24.593;110;2,1
2026-04-02T12:19:25.559;111;2,1
2026-04-02T12:19:26.991;111;2,1
2026-04-02T12:19:28.432;111;1,9
2026-04-02T12:19:28.871;111;1,9
2026-04-02T12:19:29.833;110;1,7
2026-04-02T12:19:30.839;111;1,9
2026-04-02T12:19:31.792;111;1,8
2026-04-02T12:19:32.714;112;1,8
2026-04-02T12:19:33.686;112;1,7
2026-04-02T12:19:35.591;112;1,9
2026-04-02T12:19:35.593;112;1,9
2026-04-02T12:19:37.541;111;1,9
2026-04-02T12:19:37.542;111;2,0
2026-04-02T12:19:38.988;110;2,1
2026-04-02T12:19:39.940;111;2,1
2026-04-02T12:19:40.905;111;2,5
2026-04-02T12:19:41.851;112;2,6
2026-04-02T12:19:42.818;113;2,6
2026-04-02T12:19:43.794;113;2,6
2026-04-02T12:19:45.673;113;2,6
2026-04-02T12:19:45.676;113;2,6
2026-04-02T12:19:46.667;112;2,5
2026-04-02T12:19:47.629;112;2,4
2026-04-02T12:19:48.595;112;2,4
2026-04-02T12:19:49.552;112;2,3
2026-04-02T12:19:51.002;112;2,4
2026-04-02T12:19:51.958;112;2,3
2026-04-02T12:19:53.396;112;2,3
2026-04-02T12:19:53.832;112;2,3
2026-04-02T12:19:54.837;112;2,1
2026-04-02T12:19:55.793;112;1,8
2026-04-02T12:19:56.749;112;1,5
2026-04-02T12:19:58.197;113;1,5
2026-04-02T12:19:58.672;113;1,5
2026-04-02T12:19:59.635;113;1,5
2026-04-02T12:20:00.589;112;1,5
2026-04-02T12:20:01.549;112;1,6
2026-04-02T12:20:02.995;113;1,8
2026-04-02T12:20:03.960;114;1,8
2026-04-02T12:20:04.913;114;1,8
2026-04-02T12:20:05.875;114;1,9
2026-04-02T12:20:06.833;113;2,8
2026-04-02T12:20:07.794;112;2,8
2026-04-02T12:20:08.754;111;2,8
2026-04-02T12:20:09.712;110;2,9
2026-04-02T12:20:10.673;109;2,9
2026-04-02T12:20:11.634;109;2,9
2026-04-02T12:20:12.593;109;2,8
2026-04-02T12:20:13.552;109;2,8
2026-04-02T12:20:14.992;108;2,8
2026-04-02T12:20:16.436;108;2,9
2026-04-02T12:20:16.873;107;2,9
2026-04-02T12:20:17.866;107;2,8
2026-04-02T12:20:18.833;107;2,7
2026-04-02T12:20:19.792;107;2,8
2026-04-02T12:20:20.757;107;3,2
2026-04-02T12:20:21.718;105;3,6
2026-04-02T12:20:22.667;104;3,5
2026-04-02T12:20:25.075;104;2,8
2026-04-02T12:20:25.076;104;3,0
2026-04-02T12:20:25.553;104;3,4
2026-04-02T12:20:26.989;105;3,7
2026-04-02T12:20:27.951;106;3,7
2026-04-02T12:20:28.913;106;3,7
2026-04-02T12:20:29.874;106;3,7
2026-04-02T12:20:30.832;106;3,7
2026-04-02T12:20:31.795;107;3,6
2026-04-02T12:20:32.760;107;3,8
2026-04-02T12:20:33.719;108;3,8
2026-04-02T12:20:35.634;108;3,8
2026-04-02T12:20:35.636;109;3,8
2026-04-02T12:20:36.592;108;3,5
2026-04-02T12:20:37.555;108;3,4
2026-04-02T12:20:38.998;107;3,4
2026-04-02T12:20:39.952;106;3,9
2026-04-02T12:20:40.919;104;3,9
2026-04-02T12:20:41.872;104;3,5
2026-04-02T12:20:42.833;104;3,8
2026-04-02T12:20:44.273;105;4,1
2026-04-02T12:20:45.234;106;4,4
2026-04-02T12:20:45.670;107;4,5
2026-04-02T12:20:46.670;106;4,8
2026-04-02T12:20:48.116;105;5,1
2026-04-02T12:20:48.554;104;5,2
2026-04-02T12:20:49.560;104;5,1
2026-04-02T12:20:50.988;103;5,1
2026-04-02T12:20:51.951;103;5,2
2026-04-02T12:20:52.913;104;5,5
2026-04-02T12:20:53.879;105;5,8
2026-04-02T12:20:54.839;106;5,8
2026-04-02T12:20:55.790;107;5,4
2026-04-02T12:20:56.749;107;5,4
2026-04-02T12:20:57.716;106;6,1
2026-04-02T12:20:58.671;105;6,6
2026-04-02T12:21:00.115;103;6,6
2026-04-02T12:21:00.592;100;7,7
2026-04-02T12:21:02.515;97;7,7
2026-04-02T12:21:02.935;97;7,7
2026-04-02T12:21:03.908;96;7,5
2026-04-02T12:21:04.878;97;8,0
2026-04-02T12:21:05.816;99;8,4
2026-04-02T12:21:06.778;100;8,4
2026-04-02T12:21:07.735;102;9,2
2026-04-02T12:21:08.696;104;9,1
2026-04-02T12:21:10.155;106;9,0
2026-04-02T12:21:11.113;106;8,8
2026-04-02T12:21:11.595;105;9,1
2026-04-02T12:21:12.537;104;9,4
2026-04-02T12:21:13.514;103;9,5
2026-04-02T12:21:14.955;102;9,0
2026-04-02T12:21:15.903;101;8,6
2026-04-02T12:21:16.855;101;8,3
2026-04-02T12:21:17.825;102;7,5
2026-04-02T12:21:19.276;103;7,5
2026-04-02T12:21:20.234;103;7,5
2026-04-02T12:21:20.713;103;7,6
2026-04-02T12:21:21.674;102;7,6
2026-04-02T12:21:22.620;99;10,5
2026-04-02T12:21:23.593;96;10,3
2026-04-02T12:21:24.556;96;10,1
2026-04-02T12:21:26.475;96;10,5
2026-04-02T12:21:26.955;97;11,1
2026-04-02T12:21:28.395;100;11,4
2026-04-02T12:21:28.872;101;11,5
2026-04-02T12:21:29.835;103;11,0
2026-04-02T12:21:30.793;103;10,9
2026-04-02T12:21:31.754;103;10,9
2026-04-02T12:21:32.714;103;11,0
2026-04-02T12:21:34.155;103;11,0
2026-04-02T12:21:34.632;102;10,8
2026-04-02T12:21:35.594;102;10,7
2026-04-02T12:21:36.554;103;10,7
2026-04-02T12:21:37.514;104;10,7
2026-04-02T12:21:38.956;104;9,5
2026-04-02T12:21:39.914;104;6,9
2026-04-02T12:21:40.875;103;7,6
2026-04-02T12:21:41.832;102;7,5
2026-04-02T12:21:42.795;101;6,8
2026-04-02T12:21:43.755;100;5,8
2026-04-02T12:21:44.714;100;5,7
2026-04-02T12:21:45.674;100;5,1
2026-04-02T12:21:46.635;100;5,1
2026-04-02T12:21:47.595;101;5,1
2026-04-02T12:21:49.513;101;5,1
2026-04-02T12:21:49.516;102;5,3
2026-04-02T12:21:51.428;103;5,3
2026-04-02T12:21:51.914;104;5,3
2026-04-02T12:21:52.875;104;5,4
2026-04-02T12:21:54.795;102;5,9
2026-04-02T12:21:55.273;101;7,1
2026-04-02T12:21:55.755;100;6,9
2026-04-02T12:21:57.196;99;6,9
2026-04-02T12:21:57.674;99;6,5
2026-04-02T12:21:59.116;100;6,4
2026-04-02T12:22:00.073;101;6,4
2026-04-02T12:22:00.552;102;6,4
2026-04-02T12:22:01.515;102;6,4
2026-04-02T12:22:03.915;101;7,2
2026-04-02T12:22:03.917;100;7,4
2026-04-02T12:22:04.875;98;7,9
2026-04-02T12:22:05.835;97;8,0
2026-04-02T12:22:06.795;96;7,8
2026-04-02T12:22:07.755;96;8,1
2026-04-02T12:22:08.714;96;8,1
2026-04-02T12:22:10.636;96;8,4
2026-04-02T12:22:10.639;98;8,5
2026-04-02T12:22:11.594;98;8,2
2026-04-02T12:22:12.555;99;7,1
2026-04-02T12:22:13.513;98;7,3
2026-04-02T12:22:15.435;98;7,7
2026-04-02T12:22:15.914;97;7,6
2026-04-02T12:22:16.874;97;7,2
2026-04-02T12:22:17.835;97;7,0
2026-04-02T12:22:18.795;97;7,2
2026-04-02T12:22:19.755;97;7,3
2026-04-02T12:22:21.675;99;6,6
2026-04-02T12:22:21.678;100;6,0
2026-04-02T12:22:22.633;100;5,8
2026-04-02T12:22:23.595;101;5,7
2026-04-02T12:22:24.555;100;5,7
2026-04-02T12:22:25.514;100;5,1
2026-04-02T12:22:28.395;100;5,1
2026-04-02T12:22:28.398;100;4,8
2026-04-02T12:22:29.354;101;4,5
2026-04-02T12:22:29.834;102;4,8
2026-04-02T12:22:30.795;103;4,5
2026-04-02T12:22:32.236;103;3,9
2026-04-02T12:22:33.673;103;3,9
2026-04-02T12:22:33.676;103;3,9
2026-04-02T12:22:35.115;102;4,1
2026-04-02T12:22:35.593;102;3,9
2026-04-02T12:22:36.557;102;3,5
2026-04-02T12:22:37.515;102;3,1
2026-04-02T12:22:38.955;102;3,2
2026-04-02T12:22:39.915;103;3,4
2026-04-02T12:22:40.875;104;3,7
2026-04-02T12:22:41.825;104;3,9
2026-04-02T12:22:42.795;104;3,8
2026-04-02T12:22:43.754;104;3,9
2026-04-02T12:22:46.156;103;4,1
2026-04-02T12:22:46.158;102;4,0
2026-04-02T12:22:46.634;101;3,7
2026-04-02T12:22:47.595;101;3,7
2026-04-02T12:22:48.554;100;3,8
2026-04-02T12:22:49.514;101;3,8
2026-04-02T12:22:50.954;101;3,8
2026-04-02T12:22:52.396;101;3,6
2026-04-02T12:22:52.874;101;3,6
2026-04-02T12:22:53.835;101;3,7
2026-04-02T12:22:54.795;101;3,7
2026-04-02T12:22:55.755;101;4,0
2026-04-02T12:22:56.716;102;3,7
2026-04-02T12:22:57.676;102;3,3
2026-04-02T12:22:58.636;102;3,2
2026-04-02T12:22:59.595;102;3,2
2026-04-02T12:23:00.555;102;3,1
2026-04-02T12:23:01.515;102;2,6
2026-04-02T12:23:02.954;102;2,4
2026-04-02T12:23:03.916;102;2,2
2026-04-02T12:23:05.356;102;2,2
2026-04-02T12:23:05.832;102;2,2
2026-04-02T12:23:06.796;101;3,1
2026-04-02T12:23:07.755;99;3,5
2026-04-02T12:23:09.195;99;3,5
2026-04-02T12:23:10.156;99;3,6
2026-04-02T12:23:10.634;99;3,9
2026-04-02T12:23:11.595;100;4,5
2026-04-02T12:23:12.556;101;4,7
2026-04-02T12:23:13.515;103;4,8
2026-04-02T12:23:15.435;103;4,8
2026-04-02T12:23:16.877;103;5,0
2026-04-02T12:23:16.879;102;5,4
2026-04-02T12:23:17.835;101;5,5
2026-04-02T12:23:18.794;101;5,5
2026-04-02T12:23:19.755;101;5,5
2026-04-02T12:23:21.676;102;6,1
2026-04-02T12:23:21.679;103;6,3
2026-04-02T12:23:23.594;104;6,4
2026-04-02T12:23:23.597;105;5,9
2026-04-02T12:23:25.036;106;5,7
2026-04-02T12:23:25.513;105;5,8
2026-04-02T12:23:26.955;105;5,9
2026-04-02T12:23:27.914;104;5,9
2026-04-02T12:23:28.875;103;5,2
2026-04-02T12:23:29.833;102;5,2
2026-04-02T12:23:30.796;102;5,0
2026-04-02T12:23:31.755;103;5,5
2026-04-02T12:23:32.716;104;5,7
2026-04-02T12:23:33.675;105;5,4
2026-04-02T12:23:35.595;106;5,4
2026-04-02T12:23:35.598;106;5,5
2026-04-02T12:23:36.554;106;5,8
2026-04-02T12:23:37.515;104;6,2
2026-04-02T12:23:38.475;102;6,3
2026-04-02T12:23:39.916;101;6,2
2026-04-02T12:23:40.875;99;6,3
2026-04-02T12:23:41.836;98;6,3
2026-04-02T12:23:42.794;98;6,4
2026-04-02T12:23:43.756;99;6,4
2026-04-02T12:23:45.196;100;6,3
2026-04-02T12:23:45.675;100;6,4
2026-04-02T12:23:46.635;101;6,6
2026-04-02T12:23:47.596;103;6,6
2026-04-02T12:23:48.556;103;6,2
2026-04-02T12:23:49.516;102;6,7
2026-04-02T12:23:50.476;100;7,4
2026-04-02T12:23:52.876;99;7,6
2026-04-02T12:23:52.879;97;7,6
2026-04-02T12:23:53.834;97;7,6
2026-04-02T12:23:54.795;96;6,9
2026-04-02T12:23:55.755;96;6,6
2026-04-02T12:23:57.195;97;7,0
2026-04-02T12:23:58.156;98;6,9
2026-04-02T12:23:58.636;98;6,9
2026-04-02T12:23:59.593;98;6,9
2026-04-02T12:24:01.038;98;7,0
2026-04-02T12:24:01.513;97;6,9
2026-04-02T12:24:02.476;97;6,8
2026-04-02T12:24:03.917;97;6,6
2026-04-02T12:24:04.875;97;6,3
2026-04-02T12:24:05.835;97;6,4
2026-04-02T12:24:06.796;97;6,3
2026-04-02T12:24:07.756;98;6,2
2026-04-02T12:24:09.189;99;5,2
2026-04-02T12:24:10.156;100;4,8
2026-04-02T12:24:10.633;100;4,8
2026-04-02T12:24:11.580;100;5,2
2026-04-02T12:24:12.538;99;5,5
2026-04-02T12:24:13.517;98;5,7
2026-04-02T12:24:14.475;97;5,0
2026-04-02T12:24:15.916;96;5,0
2026-04-02T12:24:16.876;97;5,2
2026-04-02T12:24:17.836;97;5,5
2026-04-02T12:24:18.796;98;5,3
2026-04-02T12:24:19.756;99;5,4
2026-04-02T12:24:20.717;100;5,5
2026-04-02T12:24:21.675;101;5,5
2026-04-02T12:24:23.117;102;5,6
2026-04-02T12:24:23.595;103;5,6
2026-04-02T12:24:25.036;103;5,1
2026-04-02T12:24:25.515;102;5,2
2026-04-02T12:24:26.476;101;5,2
2026-04-02T12:24:27.916;101;5,2
2026-04-02T12:24:28.875;100;5,1
2026-04-02T12:24:29.837;100;4,5
2026-04-02T12:24:30.796;100;4,0
2026-04-02T12:24:31.756;100;4,0
2026-04-02T12:24:32.716;102;4,9
2026-04-02T12:24:33.675;103;4,8
2026-04-02T12:24:35.115;104;4,5
2026-04-02T12:24:35.596;103;5,1
2026-04-02T12:24:37.036;102;6,1
2026-04-02T12:24:37.514;99;7,3
2026-04-02T12:24:38.476;97;7,5
2026-04-02T12:24:39.915;96;7,4
2026-04-02T12:24:40.877;96;7,5
2026-04-02T12:24:42.796;96;8,0
2026-04-02T12:24:42.798;97;7,9
2026-04-02T12:24:43.756;98;8,4
2026-04-02T12:24:45.675;100;8,4
2026-04-02T12:24:45.678;101;8,4
2026-04-02T12:24:46.635;102;8,5
2026-04-02T12:24:48.557;102;8,4
2026-04-02T12:24:48.559;103;8,4
2026-04-02T12:24:49.515;103;8,4
2026-04-02T12:24:50.476;103;7,9
2026-04-02T12:24:51.917;104;8,0
2026-04-02T12:24:53.357;105;8,6
2026-04-02T12:24:53.836;107;7,5
2026-04-02T12:24:54.795;109;6,2
2026-04-02T12:24:55.756;110;6,0
2026-04-02T12:24:57.676;111;6,1
2026-04-02T12:24:57.678;112;5,9
2026-04-02T12:24:58.637;114;5,4
2026-04-02T12:24:59.596;114;5,0
2026-04-02T12:25:00.557;114;4,3
2026-04-02T12:25:01.516;114;4,2
2026-04-02T12:25:02.474;114;4,1
2026-04-02T12:25:03.917;114;4,1
2026-04-02T12:25:04.877;114;4,1
2026-04-02T12:25:05.836;114;4,2
2026-04-02T12:25:07.757;114;4,1
2026-04-02T12:25:08.234;114;2,6
2026-04-02T12:25:09.675;115;2,6
2026-04-02T12:25:09.678;115;2,1
2026-04-02T12:25:10.636;116;2,2
2026-04-02T12:25:11.596;116;2,2
2026-04-02T12:25:12.556;116;2,7
2026-04-02T12:25:13.517;117;2,7
2026-04-02T12:25:14.957;118;2,7
2026-04-02T12:25:16.396;118;2,7
2026-04-02T12:25:16.875;118;2,7
2026-04-02T12:25:17.836;118;2,7
2026-04-02T12:25:18.795;119;2,6
2026-04-02T12:25:19.757;119;2,7
2026-04-02T12:25:20.717;119;2,5
2026-04-02T12:25:21.678;119;2,6
2026-04-02T12:25:23.117;120;2,6
2026-04-02T12:25:23.595;120;2,6
2026-04-02T12:25:24.557;121;2,8
2026-04-02T12:25:25.517;121;2,7
2026-04-02T12:25:26.477;120;2,7
2026-04-02T12:25:27.916;120;1,9
2026-04-02T12:25:28.876;120;1,9
2026-04-02T12:25:29.836;120;1,8
2026-04-02T12:25:30.796;120;1,8
2026-04-02T12:25:31.756;120;2,0
2026-04-02T12:25:32.717;121;2,0
2026-04-02T12:25:33.676;121;2,0
2026-04-02T12:25:36.557;121;2,0
2026-04-02T12:25:36.560;122;2,0
2026-04-02T12:25:36.562;122;1,8
2026-04-02T12:25:37.517;121;1,8
2026-04-02T12:25:38.476;121;1,8
2026-04-02T12:25:39.917;121;1,5
2026-04-02T12:25:40.877;120;1,2
2026-04-02T12:25:42.787;120;1,1
2026-04-02T12:25:42.789;120;1,1
2026-04-02T12:25:43.744;120;1,3
2026-04-02T12:25:44.717;121;1,3
2026-04-02T12:25:45.677;121;1,3
2026-04-02T12:25:46.637;122;1,1
2026-04-02T12:25:47.597;122;1,2
2026-04-02T12:25:48.557;121;1,4
2026-04-02T12:25:49.517;121;1,5
2026-04-02T12:25:50.957;120;1,5
2026-04-02T12:25:51.917;120;1,5
2026-04-02T12:25:52.876;120;1,5
2026-04-02T12:25:54.796;119;1,5
2026-04-02T12:25:54.799;119;1,4
2026-04-02T12:25:55.757;119;1,5
2026-04-02T12:25:56.717;120;1,5
2026-04-02T12:25:57.678;120;1,4
2026-04-02T12:25:58.636;120;1,4
2026-04-02T12:25:59.597;120;1,7
2026-04-02T12:26:00.551;120;1,7
2026-04-02T12:26:01.517;121;1,6
2026-04-02T12:26:02.476;121;1,6
2026-04-02T12:26:03.963;122;1,5
2026-04-02T12:26:04.911;122;1,5
2026-04-02T12:26:05.877;123;1,5
2026-04-02T12:26:07.313;123;1,5
2026-04-02T12:26:07.752;123;1,6
2026-04-02T12:26:08.754;123;2,1
2026-04-02T12:26:09.720;124;2,3
2026-04-02T12:26:10.680;124;2,3
2026-04-02T12:26:12.114;125;2,5
2026-04-02T12:26:12.603;125;2,4
2026-04-02T12:26:13.564;125;2,2
2026-04-02T12:26:15.002;126;2,3
2026-04-02T12:26:15.958;126;2,3
2026-04-02T12:26:16.921;126;2,3
2026-04-02T12:26:17.879;127;2,2
2026-04-02T12:26:18.834;127;2,2
2026-04-02T12:26:19.798;127;2,2
2026-04-02T12:26:20.756;127;2,1
2026-04-02T12:26:22.678;127;2,2
2026-04-02T12:26:22.679;128;1,9
2026-04-02T12:26:23.641;128;1,6
2026-04-02T12:26:24.586;128;1,3
2026-04-02T12:26:25.549;128;1,4
2026-04-02T12:26:26.523;128;1,4
2026-04-02T12:26:27.957;129;1,4
2026-04-02T12:26:28.917;129;1,3
2026-04-02T12:26:29.876;129;1,3
2026-04-02T12:26:30.837;129;1,4
2026-04-02T12:26:32.273;130;1,4
2026-04-02T12:26:32.764;130;1,4
2026-04-02T12:26:34.197;130;1,4
2026-04-02T12:26:34.636;130;1,5
2026-04-02T12:26:35.636;130;1,2
2026-04-02T12:26:36.598;130;1,5
2026-04-02T12:26:40.914;130;1,4
2026-04-02T12:26:40.915;130;1,5
2026-04-02T12:26:40.916;129;1,9
2026-04-02T12:26:40.916;128;1,9
2026-04-02T12:26:41.867;128;1,9
2026-04-02T12:26:42.868;127;2,0
2026-04-02T12:26:43.794;127;2,0
2026-04-02T12:26:45.661;126;2,0
2026-04-02T12:26:45.665;127;2,0
2026-04-02T12:26:46.619;127;2,0
2026-04-02T12:26:52.381;127;2,0
2026-04-02T12:26:52.385;128;1,9
2026-04-02T12:26:52.860;128;1,9
2026-04-02T12:26:52.863;128;1,8
2026-04-02T12:26:52.865;129;1,9
2026-04-02T12:26:52.868;128;2,4
2026-04-02T12:26:53.819;127;2,2
2026-04-02T12:26:55.741;127;2,2
2026-04-02T12:26:55.744;126;2,2
2026-04-02T12:26:56.707;125;2,1
2026-04-02T12:26:57.678;126;2,1
2026-04-02T12:26:58.639;126;2,1
2026-04-02T12:26:59.637;125;2,1
2026-04-02T12:27:00.594;125;2,1
2026-04-02T12:27:02.472;125;2,1
2026-04-02T12:27:02.473;124;2,2
2026-04-02T12:27:03.952;124;2,8
2026-04-02T12:27:04.911;124;2,8
2026-04-02T12:27:06.359;124;44,3
2026-04-02T12:27:06.843;124;61,9
2026-04-02T12:27:07.801;123;61,9
2026-04-02T12:27:09.236;121;61,9
2026-04-02T12:27:10.192;120;61,9
2026-04-02T12:27:11.154;119;61,9
2026-04-02T12:27:11.596;118;61,9
2026-04-02T12:27:12.594;117;61,9
2026-04-02T12:27:13.558;117;61,9
2026-04-02T12:27:14.514;116;61,9
2026-04-02T12:27:15.953;116;61,9
2026-04-02T12:27:16.913;116;61,9
2026-04-02T12:27:18.838;116;61,9
2026-04-02T12:27:18.838;117;61,9
2026-04-02T12:27:19.792;117;61,9
2026-04-02T12:27:21.243;118;43,3
2026-04-02T12:27:21.676;118;1,8
2026-04-02T12:27:22.679;118;1,7
2026-04-02T12:27:23.643;118;1,7
2026-04-02T12:27:25.558;118;1,6
2026-04-02T12:27:25.559;118;1,7
2026-04-02T12:27:26.478;118;1,6
2026-04-02T12:27:27.912;118;1,8
2026-04-02T12:27:28.924;118;1,8
2026-04-02T12:27:29.876;117;1,8
2026-04-02T12:27:30.842;118;2,0
2026-04-02T12:27:31.802;118;2,1
2026-04-02T12:27:32.765;119;2,1
2026-04-02T12:27:33.714;119;1,9
2026-04-02T12:27:35.628;119;2,2
2026-04-02T12:27:35.629;119;2,4
2026-04-02T12:27:36.601;119;2,4
2026-04-02T12:27:37.558;119;2,4
2026-04-02T12:27:38.517;119;2,4
2026-04-02T12:27:39.956;119;2,4
2026-04-02T12:27:40.920;119;2,3
2026-04-02T12:27:41.883;118;2,4
2026-04-02T12:27:42.834;119;2,3
2026-04-02T12:27:43.803;119;2,3
2026-04-02T12:27:45.729;119;2,4
2026-04-02T12:27:45.731;120;2,2
2026-04-02T12:27:47.633;120;2,1
2026-04-02T12:27:47.634;121;2,1
2026-04-02T12:27:48.602;121;1,9
2026-04-02T12:27:49.563;121;1,6
2026-04-02T12:27:50.513;122;1,6
2026-04-02T12:27:51.960;122;2,1
2026-04-02T12:27:53.402;122;2,1
2026-04-02T12:27:53.836;121;2,3
2026-04-02T12:27:54.842;122;2,3
2026-04-02T12:27:56.277;123;2,3
2026-04-02T12:27:56.755;124;2,2
2026-04-02T12:27:57.713;124;2,2
2026-04-02T12:27:58.678;124;2,2
2026-04-02T12:27:59.636;124;2,1
2026-04-02T12:28:00.590;124;2,1
2026-04-02T12:28:01.557;124;2,1
2026-04-02T12:28:02.517;124;1,9
2026-04-02T12:28:03.958;124;1,9
2026-04-02T12:28:04.918;124;2,0
2026-04-02T12:28:05.876;124;2,0
2026-04-02T12:28:06.838;125;1,5
2026-04-02T12:28:07.800;125;1,2
2026-04-02T12:28:08.753;126;1,1
2026-04-02T12:28:10.197;126;1,1
2026-04-02T12:28:10.678;126;1,3
2026-04-02T12:28:13.084;127;1,3
2026-04-02T12:28:13.085;127;1,2
2026-04-02T12:28:13.514;127;1,2
2026-04-02T12:28:14.526;126;1,2
2026-04-02T12:28:16.919;126;1,2
2026-04-02T12:28:16.920;126;1,2
2026-04-02T12:28:18.833;126;1,2
2026-04-02T12:28:18.834;126;1,3
2026-04-02T12:28:20.760;125;1,5
2026-04-02T12:28:20.761;124;1,9
2026-04-02T12:28:21.710;123;1,8
2026-04-02T12:28:22.674;122;1,8
2026-04-02T12:28:23.631;121;1,9
2026-04-02T12:28:25.079;121;1,8
2026-04-02T12:28:25.515;121;1,8
2026-04-02T12:28:26.510;122;1,8
2026-04-02T12:28:27.956;122;1,9
2026-04-02T12:28:29.880;122;1,9
2026-04-02T12:28:29.881;122;1,9
2026-04-02T12:28:30.836;122;2,1
2026-04-02T12:28:31.793;121;2,3
2026-04-02T12:28:32.761;120;2,6
2026-04-02T12:28:34.676;119;2,5
2026-04-02T12:28:34.677;118;2,2
2026-04-02T12:28:35.597;118;2,2
2026-04-02T12:28:36.560;117;2,3
2026-04-02T12:28:38.517;118;2,3
2026-04-02T12:28:38.518;118;2,5
2026-04-02T12:28:39.960;119;2,5
2026-04-02T12:28:41.397;119;2,5
2026-04-02T12:28:41.836;119;2,5
2026-04-02T12:28:42.837;118;3,1
2026-04-02T12:28:44.277;117;3,1
2026-04-02T12:28:45.235;116;3,1
2026-04-02T12:28:46.189;116;3,0
2026-04-02T12:28:46.636;115;3,0
2026-04-02T12:28:47.640;114;2,8
2026-04-02T12:28:48.601;113;2,8
2026-04-02T12:28:49.562;112;3,4
2026-04-02T12:28:50.516;111;3,4
2026-04-02T12:28:51.921;109;3,6
2026-04-02T12:28:52.878;108;3,6
2026-04-02T12:28:53.879;107;3,4
2026-04-02T12:28:55.795;108;3,6
2026-04-02T12:28:55.796;109;4,2
2026-04-02T12:28:56.753;110;4,4
2026-04-02T12:28:57.678;112;4,5
2026-04-02T12:28:58.633;113;4,2
2026-04-02T12:28:59.629;114;4,2
2026-04-02T12:29:00.591;115;4,2
2026-04-02T12:29:01.550;115;4,2
2026-04-02T12:29:02.510;115;4,1
2026-04-02T12:29:04.918;116;4,2
2026-04-02T12:29:04.919;116;3,8
2026-04-02T12:29:05.876;116;3,6
2026-04-02T12:29:07.797;116;3,4
2026-04-02T12:29:07.798;116;3,4
2026-04-02T12:29:09.241;116;3,4
2026-04-02T12:29:10.202;116;3,3
2026-04-02T12:29:10.680;115;2,6
2026-04-02T12:29:11.642;114;2,5
2026-04-02T12:29:12.593;114;1,9
2026-04-02T12:29:13.561;114;1,8
2026-04-02T12:29:14.514;113;2,3
2026-04-02T12:29:15.954;112;2,3
2026-04-02T12:29:17.403;111;2,3
2026-04-02T12:29:17.838;111;2,6
2026-04-02T12:29:18.835;112;2,5
2026-04-02T12:29:19.793;112;2,5
2026-04-02T12:29:20.759;112;2,5
2026-04-02T12:29:21.717;111;3,4
2026-04-02T12:29:22.682;110;3,5
2026-04-02T12:29:23.626;108;4,0
2026-04-02T12:29:24.603;107;4,3
2026-04-02T12:29:25.555;105;4,3
2026-04-02T12:29:26.524;105;4,3
2026-04-02T12:29:27.954;105;4,4
2026-04-02T12:29:28.918;106;4,6
2026-04-02T12:29:30.357;107;4,7
2026-04-02T12:29:30.796;108;4,6
2026-04-02T12:29:32.278;108;4,6
2026-04-02T12:29:32.758;108;4,6
2026-04-02T12:29:34.192;108;4,9
2026-04-02T12:29:35.156;106;5,1
2026-04-02T12:29:35.633;106;5,1
2026-04-02T12:29:36.601;105;5,1
2026-04-02T12:29:37.555;105;5,1
2026-04-02T12:29:38.510;106;5,3
2026-04-02T12:29:39.952;108;5,2
2026-04-02T12:29:41.399;108;4,8
2026-04-02T12:29:41.879;107;5,3
2026-04-02T12:29:42.838;106;5,7
2026-04-02T12:29:43.796;105;5,8
2026-04-02T12:29:44.757;104;5,7
2026-04-02T12:29:45.716;104;6,1
2026-04-02T12:29:46.677;105;19,5
2026-04-02T12:29:47.641;105;19,5
2026-04-02T12:29:48.594;107;24,2
2026-04-02T12:29:49.559;109;24,1
2026-04-02T12:29:50.517;111;24,2
2026-04-02T12:29:51.950;113;24,2
2026-04-02T12:29:52.919;115;24,2
2026-04-02T12:29:54.836;115;24,0
2026-04-02T12:29:54.837;116;24,0
2026-04-02T12:29:56.283;116;24,0
2026-04-02T12:29:57.237;115;24,0
2026-04-02T12:29:57.679;113;23,9
2026-04-02T12:29:59.636;111;23,9
2026-04-02T12:29:59.637;111
2026-04-02T12:30:01.561;110;23,9
2026-04-02T12:30:01.561;110;23,8
2026-04-02T12:30:02.520;111;15,0
2026-04-02T12:30:03.963;111;5,0
2026-04-02T12:30:05.396;113;5,3
2026-04-02T12:30:05.883;115;5,2
2026-04-02T12:30:07.315;116;5,2
2026-04-02T12:30:08.280;118;5,1
2026-04-02T12:30:08.771;119;5,1
2026-04-02T12:30:09.715;120;5,1
2026-04-02T12:30:10.679;121;5,1
2026-04-02T12:30:11.642;122;4,5
2026-04-02T12:30:12.600;122;4,0
2026-04-02T12:30:14.032;122;4,0
2026-04-02T12:30:14.478;122;4,3
2026-04-02T12:30:15.964;122;4,5
2026-04-02T12:30:16.916;122;4,3
2026-04-02T12:30:18.359;122;3,7
2026-04-02T12:30:18.796;122;3,2
2026-04-02T12:30:19.788;122;3,1
2026-04-02T12:30:20.758;121;2,9
2026-04-02T12:30:22.203;121;2,9
2026-04-02T12:30:22.636;121;2,8
2026-04-02T12:30:23.639;121;2,8
2026-04-02T12:30:24.607;121;2,8
2026-04-02T12:30:26.035;122;2,8
2026-04-02T12:30:26.516;123;2,8
2026-04-02T12:30:28.914;124;2,8
2026-04-02T12:30:28.915;124;2,4
2026-04-02T12:30:30.352;125;1,8
2026-04-02T12:30:30.785;126;1,8
2026-04-02T12:30:31.796;126;1,7
2026-04-02T12:30:32.766;127;1,6
2026-04-02T12:30:33.721;126;1,9
2026-04-02T12:30:34.674;126;1,9
2026-04-02T12:30:35.632;125;1,9
2026-04-02T12:30:36.599;125;1,9
2026-04-02T12:30:37.556;124;1,9
2026-04-02T12:30:38.520;124;1,8
2026-04-02T12:30:39.958;124;1,8
2026-04-02T12:30:42.352;124;1,8
2026-04-02T12:30:42.353;125;1,7
2026-04-02T12:30:43.797;125;1,6
2026-04-02T12:30:43.798;125;1,4
2026-04-02T12:30:44.755;125;1,4
2026-04-02T12:30:46.688;125;1,4
2026-04-02T12:30:46.689;125;2,2
2026-04-02T12:30:47.639;123;2,6
2026-04-02T12:30:48.596;122;2,8
2026-04-02T12:30:49.556;120;2,8
2026-04-02T12:30:50.519;119;2,8
2026-04-02T12:30:51.957;119;2,8
2026-04-02T12:30:52.916;118;2,8
2026-04-02T12:30:53.882;119;3,0
2026-04-02T12:30:55.805;119;3,0
2026-04-02T12:30:55.806;119;3,0
2026-04-02T12:30:56.765;120;3,1
2026-04-02T12:30:58.208;120;3,1
2026-04-02T12:30:58.639;120;3,3
2026-04-02T12:30:59.640;119;3,3
2026-04-02T12:31:00.586;118;3,9
2026-04-02T12:31:01.558;117;3,5
2026-04-02T12:31:02.515;117;3,2
2026-04-02T12:31:04.925;116;2,9
2026-04-02T12:31:04.925;116;2,9
2026-04-02T12:31:05.881;117;2,9
2026-04-02T12:31:06.835;117;2,9
2026-04-02T12:31:07.804;117;3,0
2026-04-02T12:31:08.753;117;2,8
2026-04-02T12:31:09.718;117;2,9
2026-04-02T12:31:10.678;117;2,8
2026-04-02T12:31:11.634;116;2,8
2026-04-02T12:31:13.080;116;2,8
2026-04-02T12:31:13.518;116;2,5
2026-04-02T12:31:14.519;116;2,5
2026-04-02T12:31:16.433;116;1,5
2026-04-02T12:31:16.915;116;1,5
2026-04-02T12:31:17.878;116;1,5
2026-04-02T12:31:19.317;117;1,5
2026-04-02T12:31:20.276;117;1,5
2026-04-02T12:31:21.719;117;1,5
2026-04-02T12:31:21.720;117;1,5
2026-04-02T12:31:22.680;116;1,3
2026-04-02T12:31:24.118;116;1,3
2026-04-02T12:31:24.559;116;1,2
2026-04-02T12:31:25.556;116;1,1
2026-04-02T12:31:26.479;116;1,1
2026-04-02T12:31:28.445;115;1,8
2026-04-02T12:31:28.918;114;1,8
2026-04-02T12:31:29.892;114;1,8
2026-04-02T12:31:30.836;113;1,8
2026-04-02T12:31:31.797;113;1,8
2026-04-02T12:31:32.760;113;1,8
2026-04-02T12:31:33.715;113;1,8
2026-04-02T12:31:34.678;112;2,1
2026-04-02T12:31:35.634;111;3,0
2026-04-02T12:31:36.606;109;3,3
2026-04-02T12:31:37.579;108;3,4
2026-04-02T12:31:38.520;107;3,3
2026-04-02T12:31:39.967;107;3,6
2026-04-02T12:31:40.916;108;3,8
2026-04-02T12:31:41.882;108;3,8
2026-04-02T12:31:42.838;108;3,8
2026-04-02T12:31:43.816;107;4,3
2026-04-02T12:31:45.730;105;4,6
2026-04-02T12:31:45.731;104;4,9
2026-04-02T12:31:46.680;103;4,9
2026-04-02T12:31:47.660;102;4,9
2026-04-02T12:31:48.603;103;5,6
2026-04-02T12:31:49.560;103;5,6
2026-04-02T12:31:50.523;104;5,6
2026-04-02T12:31:51.963;104;5,4
2026-04-02T12:31:52.923;104;5,4
2026-04-02T12:31:53.876;103;5,4
2026-04-02T12:31:54.842;102;5,5
2026-04-02T12:31:55.796;102;5,5
2026-04-02T12:31:57.254;102;5,5
2026-04-02T12:31:58.206;102;5,7
2026-04-02T12:31:58.636;104;6,0
2026-04-02T12:31:59.635;105;6,2
2026-04-02T12:32:00.599;106;5,7
2026-04-02T12:32:02.521;105;6,6
2026-04-02T12:32:02.521;104;7,1
2026-04-02T12:32:03.965;102;7,1
2026-04-02T12:32:05.402;101;7,3
2026-04-02T12:32:05.837;100;7,4
2026-04-02T12:32:06.837;100;6,9
2026-04-02T12:32:07.800;101;7,3
2026-04-02T12:32:09.240;102;7,6
2026-04-02T12:32:10.200;103;7,4
2026-04-02T12:32:10.690;104;7,3
2026-04-02T12:32:11.637;104;7,2
2026-04-02T12:32:13.084;104;7,3
2026-04-02T12:32:13.565;103;7,6
2026-04-02T12:32:14.516;101;7,7
2026-04-02T12:32:16.441;100;7,4
2026-04-02T12:32:17.359;99;7,4
2026-04-02T12:32:17.840;98;7,5
2026-04-02T12:32:18.799;98;7,5
2026-04-02T12:32:21.717;99;6,1
2026-04-02T12:32:21.718;100;6,1
2026-04-02T12:32:21.719;100;5,8
2026-04-02T12:32:22.639;99;6,1
2026-04-02T12:32:24.079;99;6,2
2026-04-02T12:32:24.563;98;5,9
2026-04-02T12:32:25.563;97;5,5
2026-04-02T12:32:26.512;98;5,4
2026-04-02T12:32:27.961;98;5,5
2026-04-02T12:32:28.924;99;6,0
2026-04-02T12:32:29.873;101;6,5
2026-04-02T12:32:30.837;102;6,5
2026-04-02T12:32:31.802;103;5,8
2026-04-02T12:32:32.750;103;5,9
2026-04-02T12:32:34.192;103;5,7
2026-04-02T12:32:34.638;103;5,7
2026-04-02T12:32:35.646;102;5,6
2026-04-02T12:32:36.541;102;5,2
2026-04-02T12:32:37.502;102;5,3
2026-04-02T12:32:39.473;103;5,3
2026-04-02T12:32:39.959;103;4,9
2026-04-02T12:32:40.912;103;4,8
2026-04-02T12:32:41.873;103;4,7
2026-04-02T12:32:42.835;103;4,8
2026-04-02T12:32:43.799;102;4,6
2026-04-02T12:32:45.723;102;4,6
2026-04-02T12:32:45.724;102;3,8
2026-04-02T12:32:46.624;102;2,7
2026-04-02T12:32:47.599;102;2,7
2026-04-02T12:32:48.559;102;2,7
2026-04-02T12:32:50.039;102;2,3
2026-04-02T12:32:50.479;103;2,2
2026-04-02T12:32:51.964;103;2,2
2026-04-02T12:32:52.918;102;2,2
2026-04-02T12:32:53.886;102;2,3
2026-04-02T12:32:55.801;102;2,1
2026-04-02T12:32:56.236;102;1,9
2026-04-02T12:32:56.757;102;2,5
2026-04-02T12:32:58.688;103;2,6
2026-04-02T12:32:59.118;103;2,4
2026-04-02T12:33:00.603;104;2,4
2026-04-02T12:33:00.604;104;2,4
2026-04-02T12:33:02.039;104;2,3
2026-04-02T12:33:02.479;104;2,5
2026-04-02T12:33:03.960;105;2,5
2026-04-02T12:33:04.931;106;3,7
2026-04-02T12:33:05.882;108;3,7
2026-04-02T12:33:07.279;109;3,8
2026-04-02T12:33:07.757;109;3,8
2026-04-02T12:33:10.202;110;3,7
2026-04-02T12:33:10.204;110;3,7
2026-04-02T12:33:10.682;111;3,7
2026-04-02T12:33:11.637;111;3,7
2026-04-02T12:33:13.075;110;3,4
2026-04-02T12:33:14.040;110;3,3
2026-04-02T12:33:14.476;110;3,3
2026-04-02T12:33:15.965;110;3,4
2026-04-02T12:33:16.881;110;3,3
2026-04-02T12:33:17.840;109;3,5
2026-04-02T12:33:19.322;109;3,4
2026-04-02T12:33:19.760;108;3,7
2026-04-02T12:33:20.763;106;3,1
2026-04-02T12:33:21.717;106;3,1
2026-04-02T12:33:24.111;104;3,4
2026-04-02T12:33:24.112;103;3,3
2026-04-02T12:33:24.591;102;3,3
2026-04-02T12:33:25.557;102;3,4
2026-04-02T12:33:27.001;102;3,5
2026-04-02T12:33:27.954;102;3,5
2026-04-02T12:33:28.915;102;3,5
2026-04-02T12:33:29.873;103;3,4
2026-04-02T12:33:31.327;102;3,6
2026-04-02T12:33:31.742;102;3,6
2026-04-02T12:33:32.754;101;3,8
2026-04-02T12:33:33.721;101;3,8
2026-04-02T12:33:34.680;101;3,6
2026-04-02T12:33:36.597;101;4,5
2026-04-02T12:33:36.598;102;4,3
2026-04-02T12:33:37.564;103;4,1
2026-04-02T12:33:38.999;103;4,1
2026-04-02T12:33:39.959;104;3,8
2026-04-02T12:33:40.918;104;3,8
2026-04-02T12:33:41.888;104;3,8
2026-04-02T12:33:42.835;104;3,7
2026-04-02T12:33:44.761;105;3,6
2026-04-02T12:33:44.762;105;3,6
2026-04-02T12:33:45.724;105;3,6
2026-04-02T12:33:46.679;105;3,6
2026-04-02T12:33:48.598;105;3,4
2026-04-02T12:33:48.599;105;3,3
2026-04-02T12:33:51.006;104;3,2
2026-04-02T12:33:51.007;104;3,2
2026-04-02T12:33:52.445;103;2,1
2026-04-02T12:33:52.915;103;2,1
2026-04-02T12:33:54.839;103;2,1
2026-04-02T12:33:54.840;103;1,9
2026-04-02T12:33:55.802;103;2,1
2026-04-02T12:33:56.766;105;3,0
2026-04-02T12:33:58.683;106;3,0
2026-04-02T12:33:58.684;106;3,0
2026-04-02T12:34:00.601;107;3,0
2026-04-02T12:34:00.602;107;3,0
2026-04-02T12:34:01.560;107;3,0
2026-04-02T12:34:02.514;107;3,0
2026-04-02T12:34:04.440;107;3,0
2026-04-02T12:34:05.397;108;3,1
2026-04-02T12:34:05.837;109;3,2
2026-04-02T12:34:07.318;110;3,4
2026-04-02T12:34:07.759;111;3,2
2026-04-02T12:34:08.761;112;3,3
2026-04-02T12:34:09.714;112;3,2
2026-04-02T12:34:10.686;112;3,1
2026-04-02T12:34:11.640;112;3,0
2026-04-02T12:34:12.602;112;2,3
2026-04-02T12:34:14.997;112;2,2
2026-04-02T12:34:15.440;112;2,2
2026-04-02T12:34:15.958;112;2,2
2026-04-02T12:34:16.923;112;2,2
2026-04-02T12:34:17.879;112;2,3
2026-04-02T12:34:18.840;112;2,2
2026-04-02T12:34:19.796;112;2,2
2026-04-02T12:34:20.785;112;2,1
2026-04-02T12:34:22.197;111;2,1
2026-04-02T12:34:22.685;110;2,7
2026-04-02T12:34:23.645;109;2,8
2026-04-02T12:34:24.592;108;3,0
2026-04-02T12:34:25.551;105;4,6
2026-04-02T12:34:27.001;104;4,7
2026-04-02T12:34:28.439;102;4,8
2026-04-02T12:34:28.918;102;4,9
2026-04-02T12:34:30.836;102;5,3
2026-04-02T12:34:31.279;103;5,4
2026-04-02T12:34:31.801;104;5,8
2026-04-02T12:34:32.762;105;5,8
2026-04-02T12:34:33.719;105;6,0
2026-04-02T12:34:34.676;103;6,8
2026-04-02T12:34:35.646;101;8,3
2026-04-02T12:34:36.604;98;9,1
2026-04-02T12:34:37.557;97;9,1
2026-04-02T12:34:38.999;96;9,2
2026-04-02T12:34:40.440;96;9,6
2026-04-02T12:34:40.880;96;9,4
2026-04-02T12:34:43.320;97;9,8
2026-04-02T12:34:43.321;98;9,1
2026-04-02T12:34:43.758;99;9,1
2026-04-02T12:34:46.199;99;9,0
2026-04-02T12:34:46.200;100;9,0
2026-04-02T12:34:46.639;100;8,9
2026-04-02T12:34:47.640;100;8,7
2026-04-02T12:34:48.596;100;8,6
2026-04-02T12:34:49.562;99;9,2
2026-04-02T12:34:51.479;97;9,2
2026-04-02T12:34:52.469;97;9,1
2026-04-02T12:34:53.361;96;8,6
2026-04-02T12:34:53.838;97;6,4
2026-04-02T12:34:55.803;97;6,6
2026-04-02T12:34:55.804;98;6,7
2026-04-02T12:34:56.761;100;6,8
2026-04-02T12:34:57.725;100;6,2
2026-04-02T12:34:58.686;100;6,0
2026-04-02T12:34:59.641;99;5,8
2026-04-02T12:35:00.563;99;5,8
2026-04-02T12:35:01.563;98;5,8
2026-04-02T12:35:02.480;98;5,8
2026-04-02T12:35:03.921;98;5,8
2026-04-02T12:35:04.880;98;5,8
2026-04-02T12:35:06.801;99;5,7
2026-04-02T12:35:06.804;98;5,4
2026-04-02T12:35:07.762;98;4,4
2026-04-02T12:35:08.720;98;4,4
2026-04-02T12:35:11.641;98;4,2
2026-04-02T12:35:11.642;98;4,1
2026-04-02T12:35:12.119;97;3,8
2026-04-02T12:35:12.560;97;3,1
2026-04-02T12:35:13.562;97;3,1
2026-04-02T12:35:14.518;97;2,7
2026-04-02T12:35:15.956;97;3,2
2026-04-02T12:35:16.920;98;3,1
2026-04-02T12:35:18.366;98;2,8
2026-04-02T12:35:18.800;98;2,8
2026-04-02T12:35:19.805;98;2,8
2026-04-02T12:35:20.760;99;2,8
2026-04-02T12:35:21.722;99;3,1
2026-04-02T12:35:22.673;100;3,3
2026-04-02T12:35:23.601;101;3,4
2026-04-02T12:35:24.600;101;3,4
2026-04-02T12:35:25.561;101;3,4
2026-04-02T12:35:26.516;101;3,5
2026-04-02T12:35:27.956;101;3,5
2026-04-02T12:35:28.920;102;3,9
2026-04-02T12:35:29.880;102;4,1
2026-04-02T12:35:30.833;104;4,4
2026-04-02T12:35:31.802;104;4,5
2026-04-02T12:35:32.758;104;5,1
2026-04-02T12:35:33.722;102;4,8
2026-04-02T12:35:36.111;102;4,8
2026-04-02T12:35:36.605;102;4,9
2026-04-02T12:35:36.606;102;5,1
2026-04-02T12:35:39.003;103;5,4
2026-04-02T12:35:39.004;105;5,3
2026-04-02T12:35:39.917;105;5,2
2026-04-02T12:35:40.918;106;5,2
2026-04-02T12:35:41.913;106;5,2
2026-04-02T12:35:42.888;106;5,2
2026-04-02T12:35:43.768;106;5,1
2026-04-02T12:35:44.721;106;4,9
2026-04-02T12:35:45.680;106;4,7
2026-04-02T12:35:46.675;106;4,3
2026-04-02T12:35:47.653;105;4,4
2026-04-02T12:35:48.608;105;4,2
2026-04-02T12:35:49.567;104;3,3
2026-04-02T12:35:50.526;103;3,3
2026-04-02T12:35:51.966;103;3,4
2026-04-02T12:35:52.923;102;3,2
2026-04-02T12:35:55.322;102;2,5
2026-04-02T12:35:55.323;101;2,4
2026-04-02T12:35:56.284;100;3,4
2026-04-02T12:35:56.720;99;4,5
2026-04-02T12:35:57.720;96;5,0
2026-04-02T12:35:58.689;95;4,9
2026-04-02T12:35:59.646;95;4,9
2026-04-02T12:36:00.604;95;5,6
2026-04-02T12:36:01.562;96;6,4
2026-04-02T12:36:03.009;97;6,6
2026-04-02T12:36:03.964;98;6,6
2026-04-02T12:36:05.397;98;6,6
2026-04-02T12:36:05.884;98;6,9
2026-04-02T12:36:06.840;98;6,9
2026-04-02T12:36:07.802;96;7,2
2026-04-02T12:36:08.758;96;7,3
2026-04-02T12:36:10.684;95;7,3
2026-04-02T12:36:10.685;96;7,5
2026-04-02T12:36:11.649;96;7,6
2026-04-02T12:36:12.596;97;7,7
2026-04-02T12:36:14.042;97;7,6
2026-04-02T12:36:14.521;96;7,1
2026-04-02T12:36:15.964;95;7,8
2026-04-02T12:36:16.921;94;7,9
2026-04-02T12:36:18.369;93;8,0
2026-04-02T12:36:18.800;93;7,9
2026-04-02T12:36:20.756;93;7,0
2026-04-02T12:36:20.757;94;7,0
2026-04-02T12:36:21.721;94;7,0
2026-04-02T12:36:22.682;94;7,0
2026-04-02T12:36:23.639;94;7,8
2026-04-02T12:36:24.561;93;8,2
2026-04-02T12:36:26.483;92;8,1
2026-04-02T12:36:26.485;91;8,1
2026-04-02T12:36:27.922;90;8,0
2026-04-02T12:36:28.880;90;8,1
2026-04-02T12:36:29.840;90;7,9
2026-04-02T12:36:30.801;90;7,9
2026-04-02T12:36:31.761;90;7,8
2026-04-02T12:36:34.191;91;7,5
2026-04-02T12:36:34.192;91;7,4
2026-04-02T12:36:34.675;91;6,3
2026-04-02T12:36:35.635;92;6,2
2026-04-02T12:36:36.602;92;6,2
2026-04-02T12:36:37.559;93;6,1
2026-04-02T12:36:38.521;93;6,1
2026-04-02T12:36:39.954;94;5,9
2026-04-02T12:36:40.925;94;6,0
2026-04-02T12:36:41.883;95;6,0
2026-04-02T12:36:42.840;95;4,7
2026-04-02T12:36:43.805;96;3,4
2026-04-02T12:36:44.763;96;2,9
2026-04-02T12:36:46.679;95;3,9
2026-04-02T12:36:46.679;94;4,2
2026-04-02T12:36:47.639;93;4,2
2026-04-02T12:36:48.596;93;4,7
2026-04-02T12:36:49.503;93;4,7
2026-04-02T12:36:50.494;93;5,1
2026-04-02T12:36:51.943;94;5,1
2026-04-02T12:36:52.882;95;5,0
2026-04-02T12:36:54.323;95;5,0
2026-04-02T12:36:55.762;95;5,2
2026-04-02T12:36:55.766;94;5,8
2026-04-02T12:36:56.748;94;5,7
2026-04-02T12:36:58.158;93;5,8
2026-04-02T12:36:58.638;92;5,8
2026-04-02T12:36:59.641;92;5,8
2026-04-02T12:37:00.593;92;5,8
2026-04-02T12:37:02.003;93;6,2
2026-04-02T12:37:02.482;93;6,2
2026-04-02T12:37:04.922;94;5,8
2026-04-02T12:37:05.414;94;5,7
2026-04-02T12:37:05.837;95;5,3
2026-04-02T12:37:06.843;95;5,4
2026-04-02T12:37:07.797;96;5,2
2026-04-02T12:37:08.757;97;5,2
2026-04-02T12:37:10.682;97;4,6
2026-04-02T12:37:10.683;97;4,6
2026-04-02T12:37:11.641;97;4,6
2026-04-02T12:37:12.607;97;4,4
2026-04-02T12:37:15.005;97;3,5
2026-04-02T12:37:15.006;98;3,5
2026-04-02T12:37:15.973;99;3,6
2026-04-02T12:37:16.882;99;3,6
2026-04-02T12:37:17.881;99;3,6
2026-04-02T12:37:18.843;99;3,2
2026-04-02T12:37:19.798;98;3,7
2026-04-02T12:37:20.722;97;3,6
2026-04-02T12:37:22.161;97;3,6
2026-04-02T12:37:22.641;96;3,6
2026-04-02T12:37:23.643;96;3,6
2026-04-02T12:37:24.600;97;3,7
2026-04-02T12:37:25.558;97;3,3
2026-04-02T12:37:26.520;97;3,3
2026-04-02T12:37:27.963;97;3,3
2026-04-02T12:37:28.920;96;3,3
2026-04-02T12:37:29.891;96;3,3
2026-04-02T12:37:30.839;97;3,7
2026-04-02T12:37:31.803;97;3,7
2026-04-02T12:37:33.253;97;3,7
2026-04-02T12:37:33.680;97;3,7
2026-04-02T12:37:34.681;95;4,9
2026-04-02T12:37:35.648;94;5,0
2026-04-02T12:37:36.611;94;5,0
2026-04-02T12:37:37.566;94;4,7
2026-04-02T12:37:38.520;95;6,1
2026-04-02T12:37:39.961;95;6,1
2026-04-02T12:37:40.926;96;6,2
2026-04-02T12:37:41.877;97;6,2
2026-04-02T12:37:43.318;97;6,2
2026-04-02T12:37:43.805;96;6,4
2026-04-02T12:37:44.761;96;6,4
2026-04-02T12:37:45.723;96;6,4
2026-04-02T12:37:46.679;96;6,5
2026-04-02T12:37:47.637;97;6,6
2026-04-02T12:37:49.562;98;6,6
2026-04-02T12:37:49.562;98;6,6
2026-04-02T12:37:51.001;98;6,8
2026-04-02T12:37:51.921;97;7,1
2026-04-02T12:37:52.925;96;6,8
2026-04-02T12:37:53.882;95;6,8
2026-04-02T12:37:54.838;94;6,7
2026-04-02T12:37:56.279;94;6,8
2026-04-02T12:37:56.709;95;6,7
2026-04-02T12:37:58.198;96;6,5
2026-04-02T12:37:58.688;97;6,5
2026-04-02T12:37:59.649;98;6,5
2026-04-02T12:38:00.602;97;7,0
2026-04-02T12:38:01.555;97;7,2
2026-04-02T12:38:02.518;96;7,3
2026-04-02T12:38:04.441;95;7,3
2026-04-02T12:38:05.401;95;7,2
2026-04-02T12:38:06.368;94;7,1
2026-04-02T12:38:06.801;94;7,1
2026-04-02T12:38:07.802;93;7,6
2026-04-02T12:38:08.765;91;7,8
2026-04-02T12:38:09.726;91;7,6
2026-04-02T12:38:11.639;90;7,4
2026-04-02T12:38:11.640;90;6,9
2026-04-02T12:38:12.600;90;7,7
2026-04-02T12:38:14.520;91;8,0
2026-04-02T12:38:14.520;92;7,7
2026-04-02T12:38:15.959;92;7,3
2026-04-02T12:38:16.918;92;7,7
2026-04-02T12:38:17.881;92;8,0
2026-04-02T12:38:18.840;91;8,0
2026-04-02T12:38:19.801;91;7,5
2026-04-02T12:38:21.721;91;7,3
2026-04-02T12:38:21.722;91;7,7
2026-04-02T12:38:22.668;92;7,7
2026-04-02T12:38:23.640;92;7,7
2026-04-02T12:38:25.561;92;7,7
2026-04-02T12:38:25.562;92;7,8
2026-04-02T12:38:26.513;92;7,3
2026-04-02T12:38:27.963;91;7,3
2026-04-02T12:38:29.402;91;7,3
2026-04-02T12:38:29.881;90;7,3
2026-04-02T12:38:30.844;91;8,4
2026-04-02T12:38:31.804;92;8,0
2026-04-02T12:38:32.766;93;8,1
2026-04-02T12:38:33.725;94;8,1
2026-04-02T12:38:34.690;95;8,1
2026-04-02T12:38:35.656;96;7,4
2026-04-02T12:38:37.559;96;7,1
2026-04-02T12:38:37.560;97;7,1
2026-04-02T12:38:38.525;97;7,0
2026-04-02T12:38:39.960;97;6,9
2026-04-02T12:38:40.919;98;6,5
2026-04-02T12:38:41.876;98;6,5
2026-04-02T12:38:42.846;98;6,5
2026-04-02T12:38:44.768;98;6,2
2026-04-02T12:38:44.769;98;6,2
2026-04-02T12:38:45.719;97;6,1
2026-04-02T12:38:46.686;97;6,1
2026-04-02T12:38:47.652;97;6,1
2026-04-02T12:38:48.606;97;4,6
2026-04-02T12:38:49.559;98;3,9
2026-04-02T12:38:50.524;98;3,3
2026-04-02T12:38:52.441;97;3,4
2026-04-02T12:38:52.924;97;3,6
2026-04-02T12:38:54.364;95;4,5
2026-04-02T12:38:54.798;95;4,5
2026-04-02T12:38:55.805;94;4,4
2026-04-02T12:38:56.765;94;4,7
2026-04-02T12:38:57.728;94;4,9
2026-04-02T12:38:58.688;95;5,1
2026-04-02T12:38:59.648;96;5,1
2026-04-02T12:39:00.563;95;5,6
2026-04-02T12:39:01.570;95;5,7
2026-04-02T12:39:02.514;94;5,6
2026-04-02T12:39:03.957;94;5,4
2026-04-02T12:39:04.915;94;5,5
2026-04-02T12:39:05.879;95;6,1
2026-04-02T12:39:06.841;96;6,1
2026-04-02T12:39:08.280;96;6,0
2026-04-02T12:39:08.760;96;6,0
2026-04-02T12:39:09.714;96;6,3
2026-04-02T12:39:10.680;96;6,2
2026-04-02T12:39:11.644;96;5,8
2026-04-02T12:39:12.605;97;6,2
2026-04-02T12:39:13.561;98;6,1
2026-04-02T12:39:15.967;98;6,5
2026-04-02T12:39:15.969;98;6,6
2026-04-02T12:39:16.882;100;6,6
2026-04-02T12:39:17.883;102;6,3
2026-04-02T12:39:18.841;103;6,2
2026-04-02T12:39:19.795;103;6,2
2026-04-02T12:39:20.760;103;6,3
2026-04-02T12:39:21.689;103;5,6
2026-04-02T12:39:22.736;103;5,6
2026-04-02T12:39:24.121;103;5,6
2026-04-02T12:39:24.595;103;5,6
2026-04-02T12:39:26.056;103;5,1
2026-04-02T12:39:26.481;103;5,3
2026-04-02T12:39:27.968;101;5,7
2026-04-02T12:39:28.925;100;6,0
2026-04-02T12:39:29.879;98;5,8
2026-04-02T12:39:30.843;98;5,9
2026-04-02T12:39:31.800;97;5,8
2026-04-02T12:39:32.760;97;4,8
2026-04-02T12:39:33.724;97;5,7
2026-04-02T12:39:34.683;99;5,8
2026-04-02T12:39:35.640;100;6,1
2026-04-02T12:39:37.080;100;6,1
2026-04-02T12:39:38.520;101;6,0
2026-04-02T12:39:38.521;101;6,6
2026-04-02T12:39:39.963;100;6,6
2026-04-02T12:39:40.921;100;6,7
2026-04-02T12:39:41.884;99;6,7
2026-04-02T12:39:42.847;99;6,7
2026-04-02T12:39:43.803;99;6,8
2026-04-02T12:39:44.761;100;6,6
2026-04-02T12:39:45.724;101;6,7
2026-04-02T12:39:46.678;102;6,5
2026-04-02T12:39:47.639;103;6,3
2026-04-02T12:39:48.599;104;6,3
2026-04-02T12:39:49.558;104;6,1
2026-04-02T12:39:50.514;104;5,9
2026-04-02T12:39:51.963;103;5,9
2026-04-02T12:39:53.403;102;5,8
2026-04-02T12:39:53.884;101;5,9
2026-04-02T12:39:54.852;100;5,8
2026-04-02T12:39:55.797;100;5,9
2026-04-02T12:39:57.721;100;5,3
2026-04-02T12:39:57.722;100;5,1
2026-04-02T12:39:58.680;100;5,3
2026-04-02T12:39:59.648;98;6,0
2026-04-02T12:40:00.614;98;6,0
2026-04-02T12:40:02.524;96;6,0
2026-04-02T12:40:02.525;95;6,0
2026-04-02T12:40:03.963;95;5,5
2026-04-02T12:40:04.924;95;5,6
2026-04-02T12:40:05.883;95;5,7
2026-04-02T12:40:06.841;95;5,9
2026-04-02T12:40:07.802;96;5,9
2026-04-02T12:40:08.766;96;5,2
2026-04-02T12:40:09.726;97;5,1
2026-04-02T12:40:10.688;97;5,2
2026-04-02T12:40:11.650;96;5,1
2026-04-02T12:40:12.605;96;5,1
2026-04-02T12:40:13.565;96;5,0
2026-04-02T12:40:14.517;97;5,3
2026-04-02T12:40:15.965;97;5,3
2026-04-02T12:40:16.923;97;5,2
2026-04-02T12:40:17.882;97;4,8
2026-04-02T12:40:18.839;96;4,8
2026-04-02T12:40:19.811;96;4,4
2026-04-02T12:40:21.244;96;4,4
2026-04-02T12:40:21.683;96;4,4
2026-04-02T12:40:22.662;97;4,7
2026-04-02T12:40:23.648;97;4,7
2026-04-02T12:40:24.599;98;4,5
2026-04-02T12:40:25.554;99;4,5
2026-04-02T12:40:26.515;98;5,5
2026-04-02T12:40:27.961;97;7,5
2026-04-02T12:40:29.402;95;8,0
2026-04-02T12:40:29.843;93;8,0
2026-04-02T12:40:30.844;92;8,1
2026-04-02T12:40:31.802;92;8,3
2026-04-02T12:40:32.760;93;8,8
2026-04-02T12:40:33.701;94;9,1
2026-04-02T12:40:35.644;96;9,3
2026-04-02T12:40:36.128;96;9,1
2026-04-02T12:40:36.562;96;9,4
2026-04-02T12:40:37.565;96;9,5
2026-04-02T12:40:38.518;95;9,9
2026-04-02T12:40:39.967;92;11,3
2026-04-02T12:40:41.405;91;11,3
2026-04-02T12:40:41.844;90;11,2
2026-04-02T12:40:42.842;91;11,2
2026-04-02T12:40:43.802;91;12,7
2026-04-02T12:40:44.766;92;12,7
2026-04-02T12:40:45.730;92;12,3
2026-04-02T12:40:46.687;92;11,4
2026-04-02T12:40:47.649;92;11,0
2026-04-02T12:40:49.566;91;11,2
2026-04-02T12:40:49.567;89;11,9
2026-04-02T12:40:50.519;88;12,5
2026-04-02T12:40:51.966;87;12,4
2026-04-02T12:40:52.924;85;12,5
2026-04-02T12:40:53.881;84;12,4
2026-04-02T12:40:54.840;84;12,3
2026-04-02T12:40:55.813;83;12,5
2026-04-02T12:40:56.762;83;12,9
2026-04-02T12:40:57.724;83;13,1
2026-04-02T12:40:58.681;83;12,7
2026-04-02T12:40:59.637;83;11,8
2026-04-02T12:41:00.599;83;11,7
2026-04-02T12:41:01.524;82;13,3
2026-04-02T12:41:03.010;80;14,6
2026-04-02T12:41:03.922;79;14,6
2026-04-02T12:41:04.938;79;14,6
2026-04-02T12:41:05.924;78;15,0
2026-04-02T12:41:06.803;78;15,0
2026-04-02T12:41:07.800;79;15,5
2026-04-02T12:41:08.757;80;16,0
2026-04-02T12:41:09.727;80;16,0
2026-04-02T12:41:10.682;80;15,8
2026-04-02T12:41:11.643;81;15,6
2026-04-02T12:41:12.597;80;15,1
2026-04-02T12:41:13.557;80;15,7
2026-04-02T12:41:14.529;80;15,3
2026-04-02T12:41:15.967;79;15,1
2026-04-02T12:41:16.914;78;16,8
2026-04-02T12:41:17.885;77;16,8
2026-04-02T12:41:18.850;77;16,6
2026-04-02T12:41:19.809;76;16,3
2026-04-02T12:41:20.764;76;16,0
2026-04-02T12:41:21.725;76;16,0
2026-04-02T12:41:22.685;76;15,9
2026-04-02T12:41:23.640;75;17,0
2026-04-02T12:41:24.614;75;15,7
2026-04-02T12:41:26.044;74;14,8
2026-04-02T12:41:26.481;73;14,8
2026-04-02T12:41:27.960;73;14,8
2026-04-02T12:41:28.919;74;17,3
2026-04-02T12:41:29.881;75;17,8
2026-04-02T12:41:30.838;77;18,0
2026-04-02T12:41:31.798;77;18,0
2026-04-02T12:41:32.763;78;18,2
2026-04-02T12:41:33.722;80;18,2
2026-04-02T12:41:34.679;81;17,9
2026-04-02T12:41:35.643;82;17,4
2026-04-02T12:41:36.601;82;17,4
2026-04-02T12:41:37.567;83;17,4
2026-04-02T12:41:38.524;82;16,4
2026-04-02T12:41:39.971;82;17,7
2026-04-02T12:41:40.891;81;17,8
2026-04-02T12:41:41.896;81;18,6
2026-04-02T12:41:42.791;79;18,6
2026-04-02T12:41:43.802;79;18,8
2026-04-02T12:41:45.722;79;18,9
2026-04-02T12:41:45.723;79;18,0
2026-04-02T12:41:46.688;79;17,8
2026-04-02T12:41:47.603;79;17,7
2026-04-02T12:41:48.602;79;17,7
2026-04-02T12:41:49.561;79;14,1
2026-04-02T12:41:50.521;79;13,9
2026-04-02T12:41:51.962;80;11,6
2026-04-02T12:41:52.920;80;11,7
2026-04-02T12:41:53.885;81;11,6
2026-04-02T12:41:54.842;82;11,7
2026-04-02T12:41:55.799;82;11,7
2026-04-02T12:41:56.757;83;11,7
2026-04-02T12:41:57.720;82;12,6
2026-04-02T12:41:58.686;82;12,9
2026-04-02T12:41:59.645;81;15,4
2026-04-02T12:42:00.605;79;17,3
2026-04-02T12:42:01.559;78;15,5
2026-04-02T12:42:02.523;78;17,9
2026-04-02T12:42:03.966;78;17,9
2026-04-02T12:42:04.930;79;18,0
2026-04-02T12:42:05.888;79;17,9
2026-04-02T12:42:06.843;80;17,9
2026-04-02T12:42:07.809;80;17,9
2026-04-02T12:42:09.728;80;18,7
2026-04-02T12:42:09.729;80;19,0
2026-04-02T12:42:11.161;79;19,9
2026-04-02T12:42:11.651;78;19,8
2026-04-02T12:42:12.608;78;19,9
2026-04-02T12:42:13.566;78;19,9
2026-04-02T12:42:14.522;78;20,4
2026-04-02T12:42:16.919;78;20,4
2026-04-02T12:42:16.920;79;20,5
2026-04-02T12:42:17.883;79;20,5
2026-04-02T12:42:18.841;80;20,8
2026-04-02T12:42:20.755;81;20,3
2026-04-02T12:42:20.756;81;20,2
2026-04-02T12:42:21.723;83;16,5
2026-04-02T12:42:23.160;83;16,5
2026-04-02T12:42:24.120;84;13,9
2026-04-02T12:42:24.561;84;13,8
2026-04-02T12:42:25.562;84;12,7
2026-04-02T12:42:26.521;84;12,6
2026-04-02T12:42:28.442;84;12,4
2026-04-02T12:42:29.885;84;12,5
2026-04-02T12:42:29.886;84;11,4
2026-04-02T12:42:30.847;85;9,3
2026-04-02T12:42:31.807;85;9,3
2026-04-02T12:42:32.762;85;9,3
2026-04-02T12:42:33.724;85;9,1
2026-04-02T12:42:35.648;84;10,9
2026-04-02T12:42:35.649;81;13,8
2026-04-02T12:42:36.610;80;13,8
2026-04-02T12:42:37.561;80;13,4
2026-04-02T12:42:38.525;80;15,9
2026-04-02T12:42:39.955;80;16,2
2026-04-02T12:42:40.923;81;16,2
2026-04-02T12:42:41.876;81;16,2
2026-04-02T12:42:42.846;81;16,1
2026-04-02T12:42:43.800;82;16,1
2026-04-02T12:42:44.768;82;16,1
2026-04-02T12:42:45.724;82;16,5
2026-04-02T12:42:46.675;82;16,5
2026-04-02T12:42:47.665;81;16,5
2026-04-02T12:42:48.582;79;23,6
2026-04-02T12:42:49.539;78;23,6
2026-04-02T12:42:50.483;77;23,6
2026-04-02T12:42:51.969;77;27,1
2026-04-02T12:42:53.887;77;27,7
2026-04-02T12:42:53.888;78;28,0
2026-04-02T12:42:54.851;79;28,0
2026-04-02T12:42:55.801;79;27,9
2026-04-02T12:42:56.760;79;26,0
2026-04-02T12:42:57.717;79;25,5
2026-04-02T12:42:58.690;80;26,2
2026-04-02T12:42:59.647;81;25,0
2026-04-02T12:43:01.562;83;24,6
2026-04-02T12:43:01.562;84;24,6
2026-04-02T12:43:02.523;84;24,6
2026-04-02T12:43:03.964;85;24,6
2026-04-02T12:43:05.407;85;24,6
2026-04-02T12:43:05.891;85;24,9
2026-04-02T12:43:07.322;84;24,6
2026-04-02T12:43:07.763;84;24,6
2026-04-02T12:43:08.761;85;20,1
2026-04-02T12:43:11.639;85;17,9
2026-04-02T12:43:11.640;85;17,9
2026-04-02T12:43:11.641;85;16,8
2026-04-02T12:43:12.597;85;11,7
2026-04-02T12:43:13.566;85;10,9
2026-04-02T12:43:15.008;84;11,4
2026-04-02T12:43:15.973;82;16,5
2026-04-02T12:43:16.931;79;21,2
2026-04-02T12:43:17.880;78;21,1
2026-04-02T12:43:19.283;77;21,5
2026-04-02T12:43:20.226;77;24,1
2026-04-02T12:43:20.719;77;23,6
2026-04-02T12:43:21.716;78;23,5
2026-04-02T12:43:22.678;78;23,4
2026-04-02T12:43:23.647;78;23,5
2026-04-02T12:43:24.598;78;23,8
2026-04-02T12:43:25.569;77;23,7
2026-04-02T12:43:26.524;77;24,0
2026-04-02T12:43:27.962;78;23,8
2026-04-02T12:43:28.940;78;23,7
2026-04-02T12:43:29.881;78;24,0
2026-04-02T12:43:30.845;79;24,2
2026-04-02T12:43:32.288;80;24,4
2026-04-02T12:43:33.242;81;24,3
2026-04-02T12:43:34.624;81;24,6
2026-04-02T12:43:34.625;81
2026-04-02T12:43:35.587;79;26,7
2026-04-02T12:43:37.986;79;26,5
